0 0.115234375 0.578125 0.11328125 0.580078125 0.115234375 0.58203125 0.115234375 0.583984375 0.109375 0.58984375 0.111328125 0.587890625 0.11328125 0.587890625 0.115234375 0.58984375 0.1171875 0.58984375 0.119140625 0.587890625 0.12109375 0.587890625 0.123046875 0.58984375 0.12109375 0.591796875 0.123046875 0.58984375 0.12109375 0.587890625 0.119140625 0.587890625 0.115234375 0.583984375 0.115234375 0.58203125 0.11328125 0.580078125
0 0.3203125 0.3671875 0.31640625 0.37109375 0.3125 0.37109375 0.31640625 0.375 0.31640625 0.376953125 0.318359375 0.376953125 0.3203125 0.375 0.318359375 0.373046875 0.318359375 0.369140625
0 0.0 0.13671875 0.0 0.140625 0.001953125 0.142578125 0.001953125 0.14453125 0.0 0.146484375 0.001953125 0.146484375 0.001953125 0.142578125 0.00390625 0.140625 0.00390625 0.138671875 0.005859375 0.13671875 0.0078125 0.13671875
0 0.8125 0.125 0.810546875 0.126953125 0.80859375 0.126953125 0.810546875 0.12890625 0.810546875 0.13671875 0.80859375 0.138671875 0.8125 0.134765625 0.81640625 0.134765625 0.81640625 0.1328125 0.818359375 0.130859375 0.8203125 0.130859375 0.818359375 0.12890625 0.818359375 0.126953125 0.81640625 0.125 0.814453125 0.126953125
0 0.568359375 0.115234375 0.568359375 0.1171875 0.56640625 0.119140625 0.564453125 0.119140625 0.5625 0.12109375 0.564453125 0.119140625 0.56640625 0.119140625 0.568359375 0.1171875 0.5703125 0.1171875 0.57421875 0.12109375 0.576171875 0.119140625 0.576171875 0.115234375 0.57421875 0.115234375 0.572265625 0.1171875 0.5703125 0.1171875
1 0.115234375 0.578125 0.11328125 0.580078125 0.115234375 0.58203125 0.115234375 0.583984375 0.109375 0.58984375 0.111328125 0.587890625 0.11328125 0.587890625 0.115234375 0.58984375 0.1171875 0.58984375 0.119140625 0.587890625 0.12109375 0.587890625 0.123046875 0.58984375 0.12109375 0.591796875 0.123046875 0.58984375 0.12109375 0.587890625 0.119140625 0.587890625 0.115234375 0.583984375 0.115234375 0.58203125 0.11328125 0.580078125
1 0.3203125 0.3671875 0.31640625 0.37109375 0.3125 0.37109375 0.31640625 0.375 0.31640625 0.376953125 0.318359375 0.376953125 0.3203125 0.375 0.318359375 0.373046875 0.318359375 0.369140625
1 0.0 0.13671875 0.0 0.140625 0.001953125 0.142578125 0.001953125 0.14453125 0.0 0.146484375 0.001953125 0.146484375 0.001953125 0.142578125 0.00390625 0.140625 0.00390625 0.138671875 0.005859375 0.13671875 0.0078125 0.13671875
1 0.8125 0.125 0.810546875 0.126953125 0.80859375 0.126953125 0.810546875 0.12890625 0.810546875 0.13671875 0.80859375 0.138671875 0.8125 0.134765625 0.81640625 0.134765625 0.81640625 0.1328125 0.818359375 0.130859375 0.8203125 0.130859375 0.818359375 0.12890625 0.818359375 0.126953125 0.81640625 0.125 0.814453125 0.126953125
1 0.568359375 0.115234375 0.568359375 0.1171875 0.56640625 0.119140625 0.564453125 0.119140625 0.5625 0.12109375 0.564453125 0.119140625 0.56640625 0.119140625 0.568359375 0.1171875 0.5703125 0.1171875 0.57421875 0.12109375 0.576171875 0.119140625 0.576171875 0.115234375 0.57421875 0.115234375 0.572265625 0.1171875 0.5703125 0.1171875
