0 0.2421875 0.38671875 0.236328125 0.392578125 0.240234375 0.388671875 0.2421875 0.390625 0.2421875 0.392578125 0.240234375 0.39453125 0.2421875 0.392578125 0.24609375 0.392578125 0.248046875 0.390625 0.24609375 0.390625 0.244140625 0.388671875 0.244140625 0.38671875
0 0.546875 0.291015625 0.548828125 0.29296875 0.548828125 0.294921875 0.544921875 0.298828125 0.54296875 0.298828125 0.544921875 0.30078125 0.548828125 0.30078125 0.55078125 0.302734375 0.552734375 0.30078125 0.552734375 0.294921875 0.55078125 0.294921875
0 0.330078125 0.251953125 0.328125 0.25390625 0.330078125 0.255859375 0.33203125 0.255859375 0.333984375 0.2578125 0.33203125 0.259765625 0.333984375 0.26171875 0.33203125 0.263671875 0.333984375 0.26171875 0.3359375 0.26171875 0.333984375 0.259765625 0.3359375 0.2578125 0.337890625 0.2578125 0.337890625 0.255859375 0.33984375 0.25390625 0.337890625 0.251953125 0.333984375 0.255859375 0.330078125 0.255859375 0.328125 0.25390625
0 0.0234375 0.2265625 0.025390625 0.2265625 0.02734375 0.228515625 0.025390625 0.23046875 0.02734375 0.232421875 0.02734375 0.234375 0.029296875 0.236328125 0.029296875 0.234375 0.03125 0.232421875 0.033203125 0.232421875 0.03125 0.23046875 0.029296875 0.23046875 0.025390625 0.2265625
0 0.880859375 0.125 0.87890625 0.126953125 0.880859375 0.12890625 0.880859375 0.130859375 0.8828125 0.1328125 0.8828125 0.130859375 0.884765625 0.12890625 0.888671875 0.12890625 0.88671875 0.12890625 0.884765625 0.126953125 0.8828125 0.126953125
0 0.26953125 0.0625 0.271484375 0.064453125 0.26953125 0.06640625 0.271484375 0.068359375 0.26953125 0.0703125 0.267578125 0.0703125 0.265625 0.072265625 0.267578125 0.07421875 0.265625 0.072265625 0.267578125 0.0703125 0.271484375 0.0703125 0.275390625 0.07421875 0.27734375 0.072265625 0.275390625 0.0703125 0.275390625 0.068359375 0.2734375 0.068359375 0.271484375 0.06640625 0.2734375 0.064453125 0.271484375 0.064453125
1 0.2421875 0.38671875 0.236328125 0.392578125 0.240234375 0.388671875 0.2421875 0.390625 0.2421875 0.392578125 0.240234375 0.39453125 0.2421875 0.392578125 0.24609375 0.392578125 0.248046875 0.390625 0.24609375 0.390625 0.244140625 0.388671875 0.244140625 0.38671875
1 0.546875 0.291015625 0.548828125 0.29296875 0.548828125 0.294921875 0.544921875 0.298828125 0.54296875 0.298828125 0.544921875 0.30078125 0.548828125 0.30078125 0.55078125 0.302734375 0.552734375 0.30078125 0.552734375 0.294921875 0.55078125 0.294921875
1 0.330078125 0.251953125 0.328125 0.25390625 0.330078125 0.255859375 0.33203125 0.255859375 0.333984375 0.2578125 0.33203125 0.259765625 0.333984375 0.26171875 0.33203125 0.263671875 0.333984375 0.26171875 0.3359375 0.26171875 0.333984375 0.259765625 0.3359375 0.2578125 0.337890625 0.2578125 0.337890625 0.255859375 0.33984375 0.25390625 0.337890625 0.251953125 0.333984375 0.255859375 0.330078125 0.255859375 0.328125 0.25390625
1 0.0234375 0.2265625 0.025390625 0.2265625 0.02734375 0.228515625 0.025390625 0.23046875 0.02734375 0.232421875 0.02734375 0.234375 0.029296875 0.236328125 0.029296875 0.234375 0.03125 0.232421875 0.033203125 0.232421875 0.03125 0.23046875 0.029296875 0.23046875 0.025390625 0.2265625
1 0.880859375 0.125 0.87890625 0.126953125 0.880859375 0.12890625 0.880859375 0.130859375 0.8828125 0.1328125 0.8828125 0.130859375 0.884765625 0.12890625 0.888671875 0.12890625 0.88671875 0.12890625 0.884765625 0.126953125 0.8828125 0.126953125
1 0.26953125 0.0625 0.271484375 0.064453125 0.26953125 0.06640625 0.271484375 0.068359375 0.26953125 0.0703125 0.267578125 0.0703125 0.265625 0.072265625 0.267578125 0.07421875 0.265625 0.072265625 0.267578125 0.0703125 0.271484375 0.0703125 0.275390625 0.07421875 0.27734375 0.072265625 0.275390625 0.0703125 0.275390625 0.068359375 0.2734375 0.068359375 0.271484375 0.06640625 0.2734375 0.064453125 0.271484375 0.064453125
