0 0.44140625 0.96484375 0.44140625 0.96875 0.439453125 0.970703125 0.44140625 0.97265625 0.439453125 0.974609375 0.4375 0.974609375 0.439453125 0.974609375 0.44140625 0.97265625 0.443359375 0.97265625 0.4453125 0.970703125 0.447265625 0.970703125 0.44921875 0.97265625 0.447265625 0.974609375 0.44921875 0.97265625 0.4453125 0.96875 0.4453125 0.966796875 0.443359375 0.96484375
0 0.693359375 0.84765625 0.69140625 0.849609375 0.6875 0.849609375 0.689453125 0.8515625 0.6875 0.853515625 0.693359375 0.853515625 0.693359375 0.8515625 0.6953125 0.849609375 0.697265625 0.8515625 0.69921875 0.849609375 0.697265625 0.8515625
0 0.771484375 0.640625 0.7734375 0.642578125 0.76953125 0.646484375 0.767578125 0.64453125 0.76953125 0.646484375 0.765625 0.650390625 0.765625 0.654296875 0.771484375 0.654296875 0.76953125 0.65234375 0.76953125 0.650390625 0.767578125 0.6484375 0.7734375 0.642578125
0 0.705078125 0.4453125 0.705078125 0.447265625 0.703125 0.44921875 0.703125 0.451171875 0.705078125 0.453125 0.705078125 0.455078125 0.705078125 0.453125 0.708984375 0.44921875 0.7109375 0.44921875 0.708984375 0.44921875
0 0.5859375 0.34375 0.583984375 0.345703125 0.58203125 0.345703125 0.583984375 0.345703125 0.5859375 0.34765625 0.5859375 0.349609375 0.583984375 0.3515625 0.58203125 0.349609375 0.580078125 0.349609375 0.58203125 0.349609375 0.583984375 0.3515625 0.58203125 0.353515625 0.580078125 0.353515625 0.580078125 0.36328125 0.58203125 0.36328125 0.583984375 0.365234375 0.58203125 0.3671875 0.580078125 0.3671875 0.58203125 0.3671875 0.583984375 0.365234375 0.5859375 0.3671875 0.5859375 0.369140625 0.583984375 0.37109375 0.58203125 0.37109375 0.583984375 0.37109375 0.5859375 0.373046875 0.583984375 0.37109375 0.5859375 0.369140625 0.5859375 0.3671875 0.58203125 0.36328125 0.58203125 0.361328125 0.583984375 0.359375 0.583984375 0.357421875 0.58203125 0.35546875 0.58203125 0.353515625 0.5859375 0.349609375 0.5859375 0.34765625 0.583984375 0.345703125
0 0.833984375 0.33203125 0.83203125 0.333984375 0.8359375 0.337890625 0.837890625 0.337890625 0.83984375 0.3359375 0.83984375 0.333984375 0.841796875 0.33203125 0.83984375 0.333984375 0.837890625 0.33203125
1 0.44140625 0.96484375 0.44140625 0.96875 0.439453125 0.970703125 0.44140625 0.97265625 0.439453125 0.974609375 0.4375 0.974609375 0.439453125 0.974609375 0.44140625 0.97265625 0.443359375 0.97265625 0.4453125 0.970703125 0.447265625 0.970703125 0.44921875 0.97265625 0.447265625 0.974609375 0.44921875 0.97265625 0.4453125 0.96875 0.4453125 0.966796875 0.443359375 0.96484375
1 0.693359375 0.84765625 0.69140625 0.849609375 0.6875 0.849609375 0.689453125 0.8515625 0.6875 0.853515625 0.693359375 0.853515625 0.693359375 0.8515625 0.6953125 0.849609375 0.697265625 0.8515625 0.69921875 0.849609375 0.697265625 0.8515625
1 0.771484375 0.640625 0.7734375 0.642578125 0.76953125 0.646484375 0.767578125 0.64453125 0.76953125 0.646484375 0.765625 0.650390625 0.765625 0.654296875 0.771484375 0.654296875 0.76953125 0.65234375 0.76953125 0.650390625 0.767578125 0.6484375 0.7734375 0.642578125
1 0.705078125 0.4453125 0.705078125 0.447265625 0.703125 0.44921875 0.703125 0.451171875 0.705078125 0.453125 0.705078125 0.455078125 0.705078125 0.453125 0.708984375 0.44921875 0.7109375 0.44921875 0.708984375 0.44921875
1 0.5859375 0.34375 0.583984375 0.345703125 0.58203125 0.345703125 0.583984375 0.345703125 0.5859375 0.34765625 0.5859375 0.349609375 0.583984375 0.3515625 0.58203125 0.349609375 0.580078125 0.349609375 0.58203125 0.349609375 0.583984375 0.3515625 0.58203125 0.353515625 0.580078125 0.353515625 0.580078125 0.36328125 0.58203125 0.36328125 0.583984375 0.365234375 0.58203125 0.3671875 0.580078125 0.3671875 0.58203125 0.3671875 0.583984375 0.365234375 0.5859375 0.3671875 0.5859375 0.369140625 0.583984375 0.37109375 0.58203125 0.37109375 0.583984375 0.37109375 0.5859375 0.373046875 0.583984375 0.37109375 0.5859375 0.369140625 0.5859375 0.3671875 0.58203125 0.36328125 0.58203125 0.361328125 0.583984375 0.359375 0.583984375 0.357421875 0.58203125 0.35546875 0.58203125 0.353515625 0.5859375 0.349609375 0.5859375 0.34765625 0.583984375 0.345703125
1 0.833984375 0.33203125 0.83203125 0.333984375 0.8359375 0.337890625 0.837890625 0.337890625 0.83984375 0.3359375 0.83984375 0.333984375 0.841796875 0.33203125 0.83984375 0.333984375 0.837890625 0.33203125
