0 0.7734375 0.921875 0.771484375 0.923828125 0.76953125 0.923828125 0.771484375 0.923828125 0.7734375 0.92578125 0.7734375 0.927734375 0.771484375 0.9296875 0.76953125 0.927734375 0.767578125 0.927734375 0.76953125 0.927734375 0.771484375 0.9296875 0.76953125 0.931640625 0.767578125 0.931640625 0.767578125 0.939453125 0.76953125 0.9375 0.771484375 0.939453125 0.771484375 0.935546875 0.76953125 0.93359375 0.76953125 0.931640625 0.7734375 0.927734375 0.7734375 0.92578125 0.771484375 0.923828125
0 0.609375 0.90625 0.607421875 0.908203125 0.607421875 0.912109375 0.609375 0.91015625 0.611328125 0.912109375 0.611328125 0.9140625 0.615234375 0.9140625 0.61328125 0.9140625 0.611328125 0.912109375 0.61328125 0.91015625 0.615234375 0.91015625 0.61328125 0.91015625 0.611328125 0.908203125 0.611328125 0.90625
0 0.62890625 0.8359375 0.625 0.83984375 0.623046875 0.83984375 0.62109375 0.841796875 0.62109375 0.84375 0.623046875 0.845703125 0.625 0.845703125 0.626953125 0.84375 0.626953125 0.841796875 0.62890625 0.83984375 0.626953125 0.837890625 0.62890625 0.8359375 0.630859375 0.8359375
0 0.833984375 0.71875 0.83203125 0.720703125 0.83203125 0.72265625 0.830078125 0.724609375 0.830078125 0.7265625 0.833984375 0.73046875 0.830078125 0.7265625 0.83203125 0.724609375 0.833984375 0.724609375 0.8359375 0.7265625 0.833984375 0.724609375 0.837890625 0.720703125 0.83984375 0.72265625 0.83984375 0.724609375 0.83984375 0.72265625 0.8359375 0.71875
0 0.71875 0.71875 0.720703125 0.720703125 0.720703125 0.72265625 0.72265625 0.724609375 0.720703125 0.7265625 0.7265625 0.7265625 0.728515625 0.724609375 0.728515625 0.72265625 0.73046875 0.720703125 0.728515625 0.72265625 0.7265625 0.72265625 0.724609375 0.720703125 0.72265625 0.72265625
0 0.8046875 0.6875 0.796875 0.6953125 0.798828125 0.693359375 0.802734375 0.697265625 0.802734375 0.693359375 0.8046875 0.69140625 0.806640625 0.693359375 0.806640625 0.6953125 0.806640625 0.693359375 0.80859375 0.69140625 0.810546875 0.693359375 0.80859375 0.69140625 0.810546875 0.689453125 0.80859375 0.689453125 0.80859375 0.69140625 0.806640625 0.693359375 0.802734375 0.689453125
1 0.7734375 0.921875 0.771484375 0.923828125 0.76953125 0.923828125 0.771484375 0.923828125 0.7734375 0.92578125 0.7734375 0.927734375 0.771484375 0.9296875 0.76953125 0.927734375 0.767578125 0.927734375 0.76953125 0.927734375 0.771484375 0.9296875 0.76953125 0.931640625 0.767578125 0.931640625 0.767578125 0.939453125 0.76953125 0.9375 0.771484375 0.939453125 0.771484375 0.935546875 0.76953125 0.93359375 0.76953125 0.931640625 0.7734375 0.927734375 0.7734375 0.92578125 0.771484375 0.923828125
1 0.609375 0.90625 0.607421875 0.908203125 0.607421875 0.912109375 0.609375 0.91015625 0.611328125 0.912109375 0.611328125 0.9140625 0.615234375 0.9140625 0.61328125 0.9140625 0.611328125 0.912109375 0.61328125 0.91015625 0.615234375 0.91015625 0.61328125 0.91015625 0.611328125 0.908203125 0.611328125 0.90625
1 0.62890625 0.8359375 0.625 0.83984375 0.623046875 0.83984375 0.62109375 0.841796875 0.62109375 0.84375 0.623046875 0.845703125 0.625 0.845703125 0.626953125 0.84375 0.626953125 0.841796875 0.62890625 0.83984375 0.626953125 0.837890625 0.62890625 0.8359375 0.630859375 0.8359375
1 0.833984375 0.71875 0.83203125 0.720703125 0.83203125 0.72265625 0.830078125 0.724609375 0.830078125 0.7265625 0.833984375 0.73046875 0.830078125 0.7265625 0.83203125 0.724609375 0.833984375 0.724609375 0.8359375 0.7265625 0.833984375 0.724609375 0.837890625 0.720703125 0.83984375 0.72265625 0.83984375 0.724609375 0.83984375 0.72265625 0.8359375 0.71875
1 0.71875 0.71875 0.720703125 0.720703125 0.720703125 0.72265625 0.72265625 0.724609375 0.720703125 0.7265625 0.7265625 0.7265625 0.728515625 0.724609375 0.728515625 0.72265625 0.73046875 0.720703125 0.728515625 0.72265625 0.7265625 0.72265625 0.724609375 0.720703125 0.72265625 0.72265625
1 0.8046875 0.6875 0.796875 0.6953125 0.798828125 0.693359375 0.802734375 0.697265625 0.802734375 0.693359375 0.8046875 0.69140625 0.806640625 0.693359375 0.806640625 0.6953125 0.806640625 0.693359375 0.80859375 0.69140625 0.810546875 0.693359375 0.80859375 0.69140625 0.810546875 0.689453125 0.80859375 0.689453125 0.80859375 0.69140625 0.806640625 0.693359375 0.802734375 0.689453125
