0 0.259765625 0.208984375 0.2578125 0.2109375 0.259765625 0.212890625 0.259765625 0.216796875 0.263671875 0.216796875 0.265625 0.21484375 0.267578125 0.21484375 0.265625 0.212890625 0.267578125 0.2109375 0.271484375 0.2109375 0.26171875 0.2109375
0 0.380859375 0.201171875 0.37890625 0.203125 0.376953125 0.203125 0.380859375 0.20703125 0.380859375 0.208984375 0.3828125 0.208984375 0.384765625 0.2109375 0.3828125 0.212890625 0.38671875 0.208984375 0.38671875 0.203125 0.384765625 0.201171875
0 0.462890625 0.1953125 0.46484375 0.197265625 0.462890625 0.19921875 0.4609375 0.19921875 0.45703125 0.203125 0.458984375 0.205078125 0.458984375 0.20703125 0.4609375 0.208984375 0.458984375 0.2109375 0.4609375 0.208984375 0.46484375 0.208984375 0.466796875 0.2109375 0.46484375 0.212890625 0.466796875 0.2109375 0.46484375 0.208984375 0.466796875 0.20703125 0.46875 0.20703125 0.470703125 0.205078125 0.474609375 0.205078125 0.470703125 0.205078125 0.46875 0.203125 0.46875 0.201171875 0.470703125 0.19921875 0.474609375 0.19921875 0.470703125 0.19921875 0.46875 0.197265625 0.46484375 0.197265625
0 0.6796875 0.177734375 0.677734375 0.1796875 0.6796875 0.181640625 0.677734375 0.18359375 0.6796875 0.18359375 0.681640625 0.185546875 0.685546875 0.181640625 0.68359375 0.1796875 0.68359375 0.177734375 0.68359375 0.1796875 0.681640625 0.181640625 0.6796875 0.1796875
0 0.66796875 0.173828125 0.666015625 0.17578125 0.6640625 0.17578125 0.666015625 0.17578125 0.66796875 0.177734375 0.666015625 0.1796875 0.658203125 0.1796875 0.658203125 0.18359375 0.66015625 0.185546875 0.662109375 0.185546875 0.6640625 0.18359375 0.6640625 0.181640625 0.666015625 0.1796875 0.66796875 0.181640625 0.666015625 0.1796875 0.66796875 0.177734375 0.666015625 0.17578125
0 0.33984375 0.171875 0.33984375 0.17578125 0.341796875 0.177734375 0.345703125 0.173828125 0.349609375 0.173828125 0.345703125 0.173828125 0.34375 0.171875
0 0.14453125 0.15625 0.142578125 0.158203125 0.140625 0.158203125 0.142578125 0.158203125 0.14453125 0.16015625 0.140625 0.1640625 0.140625 0.166015625 0.14453125 0.169921875 0.146484375 0.169921875 0.15234375 0.1640625 0.15234375 0.162109375 0.154296875 0.16015625 0.15234375 0.158203125 0.154296875 0.16015625 0.15234375 0.162109375 0.15234375 0.1640625 0.150390625 0.166015625 0.1484375 0.166015625 0.146484375 0.1640625 0.1484375 0.162109375 0.146484375 0.1640625 0.14453125 0.1640625 0.142578125 0.162109375 0.14453125 0.16015625 0.142578125 0.158203125
0 0.103515625 0.15234375 0.1015625 0.154296875 0.103515625 0.15625 0.103515625 0.158203125 0.1015625 0.16015625 0.103515625 0.16015625 0.10546875 0.162109375 0.109375 0.162109375 0.109375 0.15625 0.107421875 0.154296875 0.10546875 0.154296875
0 0.578125 0.140625 0.580078125 0.142578125 0.580078125 0.14453125 0.578125 0.146484375 0.578125 0.1484375 0.580078125 0.150390625 0.580078125 0.15234375 0.578125 0.154296875 0.578125 0.16015625 0.580078125 0.162109375 0.580078125 0.1640625 0.58203125 0.1640625 0.583984375 0.166015625 0.5859375 0.166015625 0.587890625 0.16796875 0.58984375 0.16796875 0.591796875 0.166015625 0.58984375 0.16796875 0.587890625 0.166015625 0.587890625 0.1640625 0.58984375 0.162109375 0.58984375 0.15625 0.591796875 0.154296875 0.58984375 0.15234375 0.591796875 0.150390625 0.58984375 0.15234375 0.587890625 0.15234375 0.5859375 0.150390625 0.5859375 0.1484375 0.583984375 0.1484375 0.58203125 0.150390625 0.580078125 0.150390625 0.578125 0.1484375 0.578125 0.146484375 0.580078125 0.14453125 0.580078125 0.142578125
0 0.033203125 0.13671875 0.033203125 0.138671875 0.03125 0.140625 0.029296875 0.140625 0.029296875 0.150390625 0.03125 0.150390625 0.033203125 0.1484375 0.03515625 0.1484375 0.037109375 0.150390625 0.03515625 0.15234375 0.03515625 0.154296875 0.03515625 0.15234375 0.041015625 0.146484375 0.0390625 0.1484375 0.037109375 0.146484375 0.037109375 0.142578125 0.033203125 0.138671875
0 0.1484375 0.1171875 0.1484375 0.119140625 0.146484375 0.12109375 0.1484375 0.12109375 0.150390625 0.123046875 0.15234375 0.123046875 0.15234375 0.119140625 0.154296875 0.1171875
0 0.302734375 0.09375 0.302734375 0.099609375 0.3046875 0.1015625 0.302734375 0.103515625 0.3046875 0.10546875 0.302734375 0.107421875 0.306640625 0.103515625 0.3046875 0.1015625 0.30859375 0.09765625 0.310546875 0.09765625 0.30859375 0.095703125 0.30859375 0.09375
0 0.123046875 0.08984375 0.12109375 0.091796875 0.12109375 0.095703125 0.119140625 0.09765625 0.1171875 0.09765625 0.119140625 0.09765625 0.12109375 0.099609375 0.119140625 0.1015625 0.1171875 0.1015625 0.12109375 0.1015625 0.12109375 0.099609375 0.123046875 0.09765625 0.125 0.09765625 0.126953125 0.095703125 0.130859375 0.095703125 0.126953125 0.095703125 0.123046875 0.091796875
0 0.265625 0.0703125 0.267578125 0.072265625 0.267578125 0.07421875 0.263671875 0.078125 0.263671875 0.08203125 0.259765625 0.0859375 0.259765625 0.087890625 0.259765625 0.0859375 0.26171875 0.083984375 0.263671875 0.0859375 0.265625 0.083984375 0.267578125 0.083984375 0.26953125 0.08203125 0.271484375 0.08203125 0.26953125 0.080078125 0.26953125 0.076171875 0.267578125 0.07421875 0.267578125 0.0703125
0 0.708984375 0.068359375 0.705078125 0.072265625 0.703125 0.0703125 0.705078125 0.072265625 0.705078125 0.07421875 0.703125 0.076171875 0.703125 0.08203125 0.70703125 0.0859375 0.7109375 0.08203125 0.712890625 0.08203125 0.71484375 0.083984375 0.716796875 0.08203125 0.71484375 0.083984375 0.712890625 0.08203125 0.712890625 0.078125 0.71484375 0.076171875 0.712890625 0.076171875 0.7109375 0.07421875 0.712890625 0.072265625 0.712890625 0.0703125 0.7109375 0.072265625 0.708984375 0.072265625 0.70703125 0.0703125
0 0.189453125 0.052734375 0.189453125 0.0546875 0.1875 0.056640625 0.185546875 0.056640625 0.18359375 0.05859375 0.1796875 0.05859375 0.18359375 0.05859375 0.189453125 0.064453125 0.189453125 0.06640625 0.1875 0.068359375 0.189453125 0.068359375 0.189453125 0.064453125 0.193359375 0.060546875 0.1953125 0.0625 0.1953125 0.06640625 0.1953125 0.0625 0.193359375 0.060546875 0.19140625 0.0625 0.189453125 0.060546875 0.189453125 0.05859375 0.19140625 0.056640625 0.193359375 0.056640625 0.19140625 0.056640625 0.189453125 0.0546875 0.19140625 0.052734375 0.193359375 0.052734375
0 0.03125 0.048828125 0.03515625 0.052734375 0.037109375 0.052734375 0.0390625 0.0546875 0.03515625 0.05859375 0.03515625 0.064453125 0.033203125 0.06640625 0.03125 0.064453125 0.033203125 0.06640625 0.03125 0.068359375 0.033203125 0.06640625 0.03515625 0.068359375 0.03515625 0.072265625 0.033203125 0.07421875 0.03125 0.072265625 0.033203125 0.07421875 0.037109375 0.0703125 0.0390625 0.072265625 0.041015625 0.0703125 0.044921875 0.0703125 0.04296875 0.068359375 0.044921875 0.06640625 0.044921875 0.060546875 0.04296875 0.05859375 0.044921875 0.056640625 0.04296875 0.05859375 0.037109375 0.052734375 0.03515625 0.052734375 0.033203125 0.05078125 0.03515625 0.048828125 0.033203125 0.05078125
0 0.033203125 0.03125 0.03125 0.033203125 0.03125 0.037109375 0.033203125 0.0390625 0.03125 0.041015625 0.03125 0.04296875 0.033203125 0.044921875 0.03125 0.04296875 0.03125 0.041015625 0.033203125 0.0390625 0.03515625 0.0390625 0.037109375 0.037109375 0.037109375 0.03515625 0.041015625 0.03125 0.0390625 0.033203125 0.037109375 0.03125
0 0.421875 0.0234375 0.423828125 0.025390625 0.423828125 0.02734375 0.421875 0.029296875 0.419921875 0.02734375 0.416015625 0.02734375 0.4140625 0.025390625 0.412109375 0.02734375 0.4140625 0.029296875 0.412109375 0.03125 0.408203125 0.03125 0.41015625 0.03125 0.412109375 0.033203125 0.412109375 0.0390625 0.4140625 0.041015625 0.412109375 0.04296875 0.41796875 0.04296875 0.419921875 0.044921875 0.421875 0.04296875 0.423828125 0.044921875 0.42578125 0.044921875 0.427734375 0.04296875 0.427734375 0.041015625 0.42578125 0.0390625 0.42578125 0.037109375 0.423828125 0.03515625 0.423828125 0.033203125 0.42578125 0.03125 0.42578125 0.029296875 0.423828125 0.02734375 0.423828125 0.0234375
0 0.361328125 0.01953125 0.361328125 0.021484375 0.365234375 0.025390625 0.36328125 0.02734375 0.36328125 0.029296875 0.359375 0.033203125 0.361328125 0.03125 0.36328125 0.033203125 0.36328125 0.03515625 0.361328125 0.037109375 0.365234375 0.041015625 0.3671875 0.0390625 0.369140625 0.0390625 0.37109375 0.041015625 0.37109375 0.037109375 0.373046875 0.03515625 0.373046875 0.02734375 0.37109375 0.02734375 0.3671875 0.0234375 0.365234375 0.025390625 0.361328125 0.021484375
0 0.19921875 0.005859375 0.1953125 0.009765625 0.19140625 0.009765625 0.193359375 0.01171875 0.19140625 0.013671875 0.1953125 0.017578125 0.197265625 0.017578125 0.197265625 0.015625 0.201171875 0.01171875 0.197265625 0.0078125
0 0.24609375 0.0 0.2421875 0.00390625 0.244140625 0.005859375 0.2421875 0.0078125 0.23828125 0.0078125 0.236328125 0.009765625 0.234375 0.009765625 0.232421875 0.01171875 0.236328125 0.015625 0.236328125 0.017578125 0.234375 0.01953125 0.236328125 0.017578125 0.240234375 0.017578125 0.2421875 0.01953125 0.244140625 0.01953125 0.24609375 0.021484375 0.244140625 0.0234375 0.24609375 0.021484375 0.244140625 0.01953125 0.24609375 0.017578125 0.244140625 0.015625 0.244140625 0.009765625 0.2421875 0.0078125 0.244140625 0.005859375 0.24609375 0.005859375 0.248046875 0.00390625 0.24609375 0.005859375 0.244140625 0.005859375 0.2421875 0.00390625
1 0.259765625 0.208984375 0.2578125 0.2109375 0.259765625 0.212890625 0.259765625 0.216796875 0.263671875 0.216796875 0.265625 0.21484375 0.267578125 0.21484375 0.265625 0.212890625 0.267578125 0.2109375 0.271484375 0.2109375 0.26171875 0.2109375
1 0.380859375 0.201171875 0.37890625 0.203125 0.376953125 0.203125 0.380859375 0.20703125 0.380859375 0.208984375 0.3828125 0.208984375 0.384765625 0.2109375 0.3828125 0.212890625 0.38671875 0.208984375 0.38671875 0.203125 0.384765625 0.201171875
1 0.462890625 0.1953125 0.46484375 0.197265625 0.462890625 0.19921875 0.4609375 0.19921875 0.45703125 0.203125 0.458984375 0.205078125 0.458984375 0.20703125 0.4609375 0.208984375 0.458984375 0.2109375 0.4609375 0.208984375 0.46484375 0.208984375 0.466796875 0.2109375 0.46484375 0.212890625 0.466796875 0.2109375 0.46484375 0.208984375 0.466796875 0.20703125 0.46875 0.20703125 0.470703125 0.205078125 0.474609375 0.205078125 0.470703125 0.205078125 0.46875 0.203125 0.46875 0.201171875 0.470703125 0.19921875 0.474609375 0.19921875 0.470703125 0.19921875 0.46875 0.197265625 0.46484375 0.197265625
1 0.6796875 0.177734375 0.677734375 0.1796875 0.6796875 0.181640625 0.677734375 0.18359375 0.6796875 0.18359375 0.681640625 0.185546875 0.685546875 0.181640625 0.68359375 0.1796875 0.68359375 0.177734375 0.68359375 0.1796875 0.681640625 0.181640625 0.6796875 0.1796875
1 0.66796875 0.173828125 0.666015625 0.17578125 0.6640625 0.17578125 0.666015625 0.17578125 0.66796875 0.177734375 0.666015625 0.1796875 0.658203125 0.1796875 0.658203125 0.18359375 0.66015625 0.185546875 0.662109375 0.185546875 0.6640625 0.18359375 0.6640625 0.181640625 0.666015625 0.1796875 0.66796875 0.181640625 0.666015625 0.1796875 0.66796875 0.177734375 0.666015625 0.17578125
1 0.33984375 0.171875 0.33984375 0.17578125 0.341796875 0.177734375 0.345703125 0.173828125 0.349609375 0.173828125 0.345703125 0.173828125 0.34375 0.171875
1 0.14453125 0.15625 0.142578125 0.158203125 0.140625 0.158203125 0.142578125 0.158203125 0.14453125 0.16015625 0.140625 0.1640625 0.140625 0.166015625 0.14453125 0.169921875 0.146484375 0.169921875 0.15234375 0.1640625 0.15234375 0.162109375 0.154296875 0.16015625 0.15234375 0.158203125 0.154296875 0.16015625 0.15234375 0.162109375 0.15234375 0.1640625 0.150390625 0.166015625 0.1484375 0.166015625 0.146484375 0.1640625 0.1484375 0.162109375 0.146484375 0.1640625 0.14453125 0.1640625 0.142578125 0.162109375 0.14453125 0.16015625 0.142578125 0.158203125
1 0.103515625 0.15234375 0.1015625 0.154296875 0.103515625 0.15625 0.103515625 0.158203125 0.1015625 0.16015625 0.103515625 0.16015625 0.10546875 0.162109375 0.109375 0.162109375 0.109375 0.15625 0.107421875 0.154296875 0.10546875 0.154296875
1 0.578125 0.140625 0.580078125 0.142578125 0.580078125 0.14453125 0.578125 0.146484375 0.578125 0.1484375 0.580078125 0.150390625 0.580078125 0.15234375 0.578125 0.154296875 0.578125 0.16015625 0.580078125 0.162109375 0.580078125 0.1640625 0.58203125 0.1640625 0.583984375 0.166015625 0.5859375 0.166015625 0.587890625 0.16796875 0.58984375 0.16796875 0.591796875 0.166015625 0.58984375 0.16796875 0.587890625 0.166015625 0.587890625 0.1640625 0.58984375 0.162109375 0.58984375 0.15625 0.591796875 0.154296875 0.58984375 0.15234375 0.591796875 0.150390625 0.58984375 0.15234375 0.587890625 0.15234375 0.5859375 0.150390625 0.5859375 0.1484375 0.583984375 0.1484375 0.58203125 0.150390625 0.580078125 0.150390625 0.578125 0.1484375 0.578125 0.146484375 0.580078125 0.14453125 0.580078125 0.142578125
1 0.033203125 0.13671875 0.033203125 0.138671875 0.03125 0.140625 0.029296875 0.140625 0.029296875 0.150390625 0.03125 0.150390625 0.033203125 0.1484375 0.03515625 0.1484375 0.037109375 0.150390625 0.03515625 0.15234375 0.03515625 0.154296875 0.03515625 0.15234375 0.041015625 0.146484375 0.0390625 0.1484375 0.037109375 0.146484375 0.037109375 0.142578125 0.033203125 0.138671875
1 0.1484375 0.1171875 0.1484375 0.119140625 0.146484375 0.12109375 0.1484375 0.12109375 0.150390625 0.123046875 0.15234375 0.123046875 0.15234375 0.119140625 0.154296875 0.1171875
1 0.302734375 0.09375 0.302734375 0.099609375 0.3046875 0.1015625 0.302734375 0.103515625 0.3046875 0.10546875 0.302734375 0.107421875 0.306640625 0.103515625 0.3046875 0.1015625 0.30859375 0.09765625 0.310546875 0.09765625 0.30859375 0.095703125 0.30859375 0.09375
1 0.123046875 0.08984375 0.12109375 0.091796875 0.12109375 0.095703125 0.119140625 0.09765625 0.1171875 0.09765625 0.119140625 0.09765625 0.12109375 0.099609375 0.119140625 0.1015625 0.1171875 0.1015625 0.12109375 0.1015625 0.12109375 0.099609375 0.123046875 0.09765625 0.125 0.09765625 0.126953125 0.095703125 0.130859375 0.095703125 0.126953125 0.095703125 0.123046875 0.091796875
1 0.265625 0.0703125 0.267578125 0.072265625 0.267578125 0.07421875 0.263671875 0.078125 0.263671875 0.08203125 0.259765625 0.0859375 0.259765625 0.087890625 0.259765625 0.0859375 0.26171875 0.083984375 0.263671875 0.0859375 0.265625 0.083984375 0.267578125 0.083984375 0.26953125 0.08203125 0.271484375 0.08203125 0.26953125 0.080078125 0.26953125 0.076171875 0.267578125 0.07421875 0.267578125 0.0703125
1 0.708984375 0.068359375 0.705078125 0.072265625 0.703125 0.0703125 0.705078125 0.072265625 0.705078125 0.07421875 0.703125 0.076171875 0.703125 0.08203125 0.70703125 0.0859375 0.7109375 0.08203125 0.712890625 0.08203125 0.71484375 0.083984375 0.716796875 0.08203125 0.71484375 0.083984375 0.712890625 0.08203125 0.712890625 0.078125 0.71484375 0.076171875 0.712890625 0.076171875 0.7109375 0.07421875 0.712890625 0.072265625 0.712890625 0.0703125 0.7109375 0.072265625 0.708984375 0.072265625 0.70703125 0.0703125
1 0.189453125 0.052734375 0.189453125 0.0546875 0.1875 0.056640625 0.185546875 0.056640625 0.18359375 0.05859375 0.1796875 0.05859375 0.18359375 0.05859375 0.189453125 0.064453125 0.189453125 0.06640625 0.1875 0.068359375 0.189453125 0.068359375 0.189453125 0.064453125 0.193359375 0.060546875 0.1953125 0.0625 0.1953125 0.06640625 0.1953125 0.0625 0.193359375 0.060546875 0.19140625 0.0625 0.189453125 0.060546875 0.189453125 0.05859375 0.19140625 0.056640625 0.193359375 0.056640625 0.19140625 0.056640625 0.189453125 0.0546875 0.19140625 0.052734375 0.193359375 0.052734375
1 0.03125 0.048828125 0.03515625 0.052734375 0.037109375 0.052734375 0.0390625 0.0546875 0.03515625 0.05859375 0.03515625 0.064453125 0.033203125 0.06640625 0.03125 0.064453125 0.033203125 0.06640625 0.03125 0.068359375 0.033203125 0.06640625 0.03515625 0.068359375 0.03515625 0.072265625 0.033203125 0.07421875 0.03125 0.072265625 0.033203125 0.07421875 0.037109375 0.0703125 0.0390625 0.072265625 0.041015625 0.0703125 0.044921875 0.0703125 0.04296875 0.068359375 0.044921875 0.06640625 0.044921875 0.060546875 0.04296875 0.05859375 0.044921875 0.056640625 0.04296875 0.05859375 0.037109375 0.052734375 0.03515625 0.052734375 0.033203125 0.05078125 0.03515625 0.048828125 0.033203125 0.05078125
1 0.033203125 0.03125 0.03125 0.033203125 0.03125 0.037109375 0.033203125 0.0390625 0.03125 0.041015625 0.03125 0.04296875 0.033203125 0.044921875 0.03125 0.04296875 0.03125 0.041015625 0.033203125 0.0390625 0.03515625 0.0390625 0.037109375 0.037109375 0.037109375 0.03515625 0.041015625 0.03125 0.0390625 0.033203125 0.037109375 0.03125
1 0.421875 0.0234375 0.423828125 0.025390625 0.423828125 0.02734375 0.421875 0.029296875 0.419921875 0.02734375 0.416015625 0.02734375 0.4140625 0.025390625 0.412109375 0.02734375 0.4140625 0.029296875 0.412109375 0.03125 0.408203125 0.03125 0.41015625 0.03125 0.412109375 0.033203125 0.412109375 0.0390625 0.4140625 0.041015625 0.412109375 0.04296875 0.41796875 0.04296875 0.419921875 0.044921875 0.421875 0.04296875 0.423828125 0.044921875 0.42578125 0.044921875 0.427734375 0.04296875 0.427734375 0.041015625 0.42578125 0.0390625 0.42578125 0.037109375 0.423828125 0.03515625 0.423828125 0.033203125 0.42578125 0.03125 0.42578125 0.029296875 0.423828125 0.02734375 0.423828125 0.0234375
1 0.361328125 0.01953125 0.361328125 0.021484375 0.365234375 0.025390625 0.36328125 0.02734375 0.36328125 0.029296875 0.359375 0.033203125 0.361328125 0.03125 0.36328125 0.033203125 0.36328125 0.03515625 0.361328125 0.037109375 0.365234375 0.041015625 0.3671875 0.0390625 0.369140625 0.0390625 0.37109375 0.041015625 0.37109375 0.037109375 0.373046875 0.03515625 0.373046875 0.02734375 0.37109375 0.02734375 0.3671875 0.0234375 0.365234375 0.025390625 0.361328125 0.021484375
1 0.19921875 0.005859375 0.1953125 0.009765625 0.19140625 0.009765625 0.193359375 0.01171875 0.19140625 0.013671875 0.1953125 0.017578125 0.197265625 0.017578125 0.197265625 0.015625 0.201171875 0.01171875 0.197265625 0.0078125
1 0.24609375 0.0 0.2421875 0.00390625 0.244140625 0.005859375 0.2421875 0.0078125 0.23828125 0.0078125 0.236328125 0.009765625 0.234375 0.009765625 0.232421875 0.01171875 0.236328125 0.015625 0.236328125 0.017578125 0.234375 0.01953125 0.236328125 0.017578125 0.240234375 0.017578125 0.2421875 0.01953125 0.244140625 0.01953125 0.24609375 0.021484375 0.244140625 0.0234375 0.24609375 0.021484375 0.244140625 0.01953125 0.24609375 0.017578125 0.244140625 0.015625 0.244140625 0.009765625 0.2421875 0.0078125 0.244140625 0.005859375 0.24609375 0.005859375 0.248046875 0.00390625 0.24609375 0.005859375 0.244140625 0.005859375 0.2421875 0.00390625
