0 0.03125 0.486328125 0.029296875 0.48828125 0.03125 0.490234375 0.029296875 0.4921875 0.02734375 0.4921875 0.02734375 0.494140625 0.025390625 0.49609375 0.029296875 0.49609375 0.03125 0.494140625 0.03125 0.490234375 0.033203125 0.48828125 0.03515625 0.48828125 0.033203125 0.48828125
0 0.955078125 0.328125 0.955078125 0.333984375 0.953125 0.3359375 0.955078125 0.3359375 0.958984375 0.33203125 0.958984375 0.328125 0.95703125 0.330078125
0 0.21875 0.068359375 0.216796875 0.0703125 0.208984375 0.0703125 0.2109375 0.0703125 0.212890625 0.072265625 0.2109375 0.07421875 0.216796875 0.07421875 0.21875 0.072265625 0.220703125 0.072265625 0.21875 0.072265625 0.216796875 0.0703125
0 0.2734375 0.0390625 0.275390625 0.0390625 0.27734375 0.041015625 0.275390625 0.04296875 0.27734375 0.044921875 0.27734375 0.046875 0.279296875 0.048828125 0.28125 0.048828125 0.283203125 0.046875 0.283203125 0.044921875 0.28125 0.04296875 0.279296875 0.04296875 0.275390625 0.0390625
0 0.703125 0.0 0.703125 0.00390625 0.705078125 0.005859375 0.70703125 0.00390625 0.708984375 0.005859375 0.7109375 0.005859375 0.708984375 0.005859375 0.70703125 0.00390625 0.708984375 0.001953125 0.7109375 0.001953125 0.708984375 0.001953125 0.70703125 0.0
1 0.03125 0.486328125 0.029296875 0.48828125 0.03125 0.490234375 0.029296875 0.4921875 0.02734375 0.4921875 0.02734375 0.494140625 0.025390625 0.49609375 0.029296875 0.49609375 0.03125 0.494140625 0.03125 0.490234375 0.033203125 0.48828125 0.03515625 0.48828125 0.033203125 0.48828125
1 0.955078125 0.328125 0.955078125 0.333984375 0.953125 0.3359375 0.955078125 0.3359375 0.958984375 0.33203125 0.958984375 0.328125 0.95703125 0.330078125
1 0.21875 0.068359375 0.216796875 0.0703125 0.208984375 0.0703125 0.2109375 0.0703125 0.212890625 0.072265625 0.2109375 0.07421875 0.216796875 0.07421875 0.21875 0.072265625 0.220703125 0.072265625 0.21875 0.072265625 0.216796875 0.0703125
1 0.2734375 0.0390625 0.275390625 0.0390625 0.27734375 0.041015625 0.275390625 0.04296875 0.27734375 0.044921875 0.27734375 0.046875 0.279296875 0.048828125 0.28125 0.048828125 0.283203125 0.046875 0.283203125 0.044921875 0.28125 0.04296875 0.279296875 0.04296875 0.275390625 0.0390625
1 0.703125 0.0 0.703125 0.00390625 0.705078125 0.005859375 0.70703125 0.00390625 0.708984375 0.005859375 0.7109375 0.005859375 0.708984375 0.005859375 0.70703125 0.00390625 0.708984375 0.001953125 0.7109375 0.001953125 0.708984375 0.001953125 0.70703125 0.0
