0 0.998046875 0.8359375 0.99609375 0.837890625 0.994140625 0.837890625 0.994140625 0.84375 0.99609375 0.845703125 0.99609375 0.849609375 0.998046875 0.849609375 0.99609375 0.84765625 0.99609375 0.845703125 0.998046875 0.84375 0.998046875 0.841796875 0.99609375 0.83984375 0.99609375 0.837890625
0 0.611328125 0.6953125 0.609375 0.697265625 0.609375 0.701171875 0.61328125 0.701171875 0.615234375 0.69921875 0.6171875 0.69921875 0.615234375 0.69921875 0.61328125 0.697265625 0.615234375 0.6953125 0.6171875 0.6953125 0.615234375 0.6953125 0.61328125 0.697265625
0 0.70703125 0.658203125 0.705078125 0.66015625 0.70703125 0.662109375 0.70703125 0.6640625 0.708984375 0.6640625 0.7109375 0.666015625 0.708984375 0.66796875 0.7109375 0.66796875 0.712890625 0.669921875 0.7109375 0.66796875 0.712890625 0.666015625 0.7109375 0.6640625 0.712890625 0.662109375 0.71484375 0.662109375 0.716796875 0.66015625 0.71484375 0.658203125 0.716796875 0.66015625 0.71484375 0.662109375 0.7109375 0.662109375
0 0.86328125 0.640625 0.861328125 0.642578125 0.859375 0.642578125 0.859375 0.6484375 0.861328125 0.650390625 0.86328125 0.650390625 0.865234375 0.65234375 0.86328125 0.650390625 0.86328125 0.64453125 0.865234375 0.642578125 0.8671875 0.64453125 0.869140625 0.64453125 0.87109375 0.642578125 0.869140625 0.64453125 0.8671875 0.64453125 0.865234375 0.642578125 0.8671875 0.640625 0.865234375 0.642578125
0 0.7109375 0.5625 0.7109375 0.564453125 0.708984375 0.56640625 0.70703125 0.564453125 0.705078125 0.56640625 0.70703125 0.568359375 0.705078125 0.5703125 0.708984375 0.56640625 0.7109375 0.568359375 0.712890625 0.568359375 0.71484375 0.56640625 0.716796875 0.56640625 0.71484375 0.56640625 0.712890625 0.564453125 0.71484375 0.5625 0.712890625 0.564453125
0 0.892578125 0.515625 0.892578125 0.521484375 0.890625 0.5234375 0.892578125 0.5234375 0.896484375 0.51953125 0.896484375 0.515625 0.89453125 0.517578125
0 0.90234375 0.486328125 0.8984375 0.490234375 0.896484375 0.48828125 0.890625 0.48828125 0.896484375 0.494140625 0.896484375 0.4921875 0.900390625 0.48828125 0.90234375 0.490234375 0.900390625 0.48828125
0 0.97265625 0.328125 0.96875 0.33203125 0.96875 0.337890625 0.970703125 0.337890625 0.97265625 0.33984375 0.97265625 0.337890625 0.974609375 0.3359375 0.97265625 0.3359375 0.970703125 0.333984375 0.97265625 0.33203125 0.970703125 0.330078125
0 0.73828125 0.296875 0.736328125 0.298828125 0.736328125 0.302734375 0.73828125 0.3046875 0.736328125 0.302734375 0.73828125 0.30078125 0.740234375 0.30078125 0.7421875 0.302734375 0.7421875 0.30078125 0.740234375 0.298828125 0.7421875 0.296875
0 0.91796875 0.26953125 0.91796875 0.271484375 0.919921875 0.2734375 0.91796875 0.275390625 0.919921875 0.27734375 0.921875 0.27734375 0.923828125 0.275390625 0.92578125 0.275390625 0.923828125 0.275390625 0.921875 0.2734375 0.921875 0.26953125
0 0.41015625 0.265625 0.40625 0.26953125 0.408203125 0.271484375 0.408203125 0.2734375 0.408203125 0.271484375 0.41015625 0.26953125 0.412109375 0.271484375 0.412109375 0.2734375 0.4140625 0.271484375 0.412109375 0.26953125 0.4140625 0.267578125 0.412109375 0.267578125
0 0.5 0.236328125 0.50390625 0.240234375 0.50390625 0.24609375 0.501953125 0.248046875 0.5 0.24609375 0.501953125 0.248046875 0.50390625 0.24609375 0.505859375 0.24609375 0.5078125 0.244140625 0.509765625 0.244140625 0.505859375 0.240234375 0.505859375 0.23828125 0.5078125 0.236328125 0.509765625 0.23828125 0.51171875 0.236328125 0.509765625 0.23828125 0.5078125 0.236328125 0.505859375 0.23828125 0.50390625 0.23828125 0.501953125 0.236328125
0 0.462890625 0.109375 0.46484375 0.111328125 0.462890625 0.11328125 0.46484375 0.115234375 0.462890625 0.1171875 0.4609375 0.1171875 0.462890625 0.119140625 0.462890625 0.12109375 0.46484375 0.119140625 0.466796875 0.119140625 0.466796875 0.11328125
0 0.587890625 0.0625 0.5859375 0.064453125 0.583984375 0.064453125 0.5859375 0.06640625 0.583984375 0.068359375 0.5859375 0.0703125 0.5859375 0.068359375 0.587890625 0.06640625 0.58984375 0.068359375 0.58984375 0.0703125 0.58984375 0.068359375 0.591796875 0.06640625
0 0.5078125 0.02734375 0.5078125 0.03125 0.509765625 0.033203125 0.509765625 0.03515625 0.505859375 0.0390625 0.505859375 0.041015625 0.5078125 0.04296875 0.505859375 0.044921875 0.5078125 0.04296875 0.509765625 0.04296875 0.5078125 0.04296875 0.505859375 0.041015625 0.505859375 0.0390625 0.5078125 0.037109375 0.509765625 0.0390625 0.51171875 0.0390625 0.509765625 0.0390625 0.5078125 0.037109375 0.509765625 0.03515625 0.51171875 0.03515625 0.51171875 0.02734375 0.509765625 0.029296875
1 0.998046875 0.8359375 0.99609375 0.837890625 0.994140625 0.837890625 0.994140625 0.84375 0.99609375 0.845703125 0.99609375 0.849609375 0.998046875 0.849609375 0.99609375 0.84765625 0.99609375 0.845703125 0.998046875 0.84375 0.998046875 0.841796875 0.99609375 0.83984375 0.99609375 0.837890625
1 0.611328125 0.6953125 0.609375 0.697265625 0.609375 0.701171875 0.61328125 0.701171875 0.615234375 0.69921875 0.6171875 0.69921875 0.615234375 0.69921875 0.61328125 0.697265625 0.615234375 0.6953125 0.6171875 0.6953125 0.615234375 0.6953125 0.61328125 0.697265625
1 0.70703125 0.658203125 0.705078125 0.66015625 0.70703125 0.662109375 0.70703125 0.6640625 0.708984375 0.6640625 0.7109375 0.666015625 0.708984375 0.66796875 0.7109375 0.66796875 0.712890625 0.669921875 0.7109375 0.66796875 0.712890625 0.666015625 0.7109375 0.6640625 0.712890625 0.662109375 0.71484375 0.662109375 0.716796875 0.66015625 0.71484375 0.658203125 0.716796875 0.66015625 0.71484375 0.662109375 0.7109375 0.662109375
1 0.86328125 0.640625 0.861328125 0.642578125 0.859375 0.642578125 0.859375 0.6484375 0.861328125 0.650390625 0.86328125 0.650390625 0.865234375 0.65234375 0.86328125 0.650390625 0.86328125 0.64453125 0.865234375 0.642578125 0.8671875 0.64453125 0.869140625 0.64453125 0.87109375 0.642578125 0.869140625 0.64453125 0.8671875 0.64453125 0.865234375 0.642578125 0.8671875 0.640625 0.865234375 0.642578125
1 0.7109375 0.5625 0.7109375 0.564453125 0.708984375 0.56640625 0.70703125 0.564453125 0.705078125 0.56640625 0.70703125 0.568359375 0.705078125 0.5703125 0.708984375 0.56640625 0.7109375 0.568359375 0.712890625 0.568359375 0.71484375 0.56640625 0.716796875 0.56640625 0.71484375 0.56640625 0.712890625 0.564453125 0.71484375 0.5625 0.712890625 0.564453125
1 0.892578125 0.515625 0.892578125 0.521484375 0.890625 0.5234375 0.892578125 0.5234375 0.896484375 0.51953125 0.896484375 0.515625 0.89453125 0.517578125
1 0.90234375 0.486328125 0.8984375 0.490234375 0.896484375 0.48828125 0.890625 0.48828125 0.896484375 0.494140625 0.896484375 0.4921875 0.900390625 0.48828125 0.90234375 0.490234375 0.900390625 0.48828125
1 0.97265625 0.328125 0.96875 0.33203125 0.96875 0.337890625 0.970703125 0.337890625 0.97265625 0.33984375 0.97265625 0.337890625 0.974609375 0.3359375 0.97265625 0.3359375 0.970703125 0.333984375 0.97265625 0.33203125 0.970703125 0.330078125
1 0.73828125 0.296875 0.736328125 0.298828125 0.736328125 0.302734375 0.73828125 0.3046875 0.736328125 0.302734375 0.73828125 0.30078125 0.740234375 0.30078125 0.7421875 0.302734375 0.7421875 0.30078125 0.740234375 0.298828125 0.7421875 0.296875
1 0.91796875 0.26953125 0.91796875 0.271484375 0.919921875 0.2734375 0.91796875 0.275390625 0.919921875 0.27734375 0.921875 0.27734375 0.923828125 0.275390625 0.92578125 0.275390625 0.923828125 0.275390625 0.921875 0.2734375 0.921875 0.26953125
1 0.41015625 0.265625 0.40625 0.26953125 0.408203125 0.271484375 0.408203125 0.2734375 0.408203125 0.271484375 0.41015625 0.26953125 0.412109375 0.271484375 0.412109375 0.2734375 0.4140625 0.271484375 0.412109375 0.26953125 0.4140625 0.267578125 0.412109375 0.267578125
1 0.5 0.236328125 0.50390625 0.240234375 0.50390625 0.24609375 0.501953125 0.248046875 0.5 0.24609375 0.501953125 0.248046875 0.50390625 0.24609375 0.505859375 0.24609375 0.5078125 0.244140625 0.509765625 0.244140625 0.505859375 0.240234375 0.505859375 0.23828125 0.5078125 0.236328125 0.509765625 0.23828125 0.51171875 0.236328125 0.509765625 0.23828125 0.5078125 0.236328125 0.505859375 0.23828125 0.50390625 0.23828125 0.501953125 0.236328125
1 0.462890625 0.109375 0.46484375 0.111328125 0.462890625 0.11328125 0.46484375 0.115234375 0.462890625 0.1171875 0.4609375 0.1171875 0.462890625 0.119140625 0.462890625 0.12109375 0.46484375 0.119140625 0.466796875 0.119140625 0.466796875 0.11328125
1 0.587890625 0.0625 0.5859375 0.064453125 0.583984375 0.064453125 0.5859375 0.06640625 0.583984375 0.068359375 0.5859375 0.0703125 0.5859375 0.068359375 0.587890625 0.06640625 0.58984375 0.068359375 0.58984375 0.0703125 0.58984375 0.068359375 0.591796875 0.06640625
1 0.5078125 0.02734375 0.5078125 0.03125 0.509765625 0.033203125 0.509765625 0.03515625 0.505859375 0.0390625 0.505859375 0.041015625 0.5078125 0.04296875 0.505859375 0.044921875 0.5078125 0.04296875 0.509765625 0.04296875 0.5078125 0.04296875 0.505859375 0.041015625 0.505859375 0.0390625 0.5078125 0.037109375 0.509765625 0.0390625 0.51171875 0.0390625 0.509765625 0.0390625 0.5078125 0.037109375 0.509765625 0.03515625 0.51171875 0.03515625 0.51171875 0.02734375 0.509765625 0.029296875
