0 0.10546875 0.458984375 0.1015625 0.462890625 0.099609375 0.4609375 0.103515625 0.46484375 0.103515625 0.466796875 0.1015625 0.46875 0.103515625 0.470703125 0.10546875 0.46875 0.107421875 0.46875 0.107421875 0.46484375 0.103515625 0.4609375 0.10546875 0.458984375 0.107421875 0.458984375
0 0.044921875 0.453125 0.046875 0.455078125 0.044921875 0.45703125 0.04296875 0.45703125 0.044921875 0.45703125 0.046875 0.458984375 0.044921875 0.4609375 0.04296875 0.4609375 0.044921875 0.4609375 0.046875 0.462890625 0.046875 0.46484375 0.048828125 0.466796875 0.046875 0.46875 0.048828125 0.470703125 0.048828125 0.47265625 0.056640625 0.47265625 0.060546875 0.46875 0.06640625 0.474609375 0.064453125 0.4765625 0.06640625 0.478515625 0.06640625 0.48046875 0.068359375 0.482421875 0.068359375 0.484375 0.0703125 0.486328125 0.072265625 0.486328125 0.072265625 0.484375 0.07421875 0.482421875 0.07421875 0.478515625 0.072265625 0.4765625 0.072265625 0.474609375 0.076171875 0.470703125 0.07421875 0.46875 0.076171875 0.470703125 0.0703125 0.4765625 0.068359375 0.474609375 0.06640625 0.474609375 0.064453125 0.47265625 0.068359375 0.46875 0.064453125 0.47265625 0.060546875 0.46875 0.060546875 0.45703125 0.05859375 0.455078125 0.05859375 0.453125 0.056640625 0.455078125 0.0546875 0.455078125 0.052734375 0.453125 0.052734375 0.455078125 0.05078125 0.45703125 0.048828125 0.455078125 0.046875 0.455078125
0 0.046875 0.171875 0.048828125 0.173828125 0.046875 0.17578125 0.046875 0.18359375 0.048828125 0.18359375 0.05078125 0.185546875 0.060546875 0.185546875 0.060546875 0.171875 0.05859375 0.173828125 0.056640625 0.171875 0.05078125 0.171875 0.048828125 0.173828125
0 0.15234375 0.07421875 0.15234375 0.076171875 0.1484375 0.080078125 0.146484375 0.080078125 0.1484375 0.080078125 0.150390625 0.08203125 0.1484375 0.083984375 0.146484375 0.083984375 0.1484375 0.083984375 0.150390625 0.08203125 0.15234375 0.083984375 0.154296875 0.08203125 0.154296875 0.078125 0.15234375 0.076171875
0 0.048828125 0.0703125 0.046875 0.072265625 0.046875 0.078125 0.048828125 0.080078125 0.048828125 0.08203125 0.052734375 0.08203125 0.0546875 0.083984375 0.052734375 0.0859375 0.05078125 0.0859375 0.05078125 0.087890625 0.056640625 0.08203125 0.05859375 0.08203125 0.060546875 0.080078125 0.05859375 0.078125 0.05859375 0.07421875 0.060546875 0.072265625 0.05859375 0.0703125 0.060546875 0.072265625 0.05859375 0.07421875 0.056640625 0.07421875 0.0546875 0.072265625 0.052734375 0.072265625 0.05078125 0.0703125
1 0.10546875 0.458984375 0.1015625 0.462890625 0.099609375 0.4609375 0.103515625 0.46484375 0.103515625 0.466796875 0.1015625 0.46875 0.103515625 0.470703125 0.10546875 0.46875 0.107421875 0.46875 0.107421875 0.46484375 0.103515625 0.4609375 0.10546875 0.458984375 0.107421875 0.458984375
1 0.044921875 0.453125 0.046875 0.455078125 0.044921875 0.45703125 0.04296875 0.45703125 0.044921875 0.45703125 0.046875 0.458984375 0.044921875 0.4609375 0.04296875 0.4609375 0.044921875 0.4609375 0.046875 0.462890625 0.046875 0.46484375 0.048828125 0.466796875 0.046875 0.46875 0.048828125 0.470703125 0.048828125 0.47265625 0.056640625 0.47265625 0.060546875 0.46875 0.06640625 0.474609375 0.064453125 0.4765625 0.06640625 0.478515625 0.06640625 0.48046875 0.068359375 0.482421875 0.068359375 0.484375 0.0703125 0.486328125 0.072265625 0.486328125 0.072265625 0.484375 0.07421875 0.482421875 0.07421875 0.478515625 0.072265625 0.4765625 0.072265625 0.474609375 0.076171875 0.470703125 0.07421875 0.46875 0.076171875 0.470703125 0.0703125 0.4765625 0.068359375 0.474609375 0.06640625 0.474609375 0.064453125 0.47265625 0.068359375 0.46875 0.064453125 0.47265625 0.060546875 0.46875 0.060546875 0.45703125 0.05859375 0.455078125 0.05859375 0.453125 0.056640625 0.455078125 0.0546875 0.455078125 0.052734375 0.453125 0.052734375 0.455078125 0.05078125 0.45703125 0.048828125 0.455078125 0.046875 0.455078125
1 0.046875 0.171875 0.048828125 0.173828125 0.046875 0.17578125 0.046875 0.18359375 0.048828125 0.18359375 0.05078125 0.185546875 0.060546875 0.185546875 0.060546875 0.171875 0.05859375 0.173828125 0.056640625 0.171875 0.05078125 0.171875 0.048828125 0.173828125
1 0.15234375 0.07421875 0.15234375 0.076171875 0.1484375 0.080078125 0.146484375 0.080078125 0.1484375 0.080078125 0.150390625 0.08203125 0.1484375 0.083984375 0.146484375 0.083984375 0.1484375 0.083984375 0.150390625 0.08203125 0.15234375 0.083984375 0.154296875 0.08203125 0.154296875 0.078125 0.15234375 0.076171875
1 0.048828125 0.0703125 0.046875 0.072265625 0.046875 0.078125 0.048828125 0.080078125 0.048828125 0.08203125 0.052734375 0.08203125 0.0546875 0.083984375 0.052734375 0.0859375 0.05078125 0.0859375 0.05078125 0.087890625 0.056640625 0.08203125 0.05859375 0.08203125 0.060546875 0.080078125 0.05859375 0.078125 0.05859375 0.07421875 0.060546875 0.072265625 0.05859375 0.0703125 0.060546875 0.072265625 0.05859375 0.07421875 0.056640625 0.07421875 0.0546875 0.072265625 0.052734375 0.072265625 0.05078125 0.0703125
