0 0.16015625 0.96875 0.162109375 0.970703125 0.16015625 0.97265625 0.162109375 0.974609375 0.16015625 0.9765625 0.158203125 0.9765625 0.15625 0.978515625 0.158203125 0.98046875 0.15625 0.978515625 0.158203125 0.9765625 0.162109375 0.9765625 0.166015625 0.98046875 0.16796875 0.978515625 0.166015625 0.9765625 0.166015625 0.974609375 0.1640625 0.974609375 0.162109375 0.97265625 0.1640625 0.970703125 0.162109375 0.970703125
0 0.126953125 0.580078125 0.125 0.58203125 0.12890625 0.5859375 0.130859375 0.583984375 0.134765625 0.587890625 0.1328125 0.58984375 0.134765625 0.591796875 0.1328125 0.58984375 0.134765625 0.587890625 0.1328125 0.5859375 0.1328125 0.583984375 0.130859375 0.58203125 0.130859375 0.580078125 0.12890625 0.58203125
0 0.1796875 0.408203125 0.1796875 0.41015625 0.177734375 0.412109375 0.17578125 0.412109375 0.17578125 0.4140625 0.173828125 0.416015625 0.17578125 0.4140625 0.177734375 0.416015625 0.177734375 0.419921875 0.181640625 0.416015625 0.18359375 0.41796875 0.181640625 0.416015625 0.181640625 0.4140625 0.18359375 0.412109375 0.181640625 0.4140625 0.1796875 0.4140625 0.177734375 0.412109375 0.181640625 0.408203125
0 0.26171875 0.158203125 0.26171875 0.1640625 0.259765625 0.166015625 0.26171875 0.16796875 0.263671875 0.166015625 0.267578125 0.166015625 0.267578125 0.1640625 0.265625 0.162109375 0.267578125 0.16015625 0.265625 0.158203125 0.267578125 0.16015625 0.265625 0.162109375 0.263671875 0.162109375 0.26171875 0.16015625
0 0.169921875 0.015625 0.1640625 0.021484375 0.162109375 0.021484375 0.16015625 0.01953125 0.162109375 0.017578125 0.158203125 0.021484375 0.15625 0.021484375 0.15625 0.0234375 0.158203125 0.025390625 0.158203125 0.02734375 0.15625 0.029296875 0.158203125 0.02734375 0.16015625 0.029296875 0.158203125 0.02734375 0.162109375 0.0234375 0.1640625 0.025390625 0.162109375 0.0234375 0.16796875 0.017578125 0.169921875 0.01953125 0.16796875 0.017578125
1 0.16015625 0.96875 0.162109375 0.970703125 0.16015625 0.97265625 0.162109375 0.974609375 0.16015625 0.9765625 0.158203125 0.9765625 0.15625 0.978515625 0.158203125 0.98046875 0.15625 0.978515625 0.158203125 0.9765625 0.162109375 0.9765625 0.166015625 0.98046875 0.16796875 0.978515625 0.166015625 0.9765625 0.166015625 0.974609375 0.1640625 0.974609375 0.162109375 0.97265625 0.1640625 0.970703125 0.162109375 0.970703125
1 0.126953125 0.580078125 0.125 0.58203125 0.12890625 0.5859375 0.130859375 0.583984375 0.134765625 0.587890625 0.1328125 0.58984375 0.134765625 0.591796875 0.1328125 0.58984375 0.134765625 0.587890625 0.1328125 0.5859375 0.1328125 0.583984375 0.130859375 0.58203125 0.130859375 0.580078125 0.12890625 0.58203125
1 0.1796875 0.408203125 0.1796875 0.41015625 0.177734375 0.412109375 0.17578125 0.412109375 0.17578125 0.4140625 0.173828125 0.416015625 0.17578125 0.4140625 0.177734375 0.416015625 0.177734375 0.419921875 0.181640625 0.416015625 0.18359375 0.41796875 0.181640625 0.416015625 0.181640625 0.4140625 0.18359375 0.412109375 0.181640625 0.4140625 0.1796875 0.4140625 0.177734375 0.412109375 0.181640625 0.408203125
1 0.26171875 0.158203125 0.26171875 0.1640625 0.259765625 0.166015625 0.26171875 0.16796875 0.263671875 0.166015625 0.267578125 0.166015625 0.267578125 0.1640625 0.265625 0.162109375 0.267578125 0.16015625 0.265625 0.158203125 0.267578125 0.16015625 0.265625 0.162109375 0.263671875 0.162109375 0.26171875 0.16015625
1 0.169921875 0.015625 0.1640625 0.021484375 0.162109375 0.021484375 0.16015625 0.01953125 0.162109375 0.017578125 0.158203125 0.021484375 0.15625 0.021484375 0.15625 0.0234375 0.158203125 0.025390625 0.158203125 0.02734375 0.15625 0.029296875 0.158203125 0.02734375 0.16015625 0.029296875 0.158203125 0.02734375 0.162109375 0.0234375 0.1640625 0.025390625 0.162109375 0.0234375 0.16796875 0.017578125 0.169921875 0.01953125 0.16796875 0.017578125
