0 0.7109375 0.87109375 0.7109375 0.875 0.712890625 0.875 0.716796875 0.87890625 0.71484375 0.876953125 0.71484375 0.875 0.716796875 0.873046875 0.716796875 0.87109375
0 0.99609375 0.828125 0.9921875 0.83203125 0.9921875 0.8359375 0.990234375 0.837890625 0.98828125 0.8359375 0.986328125 0.837890625 0.984375 0.837890625 0.986328125 0.83984375 0.984375 0.841796875 0.986328125 0.83984375 0.986328125 0.837890625 0.98828125 0.8359375 0.990234375 0.837890625 0.9921875 0.8359375 0.994140625 0.837890625 0.994140625 0.83984375 0.99609375 0.837890625 0.998046875 0.837890625 0.998046875 0.83203125 0.99609375 0.83203125 0.994140625 0.830078125
0 0.755859375 0.703125 0.75390625 0.705078125 0.751953125 0.705078125 0.751953125 0.70703125 0.755859375 0.7109375 0.751953125 0.71484375 0.755859375 0.7109375 0.7578125 0.7109375 0.759765625 0.708984375 0.759765625 0.70703125
0 0.791015625 0.275390625 0.7890625 0.27734375 0.7890625 0.279296875 0.791015625 0.28125 0.7890625 0.283203125 0.791015625 0.28125 0.794921875 0.28515625 0.79296875 0.287109375 0.791015625 0.287109375 0.79296875 0.287109375 0.794921875 0.2890625 0.794921875 0.291015625 0.79296875 0.29296875 0.794921875 0.294921875 0.79296875 0.29296875 0.794921875 0.291015625 0.794921875 0.2890625 0.79296875 0.287109375 0.796875 0.283203125 0.80078125 0.287109375 0.802734375 0.287109375 0.80078125 0.287109375 0.798828125 0.28515625 0.80078125 0.283203125 0.798828125 0.28125 0.798828125 0.279296875 0.796875 0.27734375 0.794921875 0.27734375 0.791015625 0.28125 0.7890625 0.279296875 0.7890625 0.27734375
0 0.9921875 0.21875 0.990234375 0.220703125 0.98828125 0.220703125 0.990234375 0.220703125 0.9921875 0.22265625 0.9921875 0.224609375 0.990234375 0.2265625 0.98828125 0.224609375 0.986328125 0.224609375 0.98828125 0.224609375 0.990234375 0.2265625 0.98828125 0.228515625 0.986328125 0.228515625 0.986328125 0.236328125 0.98828125 0.234375 0.990234375 0.236328125 0.990234375 0.232421875 0.98828125 0.23046875 0.98828125 0.228515625 0.9921875 0.224609375 0.9921875 0.22265625 0.990234375 0.220703125
0 0.607421875 0.1953125 0.609375 0.1953125 0.611328125 0.197265625 0.611328125 0.19921875 0.609375 0.201171875 0.607421875 0.19921875 0.60546875 0.201171875 0.607421875 0.203125 0.60546875 0.205078125 0.6015625 0.205078125 0.60546875 0.205078125 0.609375 0.208984375 0.611328125 0.20703125 0.611328125 0.203125 0.61328125 0.201171875 0.611328125 0.19921875 0.611328125 0.1953125
0 0.97265625 0.078125 0.970703125 0.080078125 0.96484375 0.080078125 0.966796875 0.08203125 0.96484375 0.083984375 0.9609375 0.083984375 0.97265625 0.083984375 0.974609375 0.0859375 0.970703125 0.08203125 0.970703125 0.080078125 0.97265625 0.078125 0.974609375 0.080078125 0.9765625 0.078125 0.974609375 0.080078125
0 0.5234375 0.052734375 0.521484375 0.0546875 0.521484375 0.056640625 0.51953125 0.05859375 0.521484375 0.060546875 0.5234375 0.05859375 0.525390625 0.05859375 0.52734375 0.056640625 0.529296875 0.056640625 0.525390625 0.056640625 0.5234375 0.0546875
0 0.94140625 0.05078125 0.943359375 0.052734375 0.9453125 0.052734375 0.947265625 0.0546875 0.9453125 0.056640625 0.943359375 0.056640625 0.94140625 0.05859375 0.939453125 0.05859375 0.9375 0.056640625 0.939453125 0.0546875 0.9375 0.0546875 0.9375 0.056640625 0.94140625 0.060546875 0.9453125 0.060546875 0.947265625 0.05859375 0.9453125 0.056640625 0.947265625 0.0546875 0.94921875 0.0546875 0.947265625 0.0546875 0.9453125 0.052734375 0.943359375 0.052734375
1 0.7109375 0.87109375 0.7109375 0.875 0.712890625 0.875 0.716796875 0.87890625 0.71484375 0.876953125 0.71484375 0.875 0.716796875 0.873046875 0.716796875 0.87109375
1 0.99609375 0.828125 0.9921875 0.83203125 0.9921875 0.8359375 0.990234375 0.837890625 0.98828125 0.8359375 0.986328125 0.837890625 0.984375 0.837890625 0.986328125 0.83984375 0.984375 0.841796875 0.986328125 0.83984375 0.986328125 0.837890625 0.98828125 0.8359375 0.990234375 0.837890625 0.9921875 0.8359375 0.994140625 0.837890625 0.994140625 0.83984375 0.99609375 0.837890625 0.998046875 0.837890625 0.998046875 0.83203125 0.99609375 0.83203125 0.994140625 0.830078125
1 0.755859375 0.703125 0.75390625 0.705078125 0.751953125 0.705078125 0.751953125 0.70703125 0.755859375 0.7109375 0.751953125 0.71484375 0.755859375 0.7109375 0.7578125 0.7109375 0.759765625 0.708984375 0.759765625 0.70703125
1 0.791015625 0.275390625 0.7890625 0.27734375 0.7890625 0.279296875 0.791015625 0.28125 0.7890625 0.283203125 0.791015625 0.28125 0.794921875 0.28515625 0.79296875 0.287109375 0.791015625 0.287109375 0.79296875 0.287109375 0.794921875 0.2890625 0.794921875 0.291015625 0.79296875 0.29296875 0.794921875 0.294921875 0.79296875 0.29296875 0.794921875 0.291015625 0.794921875 0.2890625 0.79296875 0.287109375 0.796875 0.283203125 0.80078125 0.287109375 0.802734375 0.287109375 0.80078125 0.287109375 0.798828125 0.28515625 0.80078125 0.283203125 0.798828125 0.28125 0.798828125 0.279296875 0.796875 0.27734375 0.794921875 0.27734375 0.791015625 0.28125 0.7890625 0.279296875 0.7890625 0.27734375
1 0.9921875 0.21875 0.990234375 0.220703125 0.98828125 0.220703125 0.990234375 0.220703125 0.9921875 0.22265625 0.9921875 0.224609375 0.990234375 0.2265625 0.98828125 0.224609375 0.986328125 0.224609375 0.98828125 0.224609375 0.990234375 0.2265625 0.98828125 0.228515625 0.986328125 0.228515625 0.986328125 0.236328125 0.98828125 0.234375 0.990234375 0.236328125 0.990234375 0.232421875 0.98828125 0.23046875 0.98828125 0.228515625 0.9921875 0.224609375 0.9921875 0.22265625 0.990234375 0.220703125
1 0.607421875 0.1953125 0.609375 0.1953125 0.611328125 0.197265625 0.611328125 0.19921875 0.609375 0.201171875 0.607421875 0.19921875 0.60546875 0.201171875 0.607421875 0.203125 0.60546875 0.205078125 0.6015625 0.205078125 0.60546875 0.205078125 0.609375 0.208984375 0.611328125 0.20703125 0.611328125 0.203125 0.61328125 0.201171875 0.611328125 0.19921875 0.611328125 0.1953125
1 0.97265625 0.078125 0.970703125 0.080078125 0.96484375 0.080078125 0.966796875 0.08203125 0.96484375 0.083984375 0.9609375 0.083984375 0.97265625 0.083984375 0.974609375 0.0859375 0.970703125 0.08203125 0.970703125 0.080078125 0.97265625 0.078125 0.974609375 0.080078125 0.9765625 0.078125 0.974609375 0.080078125
1 0.5234375 0.052734375 0.521484375 0.0546875 0.521484375 0.056640625 0.51953125 0.05859375 0.521484375 0.060546875 0.5234375 0.05859375 0.525390625 0.05859375 0.52734375 0.056640625 0.529296875 0.056640625 0.525390625 0.056640625 0.5234375 0.0546875
1 0.94140625 0.05078125 0.943359375 0.052734375 0.9453125 0.052734375 0.947265625 0.0546875 0.9453125 0.056640625 0.943359375 0.056640625 0.94140625 0.05859375 0.939453125 0.05859375 0.9375 0.056640625 0.939453125 0.0546875 0.9375 0.0546875 0.9375 0.056640625 0.94140625 0.060546875 0.9453125 0.060546875 0.947265625 0.05859375 0.9453125 0.056640625 0.947265625 0.0546875 0.94921875 0.0546875 0.947265625 0.0546875 0.9453125 0.052734375 0.943359375 0.052734375
