0 0.1796875 0.787109375 0.177734375 0.7890625 0.1796875 0.791015625 0.177734375 0.79296875 0.17578125 0.79296875 0.173828125 0.791015625 0.17578125 0.79296875 0.177734375 0.79296875 0.1796875 0.791015625 0.181640625 0.791015625 0.18359375 0.79296875 0.18359375 0.787109375
0 0.1171875 0.548828125 0.119140625 0.55078125 0.11328125 0.556640625 0.111328125 0.5546875 0.11328125 0.556640625 0.115234375 0.5546875 0.119140625 0.5546875 0.12109375 0.556640625 0.12109375 0.55859375 0.12109375 0.556640625 0.123046875 0.5546875 0.123046875 0.552734375 0.119140625 0.548828125
0 0.228515625 0.494140625 0.228515625 0.49609375 0.2265625 0.498046875 0.2265625 0.5 0.228515625 0.5 0.232421875 0.50390625 0.23046875 0.501953125 0.23046875 0.5 0.232421875 0.498046875 0.23046875 0.49609375 0.232421875 0.494140625 0.23046875 0.49609375
0 0.248046875 0.41015625 0.24609375 0.412109375 0.244140625 0.412109375 0.244140625 0.4140625 0.2421875 0.416015625 0.2421875 0.41796875 0.244140625 0.41796875 0.24609375 0.416015625 0.248046875 0.416015625 0.248046875 0.4140625 0.24609375 0.412109375
0 0.1953125 0.396484375 0.197265625 0.396484375 0.19921875 0.3984375 0.197265625 0.400390625 0.1953125 0.400390625 0.197265625 0.400390625 0.19921875 0.40234375 0.19921875 0.404296875 0.201171875 0.404296875 0.203125 0.40234375 0.203125 0.3984375 0.201171875 0.400390625 0.19921875 0.3984375 0.19921875 0.396484375
0 0.205078125 0.333984375 0.20703125 0.3359375 0.205078125 0.337890625 0.20703125 0.33984375 0.205078125 0.341796875 0.20703125 0.33984375 0.208984375 0.341796875 0.2109375 0.33984375 0.212890625 0.33984375 0.21484375 0.341796875 0.212890625 0.33984375 0.212890625 0.337890625 0.2109375 0.3359375 0.20703125 0.3359375
0 0.4296875 0.330078125 0.427734375 0.33203125 0.42578125 0.33203125 0.423828125 0.333984375 0.421875 0.33203125 0.421875 0.3359375 0.423828125 0.337890625 0.423828125 0.33984375 0.421875 0.341796875 0.42578125 0.337890625 0.427734375 0.33984375 0.4296875 0.337890625 0.427734375 0.33984375 0.42578125 0.337890625 0.42578125 0.3359375 0.427734375 0.333984375 0.4296875 0.333984375 0.431640625 0.33203125 0.431640625 0.330078125
0 0.265625 0.28515625 0.271484375 0.291015625 0.271484375 0.29296875 0.2734375 0.294921875 0.275390625 0.29296875 0.275390625 0.291015625 0.2734375 0.2890625 0.2734375 0.287109375 0.271484375 0.287109375 0.26953125 0.28515625 0.267578125 0.287109375
0 0.064453125 0.1875 0.0625 0.189453125 0.064453125 0.1875 0.06640625 0.189453125 0.06640625 0.19140625 0.072265625 0.197265625 0.0703125 0.19921875 0.072265625 0.197265625 0.07421875 0.197265625 0.072265625 0.197265625 0.0703125 0.1953125 0.0703125 0.19140625 0.072265625 0.189453125 0.07421875 0.19140625 0.07421875 0.193359375 0.07421875 0.189453125 0.072265625 0.189453125 0.0703125 0.1875 0.068359375 0.1875 0.06640625 0.189453125
1 0.1796875 0.787109375 0.177734375 0.7890625 0.1796875 0.791015625 0.177734375 0.79296875 0.17578125 0.79296875 0.173828125 0.791015625 0.17578125 0.79296875 0.177734375 0.79296875 0.1796875 0.791015625 0.181640625 0.791015625 0.18359375 0.79296875 0.18359375 0.787109375
1 0.1171875 0.548828125 0.119140625 0.55078125 0.11328125 0.556640625 0.111328125 0.5546875 0.11328125 0.556640625 0.115234375 0.5546875 0.119140625 0.5546875 0.12109375 0.556640625 0.12109375 0.55859375 0.12109375 0.556640625 0.123046875 0.5546875 0.123046875 0.552734375 0.119140625 0.548828125
1 0.228515625 0.494140625 0.228515625 0.49609375 0.2265625 0.498046875 0.2265625 0.5 0.228515625 0.5 0.232421875 0.50390625 0.23046875 0.501953125 0.23046875 0.5 0.232421875 0.498046875 0.23046875 0.49609375 0.232421875 0.494140625 0.23046875 0.49609375
1 0.248046875 0.41015625 0.24609375 0.412109375 0.244140625 0.412109375 0.244140625 0.4140625 0.2421875 0.416015625 0.2421875 0.41796875 0.244140625 0.41796875 0.24609375 0.416015625 0.248046875 0.416015625 0.248046875 0.4140625 0.24609375 0.412109375
1 0.1953125 0.396484375 0.197265625 0.396484375 0.19921875 0.3984375 0.197265625 0.400390625 0.1953125 0.400390625 0.197265625 0.400390625 0.19921875 0.40234375 0.19921875 0.404296875 0.201171875 0.404296875 0.203125 0.40234375 0.203125 0.3984375 0.201171875 0.400390625 0.19921875 0.3984375 0.19921875 0.396484375
1 0.205078125 0.333984375 0.20703125 0.3359375 0.205078125 0.337890625 0.20703125 0.33984375 0.205078125 0.341796875 0.20703125 0.33984375 0.208984375 0.341796875 0.2109375 0.33984375 0.212890625 0.33984375 0.21484375 0.341796875 0.212890625 0.33984375 0.212890625 0.337890625 0.2109375 0.3359375 0.20703125 0.3359375
1 0.4296875 0.330078125 0.427734375 0.33203125 0.42578125 0.33203125 0.423828125 0.333984375 0.421875 0.33203125 0.421875 0.3359375 0.423828125 0.337890625 0.423828125 0.33984375 0.421875 0.341796875 0.42578125 0.337890625 0.427734375 0.33984375 0.4296875 0.337890625 0.427734375 0.33984375 0.42578125 0.337890625 0.42578125 0.3359375 0.427734375 0.333984375 0.4296875 0.333984375 0.431640625 0.33203125 0.431640625 0.330078125
1 0.265625 0.28515625 0.271484375 0.291015625 0.271484375 0.29296875 0.2734375 0.294921875 0.275390625 0.29296875 0.275390625 0.291015625 0.2734375 0.2890625 0.2734375 0.287109375 0.271484375 0.287109375 0.26953125 0.28515625 0.267578125 0.287109375
1 0.064453125 0.1875 0.0625 0.189453125 0.064453125 0.1875 0.06640625 0.189453125 0.06640625 0.19140625 0.072265625 0.197265625 0.0703125 0.19921875 0.072265625 0.197265625 0.07421875 0.197265625 0.072265625 0.197265625 0.0703125 0.1953125 0.0703125 0.19140625 0.072265625 0.189453125 0.07421875 0.19140625 0.07421875 0.193359375 0.07421875 0.189453125 0.072265625 0.189453125 0.0703125 0.1875 0.068359375 0.1875 0.06640625 0.189453125
