0 0.150390625 0.37890625 0.150390625 0.3828125 0.1484375 0.384765625 0.150390625 0.3828125 0.15234375 0.384765625 0.154296875 0.3828125 0.15625 0.3828125 0.158203125 0.384765625 0.15625 0.38671875 0.158203125 0.384765625 0.16015625 0.384765625 0.158203125 0.384765625 0.15625 0.3828125 0.15625 0.37890625
0 0.0390625 0.3203125 0.0390625 0.326171875 0.041015625 0.326171875 0.04296875 0.32421875 0.04296875 0.3203125
0 0.0 0.193359375 0.001953125 0.193359375 0.00390625 0.1953125 0.0 0.19921875 0.0 0.205078125 0.00390625 0.208984375 0.001953125 0.2109375 0.0 0.2109375 0.001953125 0.2109375 0.005859375 0.20703125 0.0078125 0.208984375 0.00390625 0.205078125 0.00390625 0.19921875 0.0078125 0.1953125 0.005859375 0.197265625 0.001953125 0.193359375
0 0.16015625 0.126953125 0.158203125 0.12890625 0.158203125 0.130859375 0.15625 0.1328125 0.16015625 0.13671875 0.16796875 0.13671875 0.169921875 0.138671875 0.166015625 0.134765625 0.166015625 0.1328125 0.162109375 0.1328125 0.158203125 0.12890625 0.16015625 0.126953125 0.162109375 0.126953125 0.1640625 0.12890625 0.166015625 0.126953125 0.16796875 0.12890625 0.16796875 0.126953125 0.166015625 0.126953125 0.1640625 0.12890625 0.162109375 0.126953125
0 0.998046875 0.046875 0.994140625 0.05078125 0.9921875 0.048828125 0.990234375 0.05078125 0.9921875 0.048828125 0.994140625 0.05078125 0.994140625 0.052734375 0.9921875 0.0546875 0.990234375 0.0546875 0.98828125 0.056640625 0.98828125 0.05859375 0.990234375 0.05859375 0.9921875 0.056640625 0.994140625 0.056640625 0.99609375 0.0546875 0.998046875 0.056640625 0.998046875 0.052734375 0.99609375 0.05078125 0.99609375 0.048828125
0 0.2109375 0.046875 0.203125 0.0546875 0.205078125 0.052734375 0.208984375 0.056640625 0.208984375 0.052734375 0.2109375 0.05078125 0.212890625 0.052734375 0.212890625 0.0546875 0.212890625 0.052734375 0.21484375 0.05078125 0.216796875 0.052734375 0.21484375 0.05078125 0.216796875 0.048828125 0.21484375 0.048828125 0.21484375 0.05078125 0.212890625 0.052734375 0.208984375 0.048828125
1 0.150390625 0.37890625 0.150390625 0.3828125 0.1484375 0.384765625 0.150390625 0.3828125 0.15234375 0.384765625 0.154296875 0.3828125 0.15625 0.3828125 0.158203125 0.384765625 0.15625 0.38671875 0.158203125 0.384765625 0.16015625 0.384765625 0.158203125 0.384765625 0.15625 0.3828125 0.15625 0.37890625
1 0.0390625 0.3203125 0.0390625 0.326171875 0.041015625 0.326171875 0.04296875 0.32421875 0.04296875 0.3203125
1 0.0 0.193359375 0.001953125 0.193359375 0.00390625 0.1953125 0.0 0.19921875 0.0 0.205078125 0.00390625 0.208984375 0.001953125 0.2109375 0.0 0.2109375 0.001953125 0.2109375 0.005859375 0.20703125 0.0078125 0.208984375 0.00390625 0.205078125 0.00390625 0.19921875 0.0078125 0.1953125 0.005859375 0.197265625 0.001953125 0.193359375
1 0.16015625 0.126953125 0.158203125 0.12890625 0.158203125 0.130859375 0.15625 0.1328125 0.16015625 0.13671875 0.16796875 0.13671875 0.169921875 0.138671875 0.166015625 0.134765625 0.166015625 0.1328125 0.162109375 0.1328125 0.158203125 0.12890625 0.16015625 0.126953125 0.162109375 0.126953125 0.1640625 0.12890625 0.166015625 0.126953125 0.16796875 0.12890625 0.16796875 0.126953125 0.166015625 0.126953125 0.1640625 0.12890625 0.162109375 0.126953125
1 0.998046875 0.046875 0.994140625 0.05078125 0.9921875 0.048828125 0.990234375 0.05078125 0.9921875 0.048828125 0.994140625 0.05078125 0.994140625 0.052734375 0.9921875 0.0546875 0.990234375 0.0546875 0.98828125 0.056640625 0.98828125 0.05859375 0.990234375 0.05859375 0.9921875 0.056640625 0.994140625 0.056640625 0.99609375 0.0546875 0.998046875 0.056640625 0.998046875 0.052734375 0.99609375 0.05078125 0.99609375 0.048828125
1 0.2109375 0.046875 0.203125 0.0546875 0.205078125 0.052734375 0.208984375 0.056640625 0.208984375 0.052734375 0.2109375 0.05078125 0.212890625 0.052734375 0.212890625 0.0546875 0.212890625 0.052734375 0.21484375 0.05078125 0.216796875 0.052734375 0.21484375 0.05078125 0.216796875 0.048828125 0.21484375 0.048828125 0.21484375 0.05078125 0.212890625 0.052734375 0.208984375 0.048828125
