0 0.1328125 0.96875 0.130859375 0.970703125 0.130859375 0.97265625 0.12890625 0.974609375 0.1328125 0.978515625 0.134765625 0.978515625 0.13671875 0.9765625 0.138671875 0.978515625 0.13671875 0.9765625 0.13671875 0.97265625 0.134765625 0.970703125 0.134765625 0.96875
0 0.982421875 0.876953125 0.98046875 0.87890625 0.978515625 0.87890625 0.982421875 0.8828125 0.982421875 0.884765625 0.982421875 0.8828125 0.984375 0.880859375 0.990234375 0.880859375 0.986328125 0.880859375 0.984375 0.87890625 0.986328125 0.876953125
0 0.1015625 0.84375 0.09765625 0.84765625 0.095703125 0.845703125 0.09765625 0.84765625 0.09765625 0.849609375 0.095703125 0.8515625 0.09765625 0.849609375 0.099609375 0.849609375 0.1015625 0.8515625 0.09765625 0.85546875 0.099609375 0.85546875 0.099609375 0.853515625 0.1015625 0.8515625 0.103515625 0.8515625 0.103515625 0.849609375 0.10546875 0.84765625 0.103515625 0.849609375 0.1015625 0.84765625
0 0.7890625 0.83203125 0.7890625 0.8359375 0.787109375 0.837890625 0.78515625 0.8359375 0.78515625 0.833984375 0.78515625 0.8359375 0.783203125 0.837890625 0.78125 0.8359375 0.783203125 0.837890625 0.78125 0.83984375 0.783203125 0.83984375 0.783203125 0.837890625 0.78515625 0.8359375 0.7890625 0.83984375 0.787109375 0.841796875 0.794921875 0.833984375 0.79296875 0.8359375
0 0.845703125 0.65625 0.84765625 0.658203125 0.845703125 0.66015625 0.84375 0.66015625 0.845703125 0.66015625 0.84765625 0.662109375 0.849609375 0.662109375 0.8515625 0.66015625 0.85546875 0.6640625 0.853515625 0.662109375 0.85546875 0.66015625 0.853515625 0.658203125 0.8515625 0.66015625 0.849609375 0.658203125 0.849609375 0.65625 0.84765625 0.658203125
0 0.6328125 0.59375 0.634765625 0.595703125 0.6328125 0.59765625 0.6328125 0.599609375 0.62890625 0.603515625 0.626953125 0.603515625 0.625 0.60546875 0.626953125 0.607421875 0.625 0.60546875 0.626953125 0.603515625 0.62890625 0.603515625 0.630859375 0.60546875 0.6328125 0.60546875 0.634765625 0.603515625 0.63671875 0.603515625 0.638671875 0.60546875 0.6328125 0.599609375 0.6328125 0.59765625 0.634765625 0.595703125
0 0.1171875 0.53125 0.115234375 0.533203125 0.11328125 0.533203125 0.115234375 0.53515625 0.111328125 0.5390625 0.111328125 0.541015625 0.115234375 0.544921875 0.1171875 0.54296875 0.1171875 0.5390625 0.115234375 0.537109375 0.115234375 0.533203125
0 0.9140625 0.515625 0.91015625 0.51953125 0.9140625 0.5234375 0.91015625 0.52734375 0.912109375 0.525390625 0.9140625 0.52734375 0.912109375 0.525390625 0.9140625 0.5234375 0.9140625 0.521484375 0.916015625 0.51953125 0.91796875 0.521484375 0.919921875 0.51953125 0.919921875 0.517578125 0.916015625 0.517578125
0 0.111328125 0.423828125 0.111328125 0.4296875 0.115234375 0.4296875 0.1171875 0.427734375 0.115234375 0.42578125 0.1171875 0.423828125 0.119140625 0.423828125 0.12109375 0.42578125 0.119140625 0.423828125 0.1171875 0.423828125 0.115234375 0.42578125 0.11328125 0.42578125
0 0.865234375 0.1484375 0.861328125 0.15234375 0.86328125 0.150390625 0.8671875 0.154296875 0.865234375 0.15234375 0.8671875 0.150390625 0.869140625 0.150390625 0.873046875 0.154296875 0.875 0.154296875 0.876953125 0.15234375 0.880859375 0.15234375 0.876953125 0.15234375 0.875 0.150390625 0.873046875 0.150390625 0.87109375 0.15234375 0.869140625 0.150390625 0.8671875 0.150390625
1 0.1328125 0.96875 0.130859375 0.970703125 0.130859375 0.97265625 0.12890625 0.974609375 0.1328125 0.978515625 0.134765625 0.978515625 0.13671875 0.9765625 0.138671875 0.978515625 0.13671875 0.9765625 0.13671875 0.97265625 0.134765625 0.970703125 0.134765625 0.96875
1 0.982421875 0.876953125 0.98046875 0.87890625 0.978515625 0.87890625 0.982421875 0.8828125 0.982421875 0.884765625 0.982421875 0.8828125 0.984375 0.880859375 0.990234375 0.880859375 0.986328125 0.880859375 0.984375 0.87890625 0.986328125 0.876953125
1 0.1015625 0.84375 0.09765625 0.84765625 0.095703125 0.845703125 0.09765625 0.84765625 0.09765625 0.849609375 0.095703125 0.8515625 0.09765625 0.849609375 0.099609375 0.849609375 0.1015625 0.8515625 0.09765625 0.85546875 0.099609375 0.85546875 0.099609375 0.853515625 0.1015625 0.8515625 0.103515625 0.8515625 0.103515625 0.849609375 0.10546875 0.84765625 0.103515625 0.849609375 0.1015625 0.84765625
1 0.7890625 0.83203125 0.7890625 0.8359375 0.787109375 0.837890625 0.78515625 0.8359375 0.78515625 0.833984375 0.78515625 0.8359375 0.783203125 0.837890625 0.78125 0.8359375 0.783203125 0.837890625 0.78125 0.83984375 0.783203125 0.83984375 0.783203125 0.837890625 0.78515625 0.8359375 0.7890625 0.83984375 0.787109375 0.841796875 0.794921875 0.833984375 0.79296875 0.8359375
1 0.845703125 0.65625 0.84765625 0.658203125 0.845703125 0.66015625 0.84375 0.66015625 0.845703125 0.66015625 0.84765625 0.662109375 0.849609375 0.662109375 0.8515625 0.66015625 0.85546875 0.6640625 0.853515625 0.662109375 0.85546875 0.66015625 0.853515625 0.658203125 0.8515625 0.66015625 0.849609375 0.658203125 0.849609375 0.65625 0.84765625 0.658203125
1 0.6328125 0.59375 0.634765625 0.595703125 0.6328125 0.59765625 0.6328125 0.599609375 0.62890625 0.603515625 0.626953125 0.603515625 0.625 0.60546875 0.626953125 0.607421875 0.625 0.60546875 0.626953125 0.603515625 0.62890625 0.603515625 0.630859375 0.60546875 0.6328125 0.60546875 0.634765625 0.603515625 0.63671875 0.603515625 0.638671875 0.60546875 0.6328125 0.599609375 0.6328125 0.59765625 0.634765625 0.595703125
1 0.1171875 0.53125 0.115234375 0.533203125 0.11328125 0.533203125 0.115234375 0.53515625 0.111328125 0.5390625 0.111328125 0.541015625 0.115234375 0.544921875 0.1171875 0.54296875 0.1171875 0.5390625 0.115234375 0.537109375 0.115234375 0.533203125
1 0.9140625 0.515625 0.91015625 0.51953125 0.9140625 0.5234375 0.91015625 0.52734375 0.912109375 0.525390625 0.9140625 0.52734375 0.912109375 0.525390625 0.9140625 0.5234375 0.9140625 0.521484375 0.916015625 0.51953125 0.91796875 0.521484375 0.919921875 0.51953125 0.919921875 0.517578125 0.916015625 0.517578125
1 0.111328125 0.423828125 0.111328125 0.4296875 0.115234375 0.4296875 0.1171875 0.427734375 0.115234375 0.42578125 0.1171875 0.423828125 0.119140625 0.423828125 0.12109375 0.42578125 0.119140625 0.423828125 0.1171875 0.423828125 0.115234375 0.42578125 0.11328125 0.42578125
1 0.865234375 0.1484375 0.861328125 0.15234375 0.86328125 0.150390625 0.8671875 0.154296875 0.865234375 0.15234375 0.8671875 0.150390625 0.869140625 0.150390625 0.873046875 0.154296875 0.875 0.154296875 0.876953125 0.15234375 0.880859375 0.15234375 0.876953125 0.15234375 0.875 0.150390625 0.873046875 0.150390625 0.87109375 0.15234375 0.869140625 0.150390625 0.8671875 0.150390625
