0 0.40625 0.96875 0.408203125 0.970703125 0.40625 0.97265625 0.408203125 0.97265625 0.41015625 0.974609375 0.41015625 0.9765625 0.412109375 0.9765625 0.4140625 0.974609375 0.41796875 0.978515625 0.416015625 0.9765625 0.41796875 0.974609375 0.416015625 0.97265625 0.41796875 0.970703125 0.416015625 0.970703125 0.4140625 0.97265625 0.412109375 0.970703125 0.41015625 0.97265625
0 0.14453125 0.8671875 0.140625 0.87109375 0.138671875 0.87109375 0.13671875 0.873046875 0.138671875 0.873046875 0.142578125 0.876953125 0.142578125 0.87890625 0.140625 0.880859375 0.142578125 0.880859375 0.142578125 0.876953125 0.14453125 0.875 0.142578125 0.873046875 0.14453125 0.87109375 0.142578125 0.869140625 0.14453125 0.8671875 0.146484375 0.8671875
0 0.025390625 0.796875 0.0234375 0.798828125 0.02734375 0.802734375 0.02734375 0.8046875 0.02734375 0.802734375 0.029296875 0.80078125 0.029296875 0.796875
0 0.458984375 0.5625 0.45703125 0.564453125 0.455078125 0.564453125 0.455078125 0.56640625 0.453125 0.568359375 0.455078125 0.5703125 0.45703125 0.568359375 0.458984375 0.5703125 0.4609375 0.568359375 0.462890625 0.568359375 0.4609375 0.568359375 0.458984375 0.56640625 0.462890625 0.5625 0.4609375 0.564453125
0 0.2578125 0.52734375 0.255859375 0.529296875 0.255859375 0.533203125 0.259765625 0.537109375 0.2578125 0.5390625 0.255859375 0.5390625 0.2578125 0.5390625 0.259765625 0.537109375 0.2578125 0.53515625 0.26171875 0.53125 0.259765625 0.529296875 0.259765625 0.52734375
0 0.240234375 0.501953125 0.23828125 0.50390625 0.23828125 0.5078125 0.240234375 0.509765625 0.23828125 0.51171875 0.240234375 0.509765625 0.240234375 0.5078125 0.2421875 0.505859375 0.244140625 0.505859375
0 0.05078125 0.423828125 0.048828125 0.42578125 0.05078125 0.423828125 0.052734375 0.423828125 0.0546875 0.42578125 0.052734375 0.427734375 0.0546875 0.4296875 0.05859375 0.4296875 0.05859375 0.423828125 0.056640625 0.42578125 0.0546875 0.42578125 0.052734375 0.423828125
0 0.365234375 0.380859375 0.36328125 0.3828125 0.36328125 0.384765625 0.361328125 0.38671875 0.359375 0.38671875 0.36328125 0.38671875 0.365234375 0.388671875 0.3671875 0.38671875 0.369140625 0.38671875 0.37109375 0.388671875 0.369140625 0.38671875 0.3671875 0.38671875 0.365234375 0.384765625 0.3671875 0.3828125
0 0.53515625 0.23828125 0.533203125 0.240234375 0.533203125 0.244140625 0.53515625 0.244140625 0.537109375 0.24609375 0.5390625 0.244140625 0.541015625 0.24609375 0.5390625 0.244140625 0.5390625 0.2421875
0 0.638671875 0.20703125 0.638671875 0.2109375 0.63671875 0.212890625 0.634765625 0.212890625 0.63671875 0.212890625 0.638671875 0.21484375 0.640625 0.21484375 0.642578125 0.212890625 0.640625 0.2109375 0.642578125 0.208984375 0.642578125 0.20703125
0 0.349609375 0.158203125 0.34765625 0.16015625 0.345703125 0.16015625 0.34375 0.162109375 0.34375 0.1640625 0.345703125 0.166015625 0.34765625 0.166015625 0.349609375 0.1640625 0.353515625 0.16796875 0.3515625 0.166015625 0.353515625 0.1640625 0.3515625 0.1640625 0.349609375 0.162109375 0.3515625 0.16015625
0 0.439453125 0.154296875 0.435546875 0.158203125 0.4296875 0.158203125 0.4296875 0.16015625 0.431640625 0.162109375 0.43359375 0.162109375 0.435546875 0.16015625 0.4375 0.16015625 0.435546875 0.158203125
0 0.44921875 0.1484375 0.44921875 0.15234375 0.447265625 0.154296875 0.447265625 0.15625 0.4453125 0.158203125 0.443359375 0.158203125 0.451171875 0.158203125 0.451171875 0.154296875 0.44921875 0.15234375 0.44921875 0.150390625 0.451171875 0.1484375
0 0.470703125 0.068359375 0.470703125 0.07421875 0.47265625 0.072265625 0.474609375 0.072265625 0.4765625 0.07421875 0.478515625 0.07421875 0.48046875 0.072265625 0.478515625 0.07421875 0.4765625 0.07421875 0.474609375 0.072265625 0.4765625 0.0703125 0.474609375 0.068359375
0 0.021484375 0.05078125 0.01953125 0.052734375 0.01953125 0.05859375 0.021484375 0.060546875 0.01953125 0.05859375 0.0234375 0.0546875 0.0234375 0.05078125
0 0.98046875 0.005859375 0.9765625 0.009765625 0.9765625 0.013671875 0.978515625 0.01171875 0.98046875 0.013671875 0.98046875 0.0078125 0.982421875 0.005859375
1 0.40625 0.96875 0.408203125 0.970703125 0.40625 0.97265625 0.408203125 0.97265625 0.41015625 0.974609375 0.41015625 0.9765625 0.412109375 0.9765625 0.4140625 0.974609375 0.41796875 0.978515625 0.416015625 0.9765625 0.41796875 0.974609375 0.416015625 0.97265625 0.41796875 0.970703125 0.416015625 0.970703125 0.4140625 0.97265625 0.412109375 0.970703125 0.41015625 0.97265625
1 0.14453125 0.8671875 0.140625 0.87109375 0.138671875 0.87109375 0.13671875 0.873046875 0.138671875 0.873046875 0.142578125 0.876953125 0.142578125 0.87890625 0.140625 0.880859375 0.142578125 0.880859375 0.142578125 0.876953125 0.14453125 0.875 0.142578125 0.873046875 0.14453125 0.87109375 0.142578125 0.869140625 0.14453125 0.8671875 0.146484375 0.8671875
1 0.025390625 0.796875 0.0234375 0.798828125 0.02734375 0.802734375 0.02734375 0.8046875 0.02734375 0.802734375 0.029296875 0.80078125 0.029296875 0.796875
1 0.458984375 0.5625 0.45703125 0.564453125 0.455078125 0.564453125 0.455078125 0.56640625 0.453125 0.568359375 0.455078125 0.5703125 0.45703125 0.568359375 0.458984375 0.5703125 0.4609375 0.568359375 0.462890625 0.568359375 0.4609375 0.568359375 0.458984375 0.56640625 0.462890625 0.5625 0.4609375 0.564453125
1 0.2578125 0.52734375 0.255859375 0.529296875 0.255859375 0.533203125 0.259765625 0.537109375 0.2578125 0.5390625 0.255859375 0.5390625 0.2578125 0.5390625 0.259765625 0.537109375 0.2578125 0.53515625 0.26171875 0.53125 0.259765625 0.529296875 0.259765625 0.52734375
1 0.240234375 0.501953125 0.23828125 0.50390625 0.23828125 0.5078125 0.240234375 0.509765625 0.23828125 0.51171875 0.240234375 0.509765625 0.240234375 0.5078125 0.2421875 0.505859375 0.244140625 0.505859375
1 0.05078125 0.423828125 0.048828125 0.42578125 0.05078125 0.423828125 0.052734375 0.423828125 0.0546875 0.42578125 0.052734375 0.427734375 0.0546875 0.4296875 0.05859375 0.4296875 0.05859375 0.423828125 0.056640625 0.42578125 0.0546875 0.42578125 0.052734375 0.423828125
1 0.365234375 0.380859375 0.36328125 0.3828125 0.36328125 0.384765625 0.361328125 0.38671875 0.359375 0.38671875 0.36328125 0.38671875 0.365234375 0.388671875 0.3671875 0.38671875 0.369140625 0.38671875 0.37109375 0.388671875 0.369140625 0.38671875 0.3671875 0.38671875 0.365234375 0.384765625 0.3671875 0.3828125
1 0.53515625 0.23828125 0.533203125 0.240234375 0.533203125 0.244140625 0.53515625 0.244140625 0.537109375 0.24609375 0.5390625 0.244140625 0.541015625 0.24609375 0.5390625 0.244140625 0.5390625 0.2421875
1 0.638671875 0.20703125 0.638671875 0.2109375 0.63671875 0.212890625 0.634765625 0.212890625 0.63671875 0.212890625 0.638671875 0.21484375 0.640625 0.21484375 0.642578125 0.212890625 0.640625 0.2109375 0.642578125 0.208984375 0.642578125 0.20703125
1 0.349609375 0.158203125 0.34765625 0.16015625 0.345703125 0.16015625 0.34375 0.162109375 0.34375 0.1640625 0.345703125 0.166015625 0.34765625 0.166015625 0.349609375 0.1640625 0.353515625 0.16796875 0.3515625 0.166015625 0.353515625 0.1640625 0.3515625 0.1640625 0.349609375 0.162109375 0.3515625 0.16015625
1 0.439453125 0.154296875 0.435546875 0.158203125 0.4296875 0.158203125 0.4296875 0.16015625 0.431640625 0.162109375 0.43359375 0.162109375 0.435546875 0.16015625 0.4375 0.16015625 0.435546875 0.158203125
1 0.44921875 0.1484375 0.44921875 0.15234375 0.447265625 0.154296875 0.447265625 0.15625 0.4453125 0.158203125 0.443359375 0.158203125 0.451171875 0.158203125 0.451171875 0.154296875 0.44921875 0.15234375 0.44921875 0.150390625 0.451171875 0.1484375
1 0.470703125 0.068359375 0.470703125 0.07421875 0.47265625 0.072265625 0.474609375 0.072265625 0.4765625 0.07421875 0.478515625 0.07421875 0.48046875 0.072265625 0.478515625 0.07421875 0.4765625 0.07421875 0.474609375 0.072265625 0.4765625 0.0703125 0.474609375 0.068359375
1 0.021484375 0.05078125 0.01953125 0.052734375 0.01953125 0.05859375 0.021484375 0.060546875 0.01953125 0.05859375 0.0234375 0.0546875 0.0234375 0.05078125
1 0.98046875 0.005859375 0.9765625 0.009765625 0.9765625 0.013671875 0.978515625 0.01171875 0.98046875 0.013671875 0.98046875 0.0078125 0.982421875 0.005859375
