0 0.1953125 0.41796875 0.193359375 0.419921875 0.193359375 0.423828125 0.197265625 0.427734375 0.1953125 0.4296875 0.193359375 0.4296875 0.1953125 0.4296875 0.197265625 0.427734375 0.1953125 0.42578125 0.19921875 0.421875 0.197265625 0.419921875 0.197265625 0.41796875
0 0.34375 0.2109375 0.345703125 0.212890625 0.345703125 0.21484375 0.33984375 0.220703125 0.3359375 0.220703125 0.33984375 0.220703125 0.341796875 0.22265625 0.34375 0.220703125 0.34765625 0.224609375 0.349609375 0.224609375 0.34765625 0.224609375 0.345703125 0.22265625 0.34765625 0.220703125 0.345703125 0.21875 0.34765625 0.216796875 0.345703125 0.21484375 0.345703125 0.2109375
0 0.5 0.177734375 0.501953125 0.177734375 0.50390625 0.1796875 0.5 0.18359375 0.5 0.185546875 0.501953125 0.1875 0.501953125 0.189453125 0.501953125 0.1875 0.50390625 0.185546875 0.50390625 0.18359375 0.5078125 0.1796875 0.505859375 0.181640625 0.501953125 0.177734375
0 0.771484375 0.150390625 0.771484375 0.15625 0.7734375 0.158203125 0.775390625 0.158203125 0.775390625 0.15625 0.77734375 0.154296875 0.77734375 0.150390625 0.775390625 0.15234375 0.7734375 0.15234375
0 0.36328125 0.037109375 0.359375 0.041015625 0.361328125 0.0390625 0.36328125 0.041015625 0.36328125 0.04296875 0.365234375 0.04296875 0.3671875 0.044921875 0.369140625 0.04296875 0.369140625 0.041015625 0.37109375 0.0390625 0.369140625 0.037109375 0.3671875 0.0390625 0.365234375 0.0390625
1 0.1953125 0.41796875 0.193359375 0.419921875 0.193359375 0.423828125 0.197265625 0.427734375 0.1953125 0.4296875 0.193359375 0.4296875 0.1953125 0.4296875 0.197265625 0.427734375 0.1953125 0.42578125 0.19921875 0.421875 0.197265625 0.419921875 0.197265625 0.41796875
1 0.34375 0.2109375 0.345703125 0.212890625 0.345703125 0.21484375 0.33984375 0.220703125 0.3359375 0.220703125 0.33984375 0.220703125 0.341796875 0.22265625 0.34375 0.220703125 0.34765625 0.224609375 0.349609375 0.224609375 0.34765625 0.224609375 0.345703125 0.22265625 0.34765625 0.220703125 0.345703125 0.21875 0.34765625 0.216796875 0.345703125 0.21484375 0.345703125 0.2109375
1 0.5 0.177734375 0.501953125 0.177734375 0.50390625 0.1796875 0.5 0.18359375 0.5 0.185546875 0.501953125 0.1875 0.501953125 0.189453125 0.501953125 0.1875 0.50390625 0.185546875 0.50390625 0.18359375 0.5078125 0.1796875 0.505859375 0.181640625 0.501953125 0.177734375
1 0.771484375 0.150390625 0.771484375 0.15625 0.7734375 0.158203125 0.775390625 0.158203125 0.775390625 0.15625 0.77734375 0.154296875 0.77734375 0.150390625 0.775390625 0.15234375 0.7734375 0.15234375
1 0.36328125 0.037109375 0.359375 0.041015625 0.361328125 0.0390625 0.36328125 0.041015625 0.36328125 0.04296875 0.365234375 0.04296875 0.3671875 0.044921875 0.369140625 0.04296875 0.369140625 0.041015625 0.37109375 0.0390625 0.369140625 0.037109375 0.3671875 0.0390625 0.365234375 0.0390625
