0 0.87890625 0.802734375 0.87890625 0.806640625 0.8828125 0.806640625 0.884765625 0.80859375 0.8828125 0.810546875 0.884765625 0.80859375 0.8828125 0.806640625 0.884765625 0.8046875 0.884765625 0.802734375
0 0.81640625 0.5 0.81640625 0.501953125 0.818359375 0.501953125 0.8203125 0.50390625 0.818359375 0.505859375 0.81640625 0.505859375 0.818359375 0.505859375 0.8203125 0.5078125 0.818359375 0.509765625 0.822265625 0.513671875 0.82421875 0.51171875 0.826171875 0.513671875 0.82421875 0.51171875 0.82421875 0.509765625 0.826171875 0.5078125 0.82421875 0.505859375 0.826171875 0.50390625 0.82421875 0.50390625 0.822265625 0.501953125 0.82421875 0.5 0.8203125 0.50390625
0 0.015625 0.484375 0.01171875 0.48828125 0.009765625 0.48828125 0.01171875 0.48828125 0.013671875 0.490234375 0.013671875 0.494140625 0.015625 0.49609375 0.017578125 0.49609375 0.01953125 0.498046875 0.021484375 0.49609375 0.0234375 0.498046875 0.021484375 0.49609375 0.01953125 0.498046875 0.017578125 0.49609375 0.017578125 0.494140625 0.021484375 0.490234375 0.01953125 0.4921875 0.015625 0.4921875 0.013671875 0.490234375 0.017578125 0.486328125
0 0.875 0.4140625 0.876953125 0.416015625 0.876953125 0.41796875 0.875 0.419921875 0.875 0.423828125 0.8828125 0.423828125 0.880859375 0.423828125 0.87890625 0.421875 0.87890625 0.419921875 0.876953125 0.41796875 0.876953125 0.4140625
0 0.00390625 0.314453125 0.005859375 0.31640625 0.005859375 0.318359375 0.009765625 0.322265625 0.01171875 0.3203125 0.01171875 0.31640625 0.009765625 0.31640625 0.0078125 0.314453125 0.005859375 0.31640625
0 0.533203125 0.3125 0.53515625 0.314453125 0.533203125 0.31640625 0.53125 0.31640625 0.533203125 0.31640625 0.53515625 0.318359375 0.537109375 0.318359375 0.5390625 0.31640625 0.54296875 0.3203125 0.541015625 0.318359375 0.54296875 0.31640625 0.541015625 0.314453125 0.5390625 0.31640625 0.537109375 0.314453125 0.537109375 0.3125 0.53515625 0.314453125
0 0.990234375 0.21875 0.9921875 0.220703125 0.990234375 0.22265625 0.990234375 0.224609375 0.994140625 0.228515625 0.994140625 0.23046875 0.9921875 0.232421875 0.9921875 0.236328125 0.994140625 0.234375 0.99609375 0.236328125 0.99609375 0.228515625 0.994140625 0.228515625 0.9921875 0.2265625 0.994140625 0.224609375 0.99609375 0.224609375 0.994140625 0.224609375 0.9921875 0.2265625 0.990234375 0.224609375 0.990234375 0.22265625 0.9921875 0.220703125 0.994140625 0.220703125 0.9921875 0.220703125
0 0.78125 0.1484375 0.779296875 0.150390625 0.775390625 0.150390625 0.775390625 0.15234375 0.77734375 0.154296875 0.779296875 0.154296875 0.78125 0.15234375
0 0.548828125 0.126953125 0.546875 0.12890625 0.55078125 0.1328125 0.552734375 0.130859375 0.556640625 0.134765625 0.5546875 0.13671875 0.556640625 0.138671875 0.5546875 0.13671875 0.556640625 0.134765625 0.5546875 0.1328125 0.5546875 0.130859375 0.552734375 0.12890625 0.552734375 0.126953125 0.55078125 0.12890625
0 0.939453125 0.115234375 0.94140625 0.1171875 0.939453125 0.119140625 0.94140625 0.12109375 0.939453125 0.123046875 0.94140625 0.12109375 0.943359375 0.123046875 0.9453125 0.12109375 0.947265625 0.12109375 0.94921875 0.123046875 0.947265625 0.12109375 0.947265625 0.119140625 0.9453125 0.1171875 0.94140625 0.1171875
0 0.771484375 0.095703125 0.76953125 0.09765625 0.767578125 0.09765625 0.767578125 0.1015625 0.76953125 0.103515625 0.7734375 0.099609375 0.7734375 0.09765625 0.775390625 0.095703125 0.7734375 0.09765625
0 0.693359375 0.09375 0.6953125 0.095703125 0.693359375 0.09765625 0.693359375 0.099609375 0.697265625 0.103515625 0.697265625 0.10546875 0.693359375 0.109375 0.69140625 0.107421875 0.69140625 0.10546875 0.689453125 0.10546875 0.6875 0.107421875 0.689453125 0.10546875 0.6953125 0.111328125 0.697265625 0.111328125 0.697265625 0.109375 0.69921875 0.107421875 0.69921875 0.103515625 0.697265625 0.103515625 0.6953125 0.1015625 0.697265625 0.099609375 0.69921875 0.099609375 0.697265625 0.099609375 0.6953125 0.1015625 0.693359375 0.099609375 0.693359375 0.09765625 0.6953125 0.095703125 0.697265625 0.095703125 0.6953125 0.095703125
0 0.673828125 0.015625 0.67578125 0.017578125 0.673828125 0.01953125 0.671875 0.01953125 0.673828125 0.01953125 0.67578125 0.021484375 0.677734375 0.021484375 0.6796875 0.01953125 0.68359375 0.0234375 0.681640625 0.021484375 0.68359375 0.01953125 0.681640625 0.017578125 0.6796875 0.01953125 0.677734375 0.017578125 0.677734375 0.015625 0.67578125 0.017578125
0 0.83203125 0.0 0.833984375 0.001953125 0.83203125 0.00390625 0.833984375 0.005859375 0.833984375 0.0078125 0.8359375 0.009765625 0.8359375 0.01171875 0.837890625 0.009765625 0.83984375 0.01171875 0.841796875 0.009765625 0.845703125 0.013671875 0.84375 0.01171875 0.845703125 0.009765625 0.84765625 0.009765625 0.849609375 0.01171875 0.8515625 0.01171875 0.853515625 0.009765625 0.85546875 0.009765625 0.857421875 0.01171875 0.8515625 0.005859375 0.8515625 0.00390625 0.853515625 0.001953125 0.8515625 0.0 0.853515625 0.001953125 0.8515625 0.00390625 0.8515625 0.005859375 0.84765625 0.009765625 0.845703125 0.009765625 0.84375 0.01171875 0.837890625 0.005859375 0.8359375 0.0078125 0.83203125 0.00390625 0.833984375 0.001953125
0 0.71875 0.0 0.71875 0.00390625 0.720703125 0.005859375 0.72265625 0.00390625 0.724609375 0.005859375 0.7265625 0.005859375 0.724609375 0.005859375 0.72265625 0.00390625 0.724609375 0.001953125 0.7265625 0.001953125 0.724609375 0.001953125 0.72265625 0.0
1 0.87890625 0.802734375 0.87890625 0.806640625 0.8828125 0.806640625 0.884765625 0.80859375 0.8828125 0.810546875 0.884765625 0.80859375 0.8828125 0.806640625 0.884765625 0.8046875 0.884765625 0.802734375
1 0.81640625 0.5 0.81640625 0.501953125 0.818359375 0.501953125 0.8203125 0.50390625 0.818359375 0.505859375 0.81640625 0.505859375 0.818359375 0.505859375 0.8203125 0.5078125 0.818359375 0.509765625 0.822265625 0.513671875 0.82421875 0.51171875 0.826171875 0.513671875 0.82421875 0.51171875 0.82421875 0.509765625 0.826171875 0.5078125 0.82421875 0.505859375 0.826171875 0.50390625 0.82421875 0.50390625 0.822265625 0.501953125 0.82421875 0.5 0.8203125 0.50390625
1 0.015625 0.484375 0.01171875 0.48828125 0.009765625 0.48828125 0.01171875 0.48828125 0.013671875 0.490234375 0.013671875 0.494140625 0.015625 0.49609375 0.017578125 0.49609375 0.01953125 0.498046875 0.021484375 0.49609375 0.0234375 0.498046875 0.021484375 0.49609375 0.01953125 0.498046875 0.017578125 0.49609375 0.017578125 0.494140625 0.021484375 0.490234375 0.01953125 0.4921875 0.015625 0.4921875 0.013671875 0.490234375 0.017578125 0.486328125
1 0.875 0.4140625 0.876953125 0.416015625 0.876953125 0.41796875 0.875 0.419921875 0.875 0.423828125 0.8828125 0.423828125 0.880859375 0.423828125 0.87890625 0.421875 0.87890625 0.419921875 0.876953125 0.41796875 0.876953125 0.4140625
1 0.00390625 0.314453125 0.005859375 0.31640625 0.005859375 0.318359375 0.009765625 0.322265625 0.01171875 0.3203125 0.01171875 0.31640625 0.009765625 0.31640625 0.0078125 0.314453125 0.005859375 0.31640625
1 0.533203125 0.3125 0.53515625 0.314453125 0.533203125 0.31640625 0.53125 0.31640625 0.533203125 0.31640625 0.53515625 0.318359375 0.537109375 0.318359375 0.5390625 0.31640625 0.54296875 0.3203125 0.541015625 0.318359375 0.54296875 0.31640625 0.541015625 0.314453125 0.5390625 0.31640625 0.537109375 0.314453125 0.537109375 0.3125 0.53515625 0.314453125
1 0.990234375 0.21875 0.9921875 0.220703125 0.990234375 0.22265625 0.990234375 0.224609375 0.994140625 0.228515625 0.994140625 0.23046875 0.9921875 0.232421875 0.9921875 0.236328125 0.994140625 0.234375 0.99609375 0.236328125 0.99609375 0.228515625 0.994140625 0.228515625 0.9921875 0.2265625 0.994140625 0.224609375 0.99609375 0.224609375 0.994140625 0.224609375 0.9921875 0.2265625 0.990234375 0.224609375 0.990234375 0.22265625 0.9921875 0.220703125 0.994140625 0.220703125 0.9921875 0.220703125
1 0.78125 0.1484375 0.779296875 0.150390625 0.775390625 0.150390625 0.775390625 0.15234375 0.77734375 0.154296875 0.779296875 0.154296875 0.78125 0.15234375
1 0.548828125 0.126953125 0.546875 0.12890625 0.55078125 0.1328125 0.552734375 0.130859375 0.556640625 0.134765625 0.5546875 0.13671875 0.556640625 0.138671875 0.5546875 0.13671875 0.556640625 0.134765625 0.5546875 0.1328125 0.5546875 0.130859375 0.552734375 0.12890625 0.552734375 0.126953125 0.55078125 0.12890625
1 0.939453125 0.115234375 0.94140625 0.1171875 0.939453125 0.119140625 0.94140625 0.12109375 0.939453125 0.123046875 0.94140625 0.12109375 0.943359375 0.123046875 0.9453125 0.12109375 0.947265625 0.12109375 0.94921875 0.123046875 0.947265625 0.12109375 0.947265625 0.119140625 0.9453125 0.1171875 0.94140625 0.1171875
1 0.771484375 0.095703125 0.76953125 0.09765625 0.767578125 0.09765625 0.767578125 0.1015625 0.76953125 0.103515625 0.7734375 0.099609375 0.7734375 0.09765625 0.775390625 0.095703125 0.7734375 0.09765625
1 0.693359375 0.09375 0.6953125 0.095703125 0.693359375 0.09765625 0.693359375 0.099609375 0.697265625 0.103515625 0.697265625 0.10546875 0.693359375 0.109375 0.69140625 0.107421875 0.69140625 0.10546875 0.689453125 0.10546875 0.6875 0.107421875 0.689453125 0.10546875 0.6953125 0.111328125 0.697265625 0.111328125 0.697265625 0.109375 0.69921875 0.107421875 0.69921875 0.103515625 0.697265625 0.103515625 0.6953125 0.1015625 0.697265625 0.099609375 0.69921875 0.099609375 0.697265625 0.099609375 0.6953125 0.1015625 0.693359375 0.099609375 0.693359375 0.09765625 0.6953125 0.095703125 0.697265625 0.095703125 0.6953125 0.095703125
1 0.673828125 0.015625 0.67578125 0.017578125 0.673828125 0.01953125 0.671875 0.01953125 0.673828125 0.01953125 0.67578125 0.021484375 0.677734375 0.021484375 0.6796875 0.01953125 0.68359375 0.0234375 0.681640625 0.021484375 0.68359375 0.01953125 0.681640625 0.017578125 0.6796875 0.01953125 0.677734375 0.017578125 0.677734375 0.015625 0.67578125 0.017578125
1 0.83203125 0.0 0.833984375 0.001953125 0.83203125 0.00390625 0.833984375 0.005859375 0.833984375 0.0078125 0.8359375 0.009765625 0.8359375 0.01171875 0.837890625 0.009765625 0.83984375 0.01171875 0.841796875 0.009765625 0.845703125 0.013671875 0.84375 0.01171875 0.845703125 0.009765625 0.84765625 0.009765625 0.849609375 0.01171875 0.8515625 0.01171875 0.853515625 0.009765625 0.85546875 0.009765625 0.857421875 0.01171875 0.8515625 0.005859375 0.8515625 0.00390625 0.853515625 0.001953125 0.8515625 0.0 0.853515625 0.001953125 0.8515625 0.00390625 0.8515625 0.005859375 0.84765625 0.009765625 0.845703125 0.009765625 0.84375 0.01171875 0.837890625 0.005859375 0.8359375 0.0078125 0.83203125 0.00390625 0.833984375 0.001953125
1 0.71875 0.0 0.71875 0.00390625 0.720703125 0.005859375 0.72265625 0.00390625 0.724609375 0.005859375 0.7265625 0.005859375 0.724609375 0.005859375 0.72265625 0.00390625 0.724609375 0.001953125 0.7265625 0.001953125 0.724609375 0.001953125 0.72265625 0.0
