0 0.11328125 0.95703125 0.115234375 0.958984375 0.11328125 0.9609375 0.115234375 0.962890625 0.12109375 0.962890625 0.119140625 0.9609375 0.119140625 0.958984375 0.1171875 0.958984375 0.115234375 0.95703125
0 0.884765625 0.818359375 0.880859375 0.822265625 0.876953125 0.822265625 0.875 0.82421875 0.87890625 0.828125 0.87890625 0.830078125 0.880859375 0.830078125 0.8828125 0.828125 0.880859375 0.826171875 0.884765625 0.822265625 0.88671875 0.822265625 0.888671875 0.82421875 0.88671875 0.826171875 0.888671875 0.82421875 0.88671875 0.822265625 0.888671875 0.8203125 0.88671875 0.822265625 0.884765625 0.822265625 0.8828125 0.8203125
0 0.603515625 0.8125 0.60546875 0.814453125 0.60546875 0.81640625 0.607421875 0.818359375 0.60546875 0.8203125 0.603515625 0.8203125 0.599609375 0.81640625 0.599609375 0.814453125 0.599609375 0.81640625 0.6015625 0.818359375 0.59765625 0.822265625 0.599609375 0.822265625 0.6015625 0.82421875 0.603515625 0.82421875 0.60546875 0.822265625 0.60546875 0.8203125 0.607421875 0.818359375 0.60546875 0.81640625 0.60546875 0.814453125
0 0.875 0.765625 0.875 0.76953125 0.876953125 0.76953125 0.87890625 0.771484375 0.880859375 0.76953125 0.87890625 0.767578125 0.87890625 0.765625
0 0.810546875 0.548828125 0.80859375 0.55078125 0.806640625 0.55078125 0.806640625 0.552734375 0.802734375 0.556640625 0.80078125 0.5546875 0.802734375 0.556640625 0.8046875 0.5546875 0.80859375 0.55859375 0.806640625 0.556640625 0.80859375 0.5546875 0.810546875 0.5546875
0 0.890625 0.3203125 0.892578125 0.322265625 0.892578125 0.32421875 0.890625 0.326171875 0.890625 0.330078125 0.89453125 0.333984375 0.892578125 0.3359375 0.890625 0.3359375 0.892578125 0.3359375 0.896484375 0.33203125 0.8984375 0.333984375 0.89453125 0.330078125 0.89453125 0.322265625 0.892578125 0.322265625
1 0.11328125 0.95703125 0.115234375 0.958984375 0.11328125 0.9609375 0.115234375 0.962890625 0.12109375 0.962890625 0.119140625 0.9609375 0.119140625 0.958984375 0.1171875 0.958984375 0.115234375 0.95703125
1 0.884765625 0.818359375 0.880859375 0.822265625 0.876953125 0.822265625 0.875 0.82421875 0.87890625 0.828125 0.87890625 0.830078125 0.880859375 0.830078125 0.8828125 0.828125 0.880859375 0.826171875 0.884765625 0.822265625 0.88671875 0.822265625 0.888671875 0.82421875 0.88671875 0.826171875 0.888671875 0.82421875 0.88671875 0.822265625 0.888671875 0.8203125 0.88671875 0.822265625 0.884765625 0.822265625 0.8828125 0.8203125
1 0.603515625 0.8125 0.60546875 0.814453125 0.60546875 0.81640625 0.607421875 0.818359375 0.60546875 0.8203125 0.603515625 0.8203125 0.599609375 0.81640625 0.599609375 0.814453125 0.599609375 0.81640625 0.6015625 0.818359375 0.59765625 0.822265625 0.599609375 0.822265625 0.6015625 0.82421875 0.603515625 0.82421875 0.60546875 0.822265625 0.60546875 0.8203125 0.607421875 0.818359375 0.60546875 0.81640625 0.60546875 0.814453125
1 0.875 0.765625 0.875 0.76953125 0.876953125 0.76953125 0.87890625 0.771484375 0.880859375 0.76953125 0.87890625 0.767578125 0.87890625 0.765625
1 0.810546875 0.548828125 0.80859375 0.55078125 0.806640625 0.55078125 0.806640625 0.552734375 0.802734375 0.556640625 0.80078125 0.5546875 0.802734375 0.556640625 0.8046875 0.5546875 0.80859375 0.55859375 0.806640625 0.556640625 0.80859375 0.5546875 0.810546875 0.5546875
1 0.890625 0.3203125 0.892578125 0.322265625 0.892578125 0.32421875 0.890625 0.326171875 0.890625 0.330078125 0.89453125 0.333984375 0.892578125 0.3359375 0.890625 0.3359375 0.892578125 0.3359375 0.896484375 0.33203125 0.8984375 0.333984375 0.89453125 0.330078125 0.89453125 0.322265625 0.892578125 0.322265625
