0 0.712890625 0.953125 0.7109375 0.955078125 0.712890625 0.95703125 0.7109375 0.958984375 0.7109375 0.9609375 0.708984375 0.962890625 0.705078125 0.958984375 0.70703125 0.95703125 0.70703125 0.955078125 0.705078125 0.95703125 0.705078125 0.958984375 0.708984375 0.962890625 0.712890625 0.958984375 0.716796875 0.962890625 0.71484375 0.9609375 0.716796875 0.958984375 0.71484375 0.95703125 0.716796875 0.955078125 0.71484375 0.953125
0 0.673828125 0.9375 0.67578125 0.939453125 0.673828125 0.94140625 0.67578125 0.943359375 0.673828125 0.9453125 0.67578125 0.943359375 0.6796875 0.943359375 0.681640625 0.94140625 0.681640625 0.939453125 0.68359375 0.9375 0.681640625 0.939453125 0.6796875 0.939453125 0.677734375 0.9375 0.67578125 0.939453125
0 0.80078125 0.7578125 0.798828125 0.759765625 0.798828125 0.76171875 0.80078125 0.763671875 0.796875 0.767578125 0.798828125 0.765625 0.80078125 0.765625 0.802734375 0.767578125 0.802734375 0.76953125 0.80859375 0.76953125 0.810546875 0.767578125 0.810546875 0.765625 0.806640625 0.76171875 0.802734375 0.76171875 0.80078125 0.763671875 0.798828125 0.76171875 0.798828125 0.759765625 0.80078125 0.7578125 0.802734375 0.7578125
0 0.84765625 0.673828125 0.849609375 0.67578125 0.84765625 0.677734375 0.84765625 0.681640625 0.849609375 0.68359375 0.853515625 0.6796875 0.8515625 0.6796875 0.849609375 0.677734375 0.849609375 0.67578125
0 0.958984375 0.474609375 0.9609375 0.4765625 0.958984375 0.478515625 0.95703125 0.478515625 0.955078125 0.4765625 0.9609375 0.482421875 0.962890625 0.482421875 0.962890625 0.48046875 0.96484375 0.478515625 0.966796875 0.48046875 0.962890625 0.4765625 0.9609375 0.4765625
0 0.890625 0.421875 0.888671875 0.423828125 0.890625 0.42578125 0.890625 0.427734375 0.892578125 0.4296875 0.890625 0.431640625 0.888671875 0.431640625 0.88671875 0.43359375 0.8828125 0.43359375 0.88671875 0.43359375 0.888671875 0.435546875 0.88671875 0.4375 0.890625 0.44140625 0.888671875 0.443359375 0.890625 0.4453125 0.890625 0.447265625 0.892578125 0.44921875 0.890625 0.451171875 0.892578125 0.44921875 0.890625 0.447265625 0.890625 0.4453125 0.892578125 0.443359375 0.89453125 0.443359375 0.892578125 0.443359375 0.890625 0.44140625 0.89453125 0.4375 0.896484375 0.439453125 0.89453125 0.4375 0.89453125 0.435546875 0.896484375 0.43359375 0.89453125 0.435546875 0.890625 0.431640625 0.892578125 0.4296875 0.89453125 0.4296875 0.892578125 0.4296875 0.890625 0.427734375 0.890625 0.42578125 0.892578125 0.423828125
0 0.755859375 0.234375 0.7578125 0.236328125 0.755859375 0.23828125 0.755859375 0.240234375 0.759765625 0.244140625 0.759765625 0.24609375 0.755859375 0.25 0.75390625 0.248046875 0.75390625 0.24609375 0.751953125 0.24609375 0.75 0.248046875 0.751953125 0.24609375 0.7578125 0.251953125 0.759765625 0.251953125 0.759765625 0.25 0.76171875 0.248046875 0.76171875 0.244140625 0.759765625 0.244140625 0.7578125 0.2421875 0.759765625 0.240234375 0.76171875 0.240234375 0.759765625 0.240234375 0.7578125 0.2421875 0.755859375 0.240234375 0.755859375 0.23828125 0.7578125 0.236328125 0.759765625 0.236328125 0.7578125 0.236328125
1 0.712890625 0.953125 0.7109375 0.955078125 0.712890625 0.95703125 0.7109375 0.958984375 0.7109375 0.9609375 0.708984375 0.962890625 0.705078125 0.958984375 0.70703125 0.95703125 0.70703125 0.955078125 0.705078125 0.95703125 0.705078125 0.958984375 0.708984375 0.962890625 0.712890625 0.958984375 0.716796875 0.962890625 0.71484375 0.9609375 0.716796875 0.958984375 0.71484375 0.95703125 0.716796875 0.955078125 0.71484375 0.953125
1 0.673828125 0.9375 0.67578125 0.939453125 0.673828125 0.94140625 0.67578125 0.943359375 0.673828125 0.9453125 0.67578125 0.943359375 0.6796875 0.943359375 0.681640625 0.94140625 0.681640625 0.939453125 0.68359375 0.9375 0.681640625 0.939453125 0.6796875 0.939453125 0.677734375 0.9375 0.67578125 0.939453125
1 0.80078125 0.7578125 0.798828125 0.759765625 0.798828125 0.76171875 0.80078125 0.763671875 0.796875 0.767578125 0.798828125 0.765625 0.80078125 0.765625 0.802734375 0.767578125 0.802734375 0.76953125 0.80859375 0.76953125 0.810546875 0.767578125 0.810546875 0.765625 0.806640625 0.76171875 0.802734375 0.76171875 0.80078125 0.763671875 0.798828125 0.76171875 0.798828125 0.759765625 0.80078125 0.7578125 0.802734375 0.7578125
1 0.84765625 0.673828125 0.849609375 0.67578125 0.84765625 0.677734375 0.84765625 0.681640625 0.849609375 0.68359375 0.853515625 0.6796875 0.8515625 0.6796875 0.849609375 0.677734375 0.849609375 0.67578125
1 0.958984375 0.474609375 0.9609375 0.4765625 0.958984375 0.478515625 0.95703125 0.478515625 0.955078125 0.4765625 0.9609375 0.482421875 0.962890625 0.482421875 0.962890625 0.48046875 0.96484375 0.478515625 0.966796875 0.48046875 0.962890625 0.4765625 0.9609375 0.4765625
1 0.890625 0.421875 0.888671875 0.423828125 0.890625 0.42578125 0.890625 0.427734375 0.892578125 0.4296875 0.890625 0.431640625 0.888671875 0.431640625 0.88671875 0.43359375 0.8828125 0.43359375 0.88671875 0.43359375 0.888671875 0.435546875 0.88671875 0.4375 0.890625 0.44140625 0.888671875 0.443359375 0.890625 0.4453125 0.890625 0.447265625 0.892578125 0.44921875 0.890625 0.451171875 0.892578125 0.44921875 0.890625 0.447265625 0.890625 0.4453125 0.892578125 0.443359375 0.89453125 0.443359375 0.892578125 0.443359375 0.890625 0.44140625 0.89453125 0.4375 0.896484375 0.439453125 0.89453125 0.4375 0.89453125 0.435546875 0.896484375 0.43359375 0.89453125 0.435546875 0.890625 0.431640625 0.892578125 0.4296875 0.89453125 0.4296875 0.892578125 0.4296875 0.890625 0.427734375 0.890625 0.42578125 0.892578125 0.423828125
1 0.755859375 0.234375 0.7578125 0.236328125 0.755859375 0.23828125 0.755859375 0.240234375 0.759765625 0.244140625 0.759765625 0.24609375 0.755859375 0.25 0.75390625 0.248046875 0.75390625 0.24609375 0.751953125 0.24609375 0.75 0.248046875 0.751953125 0.24609375 0.7578125 0.251953125 0.759765625 0.251953125 0.759765625 0.25 0.76171875 0.248046875 0.76171875 0.244140625 0.759765625 0.244140625 0.7578125 0.2421875 0.759765625 0.240234375 0.76171875 0.240234375 0.759765625 0.240234375 0.7578125 0.2421875 0.755859375 0.240234375 0.755859375 0.23828125 0.7578125 0.236328125 0.759765625 0.236328125 0.7578125 0.236328125
