0 0.5859375 0.986328125 0.583984375 0.98828125 0.58203125 0.98828125 0.5859375 0.9921875 0.583984375 0.994140625 0.583984375 0.99609375 0.583984375 0.994140625 0.587890625 0.990234375 0.58984375 0.990234375 0.591796875 0.9921875 0.58984375 0.994140625 0.58984375 0.99609375 0.587890625 0.998046875 0.58984375 0.99609375 0.58984375 0.994140625 0.591796875 0.9921875 0.58984375 0.990234375 0.58984375 0.98828125 0.587890625 0.986328125
0 0.671875 0.650390625 0.673828125 0.65234375 0.671875 0.654296875 0.671875 0.65625 0.67578125 0.65625 0.677734375 0.658203125 0.677734375 0.66015625 0.677734375 0.658203125 0.6796875 0.65625 0.681640625 0.658203125 0.681640625 0.66015625 0.68359375 0.66015625 0.685546875 0.662109375 0.685546875 0.65625 0.68359375 0.654296875 0.68359375 0.65625 0.681640625 0.658203125 0.67578125 0.65234375 0.67578125 0.650390625 0.673828125 0.65234375
0 0.921875 0.625 0.921875 0.62890625 0.923828125 0.62890625 0.92578125 0.630859375 0.927734375 0.62890625 0.92578125 0.626953125 0.92578125 0.625
0 0.724609375 0.5703125 0.7265625 0.5703125 0.728515625 0.572265625 0.7265625 0.57421875 0.724609375 0.57421875 0.7265625 0.57421875 0.73046875 0.578125 0.73046875 0.580078125 0.73046875 0.578125 0.732421875 0.576171875 0.734375 0.576171875 0.736328125 0.57421875 0.740234375 0.57421875 0.736328125 0.57421875 0.734375 0.572265625 0.732421875 0.572265625 0.73046875 0.5703125 0.728515625 0.572265625 0.7265625 0.5703125
0 0.994140625 0.330078125 0.990234375 0.333984375 0.98828125 0.33203125 0.986328125 0.33203125 0.984375 0.333984375 0.984375 0.3359375 0.986328125 0.337890625 0.98828125 0.337890625 0.990234375 0.33984375 0.9921875 0.337890625 0.990234375 0.3359375 0.9921875 0.333984375 0.994140625 0.333984375 0.9921875 0.33203125
0 0.42578125 0.3046875 0.421875 0.30859375 0.419921875 0.30859375 0.41796875 0.310546875 0.419921875 0.3125 0.41796875 0.314453125 0.4140625 0.314453125 0.41796875 0.314453125 0.419921875 0.31640625 0.421875 0.31640625 0.423828125 0.318359375 0.421875 0.3203125 0.421875 0.322265625 0.419921875 0.32421875 0.421875 0.326171875 0.423828125 0.32421875 0.421875 0.322265625 0.421875 0.3203125 0.423828125 0.318359375 0.42578125 0.318359375 0.423828125 0.318359375 0.421875 0.31640625 0.42578125 0.3125 0.427734375 0.314453125 0.423828125 0.310546875 0.42578125 0.30859375 0.423828125 0.306640625 0.42578125 0.3046875 0.427734375 0.3046875
0 0.349609375 0.251953125 0.349609375 0.25390625 0.345703125 0.2578125 0.34765625 0.259765625 0.345703125 0.26171875 0.345703125 0.263671875 0.345703125 0.26171875 0.34765625 0.259765625 0.349609375 0.26171875 0.349609375 0.265625 0.353515625 0.265625 0.353515625 0.2578125 0.349609375 0.26171875 0.345703125 0.2578125 0.349609375 0.25390625
0 0.970703125 0.109375 0.96875 0.111328125 0.970703125 0.11328125 0.970703125 0.115234375 0.97265625 0.11328125 0.974609375 0.11328125 0.978515625 0.1171875 0.9765625 0.119140625 0.978515625 0.12109375 0.9765625 0.119140625 0.978515625 0.1171875 0.9765625 0.115234375 0.978515625 0.11328125 0.978515625 0.111328125 0.98046875 0.109375 0.982421875 0.111328125 0.98046875 0.109375 0.978515625 0.111328125 0.9765625 0.109375
0 0.642578125 0.0 0.646484375 0.00390625 0.64453125 0.005859375 0.642578125 0.005859375 0.64453125 0.005859375 0.646484375 0.0078125 0.646484375 0.009765625 0.6484375 0.01171875 0.650390625 0.01171875 0.6484375 0.009765625 0.650390625 0.0078125 0.650390625 0.005859375 0.6484375 0.005859375 0.646484375 0.00390625 0.646484375 0.001953125 0.6484375 0.0 0.650390625 0.001953125 0.6484375 0.0 0.646484375 0.001953125 0.64453125 0.001953125
1 0.5859375 0.986328125 0.583984375 0.98828125 0.58203125 0.98828125 0.5859375 0.9921875 0.583984375 0.994140625 0.583984375 0.99609375 0.583984375 0.994140625 0.587890625 0.990234375 0.58984375 0.990234375 0.591796875 0.9921875 0.58984375 0.994140625 0.58984375 0.99609375 0.587890625 0.998046875 0.58984375 0.99609375 0.58984375 0.994140625 0.591796875 0.9921875 0.58984375 0.990234375 0.58984375 0.98828125 0.587890625 0.986328125
1 0.671875 0.650390625 0.673828125 0.65234375 0.671875 0.654296875 0.671875 0.65625 0.67578125 0.65625 0.677734375 0.658203125 0.677734375 0.66015625 0.677734375 0.658203125 0.6796875 0.65625 0.681640625 0.658203125 0.681640625 0.66015625 0.68359375 0.66015625 0.685546875 0.662109375 0.685546875 0.65625 0.68359375 0.654296875 0.68359375 0.65625 0.681640625 0.658203125 0.67578125 0.65234375 0.67578125 0.650390625 0.673828125 0.65234375
1 0.921875 0.625 0.921875 0.62890625 0.923828125 0.62890625 0.92578125 0.630859375 0.927734375 0.62890625 0.92578125 0.626953125 0.92578125 0.625
1 0.724609375 0.5703125 0.7265625 0.5703125 0.728515625 0.572265625 0.7265625 0.57421875 0.724609375 0.57421875 0.7265625 0.57421875 0.73046875 0.578125 0.73046875 0.580078125 0.73046875 0.578125 0.732421875 0.576171875 0.734375 0.576171875 0.736328125 0.57421875 0.740234375 0.57421875 0.736328125 0.57421875 0.734375 0.572265625 0.732421875 0.572265625 0.73046875 0.5703125 0.728515625 0.572265625 0.7265625 0.5703125
1 0.994140625 0.330078125 0.990234375 0.333984375 0.98828125 0.33203125 0.986328125 0.33203125 0.984375 0.333984375 0.984375 0.3359375 0.986328125 0.337890625 0.98828125 0.337890625 0.990234375 0.33984375 0.9921875 0.337890625 0.990234375 0.3359375 0.9921875 0.333984375 0.994140625 0.333984375 0.9921875 0.33203125
1 0.42578125 0.3046875 0.421875 0.30859375 0.419921875 0.30859375 0.41796875 0.310546875 0.419921875 0.3125 0.41796875 0.314453125 0.4140625 0.314453125 0.41796875 0.314453125 0.419921875 0.31640625 0.421875 0.31640625 0.423828125 0.318359375 0.421875 0.3203125 0.421875 0.322265625 0.419921875 0.32421875 0.421875 0.326171875 0.423828125 0.32421875 0.421875 0.322265625 0.421875 0.3203125 0.423828125 0.318359375 0.42578125 0.318359375 0.423828125 0.318359375 0.421875 0.31640625 0.42578125 0.3125 0.427734375 0.314453125 0.423828125 0.310546875 0.42578125 0.30859375 0.423828125 0.306640625 0.42578125 0.3046875 0.427734375 0.3046875
1 0.349609375 0.251953125 0.349609375 0.25390625 0.345703125 0.2578125 0.34765625 0.259765625 0.345703125 0.26171875 0.345703125 0.263671875 0.345703125 0.26171875 0.34765625 0.259765625 0.349609375 0.26171875 0.349609375 0.265625 0.353515625 0.265625 0.353515625 0.2578125 0.349609375 0.26171875 0.345703125 0.2578125 0.349609375 0.25390625
1 0.970703125 0.109375 0.96875 0.111328125 0.970703125 0.11328125 0.970703125 0.115234375 0.97265625 0.11328125 0.974609375 0.11328125 0.978515625 0.1171875 0.9765625 0.119140625 0.978515625 0.12109375 0.9765625 0.119140625 0.978515625 0.1171875 0.9765625 0.115234375 0.978515625 0.11328125 0.978515625 0.111328125 0.98046875 0.109375 0.982421875 0.111328125 0.98046875 0.109375 0.978515625 0.111328125 0.9765625 0.109375
1 0.642578125 0.0 0.646484375 0.00390625 0.64453125 0.005859375 0.642578125 0.005859375 0.64453125 0.005859375 0.646484375 0.0078125 0.646484375 0.009765625 0.6484375 0.01171875 0.650390625 0.01171875 0.6484375 0.009765625 0.650390625 0.0078125 0.650390625 0.005859375 0.6484375 0.005859375 0.646484375 0.00390625 0.646484375 0.001953125 0.6484375 0.0 0.650390625 0.001953125 0.6484375 0.0 0.646484375 0.001953125 0.64453125 0.001953125
