0 0.869140625 0.625 0.865234375 0.62890625 0.8671875 0.630859375 0.865234375 0.6328125 0.86328125 0.6328125 0.865234375 0.6328125 0.8671875 0.634765625 0.865234375 0.63671875 0.86328125 0.63671875 0.86328125 0.638671875 0.8671875 0.634765625 0.87109375 0.638671875 0.869140625 0.63671875 0.87109375 0.634765625 0.873046875 0.634765625 0.87109375 0.6328125 0.873046875 0.630859375 0.87109375 0.62890625 0.87109375 0.626953125 0.873046875 0.625 0.87109375 0.626953125
0 0.873046875 0.578125 0.87109375 0.580078125 0.8671875 0.580078125 0.87109375 0.580078125 0.875 0.583984375 0.876953125 0.58203125 0.876953125 0.578125
0 0.79296875 0.51953125 0.79296875 0.521484375 0.794921875 0.5234375 0.79296875 0.525390625 0.794921875 0.52734375 0.796875 0.52734375 0.798828125 0.525390625 0.796875 0.5234375 0.798828125 0.521484375 0.798828125 0.51953125
0 0.611328125 0.427734375 0.611328125 0.4296875 0.609375 0.431640625 0.61328125 0.435546875 0.615234375 0.43359375 0.6171875 0.43359375 0.615234375 0.431640625 0.6171875 0.4296875 0.615234375 0.427734375 0.615234375 0.4296875 0.61328125 0.431640625 0.611328125 0.4296875
0 0.9765625 0.283203125 0.978515625 0.28515625 0.97265625 0.291015625 0.97265625 0.29296875 0.970703125 0.294921875 0.96875 0.29296875 0.970703125 0.294921875 0.97265625 0.29296875 0.974609375 0.294921875 0.9765625 0.294921875 0.978515625 0.29296875 0.98046875 0.29296875 0.98046875 0.2890625 0.98046875 0.291015625 0.978515625 0.29296875 0.9765625 0.291015625 0.9765625 0.287109375 0.978515625 0.28515625 0.98046875 0.28515625 0.978515625 0.28515625
0 0.986328125 0.115234375 0.984375 0.1171875 0.986328125 0.119140625 0.986328125 0.12109375 0.98828125 0.123046875 0.990234375 0.123046875 0.9921875 0.12109375 0.990234375 0.119140625 0.990234375 0.115234375 0.98828125 0.1171875
0 0.80078125 0.037109375 0.796875 0.041015625 0.798828125 0.0390625 0.80078125 0.041015625 0.80078125 0.04296875 0.802734375 0.04296875 0.8046875 0.044921875 0.806640625 0.04296875 0.806640625 0.041015625 0.80859375 0.0390625 0.806640625 0.037109375 0.8046875 0.0390625 0.802734375 0.0390625
1 0.869140625 0.625 0.865234375 0.62890625 0.8671875 0.630859375 0.865234375 0.6328125 0.86328125 0.6328125 0.865234375 0.6328125 0.8671875 0.634765625 0.865234375 0.63671875 0.86328125 0.63671875 0.86328125 0.638671875 0.8671875 0.634765625 0.87109375 0.638671875 0.869140625 0.63671875 0.87109375 0.634765625 0.873046875 0.634765625 0.87109375 0.6328125 0.873046875 0.630859375 0.87109375 0.62890625 0.87109375 0.626953125 0.873046875 0.625 0.87109375 0.626953125
1 0.873046875 0.578125 0.87109375 0.580078125 0.8671875 0.580078125 0.87109375 0.580078125 0.875 0.583984375 0.876953125 0.58203125 0.876953125 0.578125
1 0.79296875 0.51953125 0.79296875 0.521484375 0.794921875 0.5234375 0.79296875 0.525390625 0.794921875 0.52734375 0.796875 0.52734375 0.798828125 0.525390625 0.796875 0.5234375 0.798828125 0.521484375 0.798828125 0.51953125
1 0.611328125 0.427734375 0.611328125 0.4296875 0.609375 0.431640625 0.61328125 0.435546875 0.615234375 0.43359375 0.6171875 0.43359375 0.615234375 0.431640625 0.6171875 0.4296875 0.615234375 0.427734375 0.615234375 0.4296875 0.61328125 0.431640625 0.611328125 0.4296875
1 0.9765625 0.283203125 0.978515625 0.28515625 0.97265625 0.291015625 0.97265625 0.29296875 0.970703125 0.294921875 0.96875 0.29296875 0.970703125 0.294921875 0.97265625 0.29296875 0.974609375 0.294921875 0.9765625 0.294921875 0.978515625 0.29296875 0.98046875 0.29296875 0.98046875 0.2890625 0.98046875 0.291015625 0.978515625 0.29296875 0.9765625 0.291015625 0.9765625 0.287109375 0.978515625 0.28515625 0.98046875 0.28515625 0.978515625 0.28515625
1 0.986328125 0.115234375 0.984375 0.1171875 0.986328125 0.119140625 0.986328125 0.12109375 0.98828125 0.123046875 0.990234375 0.123046875 0.9921875 0.12109375 0.990234375 0.119140625 0.990234375 0.115234375 0.98828125 0.1171875
1 0.80078125 0.037109375 0.796875 0.041015625 0.798828125 0.0390625 0.80078125 0.041015625 0.80078125 0.04296875 0.802734375 0.04296875 0.8046875 0.044921875 0.806640625 0.04296875 0.806640625 0.041015625 0.80859375 0.0390625 0.806640625 0.037109375 0.8046875 0.0390625 0.802734375 0.0390625
