0 0.021484375 0.47265625 0.01953125 0.474609375 0.01953125 0.48046875 0.0234375 0.48046875 0.025390625 0.482421875 0.0234375 0.48046875 0.025390625 0.478515625 0.02734375 0.478515625 0.025390625 0.4765625 0.025390625 0.474609375 0.0234375 0.474609375
0 0.3671875 0.3671875 0.369140625 0.3671875 0.37109375 0.369140625 0.369140625 0.37109375 0.37109375 0.373046875 0.37109375 0.375 0.373046875 0.376953125 0.373046875 0.375 0.375 0.373046875 0.376953125 0.373046875 0.375 0.37109375 0.373046875 0.37109375 0.369140625 0.3671875
0 0.34765625 0.267578125 0.3515625 0.271484375 0.34765625 0.275390625 0.3515625 0.279296875 0.353515625 0.27734375 0.357421875 0.27734375 0.357421875 0.275390625 0.35546875 0.2734375 0.353515625 0.275390625 0.3515625 0.2734375 0.3515625 0.271484375 0.349609375 0.26953125 0.3515625 0.267578125 0.349609375 0.26953125
0 0.6875 0.17578125 0.689453125 0.17578125 0.69140625 0.177734375 0.689453125 0.1796875 0.689453125 0.181640625 0.69140625 0.18359375 0.689453125 0.185546875 0.6953125 0.185546875 0.697265625 0.18359375 0.697265625 0.177734375 0.6953125 0.177734375 0.693359375 0.17578125 0.69140625 0.177734375 0.689453125 0.17578125
0 0.98046875 0.046875 0.9765625 0.05078125 0.978515625 0.052734375 0.978515625 0.056640625 0.98046875 0.0546875 0.982421875 0.0546875 0.984375 0.052734375 0.990234375 0.052734375 0.986328125 0.052734375 0.984375 0.05078125 0.986328125 0.048828125 0.982421875 0.048828125
0 0.22265625 0.041015625 0.224609375 0.04296875 0.224609375 0.044921875 0.22265625 0.046875 0.21875 0.04296875 0.21875 0.044921875 0.21484375 0.048828125 0.2109375 0.048828125 0.21484375 0.048828125 0.216796875 0.05078125 0.21875 0.05078125 0.220703125 0.052734375 0.21875 0.0546875 0.21875 0.056640625 0.216796875 0.05859375 0.21875 0.060546875 0.220703125 0.05859375 0.21875 0.056640625 0.21875 0.0546875 0.220703125 0.052734375 0.22265625 0.052734375 0.220703125 0.052734375 0.21875 0.05078125 0.22265625 0.046875 0.224609375 0.048828125 0.22265625 0.046875 0.224609375 0.044921875 0.224609375 0.04296875
0 0.4921875 0.015625 0.4921875 0.01953125 0.494140625 0.021484375 0.49609375 0.021484375 0.49609375 0.015625
0 0.970703125 0.005859375 0.96875 0.0078125 0.970703125 0.009765625 0.970703125 0.01171875 0.97265625 0.013671875 0.974609375 0.013671875 0.9765625 0.01171875 0.974609375 0.009765625 0.974609375 0.005859375 0.97265625 0.0078125
1 0.021484375 0.47265625 0.01953125 0.474609375 0.01953125 0.48046875 0.0234375 0.48046875 0.025390625 0.482421875 0.0234375 0.48046875 0.025390625 0.478515625 0.02734375 0.478515625 0.025390625 0.4765625 0.025390625 0.474609375 0.0234375 0.474609375
1 0.3671875 0.3671875 0.369140625 0.3671875 0.37109375 0.369140625 0.369140625 0.37109375 0.37109375 0.373046875 0.37109375 0.375 0.373046875 0.376953125 0.373046875 0.375 0.375 0.373046875 0.376953125 0.373046875 0.375 0.37109375 0.373046875 0.37109375 0.369140625 0.3671875
1 0.34765625 0.267578125 0.3515625 0.271484375 0.34765625 0.275390625 0.3515625 0.279296875 0.353515625 0.27734375 0.357421875 0.27734375 0.357421875 0.275390625 0.35546875 0.2734375 0.353515625 0.275390625 0.3515625 0.2734375 0.3515625 0.271484375 0.349609375 0.26953125 0.3515625 0.267578125 0.349609375 0.26953125
1 0.6875 0.17578125 0.689453125 0.17578125 0.69140625 0.177734375 0.689453125 0.1796875 0.689453125 0.181640625 0.69140625 0.18359375 0.689453125 0.185546875 0.6953125 0.185546875 0.697265625 0.18359375 0.697265625 0.177734375 0.6953125 0.177734375 0.693359375 0.17578125 0.69140625 0.177734375 0.689453125 0.17578125
1 0.98046875 0.046875 0.9765625 0.05078125 0.978515625 0.052734375 0.978515625 0.056640625 0.98046875 0.0546875 0.982421875 0.0546875 0.984375 0.052734375 0.990234375 0.052734375 0.986328125 0.052734375 0.984375 0.05078125 0.986328125 0.048828125 0.982421875 0.048828125
1 0.22265625 0.041015625 0.224609375 0.04296875 0.224609375 0.044921875 0.22265625 0.046875 0.21875 0.04296875 0.21875 0.044921875 0.21484375 0.048828125 0.2109375 0.048828125 0.21484375 0.048828125 0.216796875 0.05078125 0.21875 0.05078125 0.220703125 0.052734375 0.21875 0.0546875 0.21875 0.056640625 0.216796875 0.05859375 0.21875 0.060546875 0.220703125 0.05859375 0.21875 0.056640625 0.21875 0.0546875 0.220703125 0.052734375 0.22265625 0.052734375 0.220703125 0.052734375 0.21875 0.05078125 0.22265625 0.046875 0.224609375 0.048828125 0.22265625 0.046875 0.224609375 0.044921875 0.224609375 0.04296875
1 0.4921875 0.015625 0.4921875 0.01953125 0.494140625 0.021484375 0.49609375 0.021484375 0.49609375 0.015625
1 0.970703125 0.005859375 0.96875 0.0078125 0.970703125 0.009765625 0.970703125 0.01171875 0.97265625 0.013671875 0.974609375 0.013671875 0.9765625 0.01171875 0.974609375 0.009765625 0.974609375 0.005859375 0.97265625 0.0078125
