0 0.986328125 0.68359375 0.986328125 0.685546875 0.984375 0.6875 0.984375 0.689453125 0.98828125 0.693359375 0.986328125 0.6953125 0.984375 0.6953125 0.986328125 0.6953125 0.990234375 0.69140625 0.9921875 0.693359375 0.98828125 0.689453125 0.98828125 0.6875 0.986328125 0.685546875
0 0.9140625 0.439453125 0.912109375 0.44140625 0.912109375 0.443359375 0.91015625 0.4453125 0.908203125 0.4453125 0.91015625 0.4453125 0.912109375 0.447265625 0.908203125 0.451171875 0.91015625 0.44921875 0.912109375 0.44921875 0.9140625 0.451171875 0.916015625 0.44921875 0.9140625 0.451171875 0.912109375 0.44921875 0.912109375 0.447265625 0.9140625 0.4453125 0.916015625 0.4453125 0.916015625 0.443359375 0.9140625 0.44140625 0.916015625 0.439453125
0 0.474609375 0.146484375 0.47265625 0.1484375 0.47265625 0.150390625 0.470703125 0.15234375 0.46875 0.15234375 0.47265625 0.15234375 0.474609375 0.154296875 0.4765625 0.15234375 0.478515625 0.15234375 0.48046875 0.154296875 0.478515625 0.15234375 0.4765625 0.15234375 0.474609375 0.150390625 0.4765625 0.1484375
0 0.876953125 0.10546875 0.876953125 0.11328125 0.87890625 0.11328125 0.880859375 0.115234375 0.87890625 0.1171875 0.876953125 0.1171875 0.87890625 0.1171875 0.880859375 0.115234375 0.8828125 0.1171875 0.8828125 0.119140625 0.880859375 0.12109375 0.87890625 0.12109375 0.880859375 0.12109375 0.8828125 0.123046875 0.880859375 0.12109375 0.8828125 0.119140625 0.8828125 0.1171875 0.87890625 0.11328125 0.87890625 0.111328125 0.880859375 0.109375 0.880859375 0.10546875 0.87890625 0.107421875
0 0.005859375 0.095703125 0.0078125 0.09765625 0.005859375 0.099609375 0.00390625 0.099609375 0.001953125 0.09765625 0.0 0.09765625 0.0 0.103515625 0.001953125 0.103515625 0.00390625 0.10546875 0.001953125 0.107421875 0.00390625 0.10546875 0.005859375 0.10546875 0.005859375 0.103515625 0.00390625 0.1015625 0.0078125 0.09765625
1 0.986328125 0.68359375 0.986328125 0.685546875 0.984375 0.6875 0.984375 0.689453125 0.98828125 0.693359375 0.986328125 0.6953125 0.984375 0.6953125 0.986328125 0.6953125 0.990234375 0.69140625 0.9921875 0.693359375 0.98828125 0.689453125 0.98828125 0.6875 0.986328125 0.685546875
1 0.9140625 0.439453125 0.912109375 0.44140625 0.912109375 0.443359375 0.91015625 0.4453125 0.908203125 0.4453125 0.91015625 0.4453125 0.912109375 0.447265625 0.908203125 0.451171875 0.91015625 0.44921875 0.912109375 0.44921875 0.9140625 0.451171875 0.916015625 0.44921875 0.9140625 0.451171875 0.912109375 0.44921875 0.912109375 0.447265625 0.9140625 0.4453125 0.916015625 0.4453125 0.916015625 0.443359375 0.9140625 0.44140625 0.916015625 0.439453125
1 0.474609375 0.146484375 0.47265625 0.1484375 0.47265625 0.150390625 0.470703125 0.15234375 0.46875 0.15234375 0.47265625 0.15234375 0.474609375 0.154296875 0.4765625 0.15234375 0.478515625 0.15234375 0.48046875 0.154296875 0.478515625 0.15234375 0.4765625 0.15234375 0.474609375 0.150390625 0.4765625 0.1484375
1 0.876953125 0.10546875 0.876953125 0.11328125 0.87890625 0.11328125 0.880859375 0.115234375 0.87890625 0.1171875 0.876953125 0.1171875 0.87890625 0.1171875 0.880859375 0.115234375 0.8828125 0.1171875 0.8828125 0.119140625 0.880859375 0.12109375 0.87890625 0.12109375 0.880859375 0.12109375 0.8828125 0.123046875 0.880859375 0.12109375 0.8828125 0.119140625 0.8828125 0.1171875 0.87890625 0.11328125 0.87890625 0.111328125 0.880859375 0.109375 0.880859375 0.10546875 0.87890625 0.107421875
1 0.005859375 0.095703125 0.0078125 0.09765625 0.005859375 0.099609375 0.00390625 0.099609375 0.001953125 0.09765625 0.0 0.09765625 0.0 0.103515625 0.001953125 0.103515625 0.00390625 0.10546875 0.001953125 0.107421875 0.00390625 0.10546875 0.005859375 0.10546875 0.005859375 0.103515625 0.00390625 0.1015625 0.0078125 0.09765625
