0 0.31640625 0.880859375 0.314453125 0.8828125 0.314453125 0.88671875 0.31640625 0.888671875 0.3203125 0.888671875 0.318359375 0.88671875 0.3203125 0.884765625 0.3203125 0.8828125 0.318359375 0.884765625 0.31640625 0.884765625 0.314453125 0.8828125
0 0.0703125 0.62109375 0.068359375 0.623046875 0.068359375 0.626953125 0.06640625 0.62890625 0.064453125 0.626953125 0.06640625 0.62890625 0.068359375 0.626953125 0.0703125 0.626953125 0.072265625 0.62890625 0.07421875 0.62890625 0.076171875 0.626953125 0.07421875 0.62890625 0.072265625 0.626953125 0.072265625 0.62109375
0 0.224609375 0.439453125 0.224609375 0.443359375 0.22265625 0.4453125 0.2265625 0.44921875 0.224609375 0.451171875 0.2265625 0.44921875 0.228515625 0.44921875 0.228515625 0.447265625 0.2265625 0.4453125 0.228515625 0.443359375 0.23046875 0.443359375 0.232421875 0.4453125 0.228515625 0.44140625 0.228515625 0.439453125 0.2265625 0.44140625
0 0.990234375 0.4375 0.98828125 0.439453125 0.986328125 0.439453125 0.984375 0.44140625 0.986328125 0.443359375 0.986328125 0.4453125 0.984375 0.447265625 0.986328125 0.44921875 0.984375 0.447265625 0.98828125 0.443359375 0.990234375 0.443359375 0.9921875 0.4453125 0.990234375 0.447265625 0.9921875 0.4453125 0.990234375 0.443359375 0.994140625 0.439453125 0.9921875 0.44140625 0.990234375 0.439453125
0 0.14453125 0.39453125 0.146484375 0.396484375 0.146484375 0.3984375 0.15234375 0.3984375 0.154296875 0.400390625 0.15234375 0.3984375 0.15234375 0.39453125 0.1484375 0.39453125 0.146484375 0.396484375
0 0.140625 0.318359375 0.140625 0.3203125 0.142578125 0.322265625 0.142578125 0.32421875 0.142578125 0.322265625 0.14453125 0.3203125 0.1484375 0.3203125 0.150390625 0.322265625 0.146484375 0.326171875 0.150390625 0.330078125 0.150390625 0.33203125 0.15234375 0.330078125 0.154296875 0.33203125 0.15234375 0.330078125 0.158203125 0.32421875 0.162109375 0.32421875 0.158203125 0.32421875 0.154296875 0.3203125 0.15625 0.322265625 0.154296875 0.32421875 0.15234375 0.32421875 0.1484375 0.3203125 0.14453125 0.3203125 0.142578125 0.322265625 0.140625 0.3203125
0 0.140625 0.26953125 0.14453125 0.2734375 0.142578125 0.275390625 0.14453125 0.2734375 0.146484375 0.275390625 0.1484375 0.2734375 0.1484375 0.271484375 0.146484375 0.26953125 0.14453125 0.26953125 0.142578125 0.271484375
0 0.154296875 0.134765625 0.150390625 0.138671875 0.1484375 0.138671875 0.1484375 0.142578125 0.146484375 0.14453125 0.1484375 0.142578125 0.15234375 0.142578125 0.154296875 0.140625 0.15234375 0.138671875 0.15234375 0.13671875
1 0.31640625 0.880859375 0.314453125 0.8828125 0.314453125 0.88671875 0.31640625 0.888671875 0.3203125 0.888671875 0.318359375 0.88671875 0.3203125 0.884765625 0.3203125 0.8828125 0.318359375 0.884765625 0.31640625 0.884765625 0.314453125 0.8828125
1 0.0703125 0.62109375 0.068359375 0.623046875 0.068359375 0.626953125 0.06640625 0.62890625 0.064453125 0.626953125 0.06640625 0.62890625 0.068359375 0.626953125 0.0703125 0.626953125 0.072265625 0.62890625 0.07421875 0.62890625 0.076171875 0.626953125 0.07421875 0.62890625 0.072265625 0.626953125 0.072265625 0.62109375
1 0.224609375 0.439453125 0.224609375 0.443359375 0.22265625 0.4453125 0.2265625 0.44921875 0.224609375 0.451171875 0.2265625 0.44921875 0.228515625 0.44921875 0.228515625 0.447265625 0.2265625 0.4453125 0.228515625 0.443359375 0.23046875 0.443359375 0.232421875 0.4453125 0.228515625 0.44140625 0.228515625 0.439453125 0.2265625 0.44140625
1 0.990234375 0.4375 0.98828125 0.439453125 0.986328125 0.439453125 0.984375 0.44140625 0.986328125 0.443359375 0.986328125 0.4453125 0.984375 0.447265625 0.986328125 0.44921875 0.984375 0.447265625 0.98828125 0.443359375 0.990234375 0.443359375 0.9921875 0.4453125 0.990234375 0.447265625 0.9921875 0.4453125 0.990234375 0.443359375 0.994140625 0.439453125 0.9921875 0.44140625 0.990234375 0.439453125
1 0.14453125 0.39453125 0.146484375 0.396484375 0.146484375 0.3984375 0.15234375 0.3984375 0.154296875 0.400390625 0.15234375 0.3984375 0.15234375 0.39453125 0.1484375 0.39453125 0.146484375 0.396484375
1 0.140625 0.318359375 0.140625 0.3203125 0.142578125 0.322265625 0.142578125 0.32421875 0.142578125 0.322265625 0.14453125 0.3203125 0.1484375 0.3203125 0.150390625 0.322265625 0.146484375 0.326171875 0.150390625 0.330078125 0.150390625 0.33203125 0.15234375 0.330078125 0.154296875 0.33203125 0.15234375 0.330078125 0.158203125 0.32421875 0.162109375 0.32421875 0.158203125 0.32421875 0.154296875 0.3203125 0.15625 0.322265625 0.154296875 0.32421875 0.15234375 0.32421875 0.1484375 0.3203125 0.14453125 0.3203125 0.142578125 0.322265625 0.140625 0.3203125
1 0.140625 0.26953125 0.14453125 0.2734375 0.142578125 0.275390625 0.14453125 0.2734375 0.146484375 0.275390625 0.1484375 0.2734375 0.1484375 0.271484375 0.146484375 0.26953125 0.14453125 0.26953125 0.142578125 0.271484375
1 0.154296875 0.134765625 0.150390625 0.138671875 0.1484375 0.138671875 0.1484375 0.142578125 0.146484375 0.14453125 0.1484375 0.142578125 0.15234375 0.142578125 0.154296875 0.140625 0.15234375 0.138671875 0.15234375 0.13671875
