0 0.0859375 0.48046875 0.0859375 0.486328125 0.083984375 0.48828125 0.0859375 0.486328125 0.087890625 0.48828125 0.08984375 0.486328125 0.08984375 0.48046875 0.087890625 0.482421875
0 0.388671875 0.32421875 0.38671875 0.326171875 0.38671875 0.328125 0.388671875 0.330078125 0.390625 0.330078125 0.39453125 0.333984375 0.396484375 0.333984375 0.39453125 0.333984375 0.392578125 0.33203125 0.39453125 0.330078125 0.392578125 0.328125 0.392578125 0.326171875 0.390625 0.32421875
0 0.95703125 0.298828125 0.955078125 0.30078125 0.955078125 0.306640625 0.953125 0.30859375 0.955078125 0.306640625 0.95703125 0.30859375 0.95703125 0.310546875 0.95703125 0.306640625 0.9609375 0.302734375 0.958984375 0.30078125 0.9609375 0.298828125 0.958984375 0.30078125
0 0.59375 0.27734375 0.59375 0.28125 0.595703125 0.283203125 0.595703125 0.28515625 0.59375 0.287109375 0.595703125 0.287109375 0.595703125 0.283203125 0.59765625 0.28125 0.59765625 0.279296875 0.599609375 0.27734375 0.6015625 0.27734375
0 0.62890625 0.251953125 0.630859375 0.25390625 0.62890625 0.255859375 0.62890625 0.2578125 0.630859375 0.2578125 0.6328125 0.259765625 0.6328125 0.26171875 0.630859375 0.263671875 0.62890625 0.26171875 0.630859375 0.263671875 0.6328125 0.26171875 0.634765625 0.26171875 0.63671875 0.263671875 0.6328125 0.259765625 0.634765625 0.2578125 0.63671875 0.2578125 0.634765625 0.2578125 0.6328125 0.255859375 0.6328125 0.25390625 0.630859375 0.251953125
0 0.814453125 0.20703125 0.81640625 0.208984375 0.81640625 0.2109375 0.818359375 0.2109375 0.8203125 0.212890625 0.822265625 0.212890625 0.8203125 0.2109375 0.822265625 0.208984375 0.8203125 0.20703125
0 0.916015625 0.171875 0.9140625 0.173828125 0.9140625 0.17578125 0.912109375 0.177734375 0.916015625 0.177734375 0.91796875 0.1796875 0.916015625 0.181640625 0.9140625 0.181640625 0.916015625 0.181640625 0.91796875 0.1796875 0.916015625 0.177734375 0.91796875 0.17578125 0.91796875 0.173828125 0.919921875 0.171875
0 0.70703125 0.171875 0.703125 0.17578125 0.703125 0.181640625 0.705078125 0.181640625 0.70703125 0.18359375 0.70703125 0.181640625 0.708984375 0.1796875 0.70703125 0.1796875 0.705078125 0.177734375 0.70703125 0.17578125 0.705078125 0.173828125
0 0.11328125 0.158203125 0.111328125 0.16015625 0.111328125 0.162109375 0.109375 0.1640625 0.11328125 0.16796875 0.12109375 0.16796875 0.123046875 0.169921875 0.119140625 0.166015625 0.119140625 0.1640625 0.115234375 0.1640625 0.111328125 0.16015625 0.11328125 0.158203125 0.115234375 0.158203125 0.1171875 0.16015625 0.119140625 0.158203125 0.12109375 0.16015625 0.12109375 0.158203125 0.119140625 0.158203125 0.1171875 0.16015625 0.115234375 0.158203125
0 0.21875 0.119140625 0.220703125 0.12109375 0.220703125 0.123046875 0.21875 0.125 0.21875 0.126953125 0.22265625 0.130859375 0.224609375 0.130859375 0.22265625 0.12890625 0.224609375 0.126953125 0.224609375 0.123046875 0.22265625 0.123046875
0 0.0703125 0.099609375 0.07421875 0.103515625 0.07421875 0.10546875 0.072265625 0.107421875 0.0703125 0.10546875 0.068359375 0.107421875 0.0703125 0.10546875 0.072265625 0.107421875 0.07421875 0.10546875 0.080078125 0.10546875 0.078125 0.103515625 0.080078125 0.1015625 0.083984375 0.1015625 0.072265625 0.1015625
0 0.568359375 0.015625 0.5703125 0.017578125 0.568359375 0.01953125 0.568359375 0.021484375 0.572265625 0.025390625 0.572265625 0.02734375 0.5703125 0.029296875 0.5703125 0.03125 0.572265625 0.033203125 0.572265625 0.03515625 0.568359375 0.0390625 0.568359375 0.041015625 0.5703125 0.04296875 0.568359375 0.044921875 0.5703125 0.04296875 0.572265625 0.04296875 0.5703125 0.04296875 0.568359375 0.041015625 0.568359375 0.0390625 0.5703125 0.037109375 0.572265625 0.0390625 0.57421875 0.0390625 0.572265625 0.0390625 0.5703125 0.037109375 0.572265625 0.03515625 0.57421875 0.03515625 0.57421875 0.025390625 0.572265625 0.025390625 0.5703125 0.0234375 0.572265625 0.021484375 0.57421875 0.021484375 0.572265625 0.021484375 0.5703125 0.0234375 0.568359375 0.021484375 0.568359375 0.01953125 0.5703125 0.017578125 0.572265625 0.017578125 0.5703125 0.017578125
1 0.0859375 0.48046875 0.0859375 0.486328125 0.083984375 0.48828125 0.0859375 0.486328125 0.087890625 0.48828125 0.08984375 0.486328125 0.08984375 0.48046875 0.087890625 0.482421875
1 0.388671875 0.32421875 0.38671875 0.326171875 0.38671875 0.328125 0.388671875 0.330078125 0.390625 0.330078125 0.39453125 0.333984375 0.396484375 0.333984375 0.39453125 0.333984375 0.392578125 0.33203125 0.39453125 0.330078125 0.392578125 0.328125 0.392578125 0.326171875 0.390625 0.32421875
1 0.95703125 0.298828125 0.955078125 0.30078125 0.955078125 0.306640625 0.953125 0.30859375 0.955078125 0.306640625 0.95703125 0.30859375 0.95703125 0.310546875 0.95703125 0.306640625 0.9609375 0.302734375 0.958984375 0.30078125 0.9609375 0.298828125 0.958984375 0.30078125
1 0.59375 0.27734375 0.59375 0.28125 0.595703125 0.283203125 0.595703125 0.28515625 0.59375 0.287109375 0.595703125 0.287109375 0.595703125 0.283203125 0.59765625 0.28125 0.59765625 0.279296875 0.599609375 0.27734375 0.6015625 0.27734375
1 0.62890625 0.251953125 0.630859375 0.25390625 0.62890625 0.255859375 0.62890625 0.2578125 0.630859375 0.2578125 0.6328125 0.259765625 0.6328125 0.26171875 0.630859375 0.263671875 0.62890625 0.26171875 0.630859375 0.263671875 0.6328125 0.26171875 0.634765625 0.26171875 0.63671875 0.263671875 0.6328125 0.259765625 0.634765625 0.2578125 0.63671875 0.2578125 0.634765625 0.2578125 0.6328125 0.255859375 0.6328125 0.25390625 0.630859375 0.251953125
1 0.814453125 0.20703125 0.81640625 0.208984375 0.81640625 0.2109375 0.818359375 0.2109375 0.8203125 0.212890625 0.822265625 0.212890625 0.8203125 0.2109375 0.822265625 0.208984375 0.8203125 0.20703125
1 0.916015625 0.171875 0.9140625 0.173828125 0.9140625 0.17578125 0.912109375 0.177734375 0.916015625 0.177734375 0.91796875 0.1796875 0.916015625 0.181640625 0.9140625 0.181640625 0.916015625 0.181640625 0.91796875 0.1796875 0.916015625 0.177734375 0.91796875 0.17578125 0.91796875 0.173828125 0.919921875 0.171875
1 0.70703125 0.171875 0.703125 0.17578125 0.703125 0.181640625 0.705078125 0.181640625 0.70703125 0.18359375 0.70703125 0.181640625 0.708984375 0.1796875 0.70703125 0.1796875 0.705078125 0.177734375 0.70703125 0.17578125 0.705078125 0.173828125
1 0.11328125 0.158203125 0.111328125 0.16015625 0.111328125 0.162109375 0.109375 0.1640625 0.11328125 0.16796875 0.12109375 0.16796875 0.123046875 0.169921875 0.119140625 0.166015625 0.119140625 0.1640625 0.115234375 0.1640625 0.111328125 0.16015625 0.11328125 0.158203125 0.115234375 0.158203125 0.1171875 0.16015625 0.119140625 0.158203125 0.12109375 0.16015625 0.12109375 0.158203125 0.119140625 0.158203125 0.1171875 0.16015625 0.115234375 0.158203125
1 0.21875 0.119140625 0.220703125 0.12109375 0.220703125 0.123046875 0.21875 0.125 0.21875 0.126953125 0.22265625 0.130859375 0.224609375 0.130859375 0.22265625 0.12890625 0.224609375 0.126953125 0.224609375 0.123046875 0.22265625 0.123046875
1 0.0703125 0.099609375 0.07421875 0.103515625 0.07421875 0.10546875 0.072265625 0.107421875 0.0703125 0.10546875 0.068359375 0.107421875 0.0703125 0.10546875 0.072265625 0.107421875 0.07421875 0.10546875 0.080078125 0.10546875 0.078125 0.103515625 0.080078125 0.1015625 0.083984375 0.1015625 0.072265625 0.1015625
1 0.568359375 0.015625 0.5703125 0.017578125 0.568359375 0.01953125 0.568359375 0.021484375 0.572265625 0.025390625 0.572265625 0.02734375 0.5703125 0.029296875 0.5703125 0.03125 0.572265625 0.033203125 0.572265625 0.03515625 0.568359375 0.0390625 0.568359375 0.041015625 0.5703125 0.04296875 0.568359375 0.044921875 0.5703125 0.04296875 0.572265625 0.04296875 0.5703125 0.04296875 0.568359375 0.041015625 0.568359375 0.0390625 0.5703125 0.037109375 0.572265625 0.0390625 0.57421875 0.0390625 0.572265625 0.0390625 0.5703125 0.037109375 0.572265625 0.03515625 0.57421875 0.03515625 0.57421875 0.025390625 0.572265625 0.025390625 0.5703125 0.0234375 0.572265625 0.021484375 0.57421875 0.021484375 0.572265625 0.021484375 0.5703125 0.0234375 0.568359375 0.021484375 0.568359375 0.01953125 0.5703125 0.017578125 0.572265625 0.017578125 0.5703125 0.017578125
