0 0.869140625 0.755859375 0.87109375 0.7578125 0.869140625 0.759765625 0.8671875 0.759765625 0.865234375 0.7578125 0.865234375 0.759765625 0.8671875 0.76171875 0.865234375 0.763671875 0.869140625 0.763671875 0.87109375 0.76171875 0.87109375 0.7578125
0 0.9140625 0.693359375 0.912109375 0.6953125 0.91015625 0.6953125 0.912109375 0.6953125 0.9140625 0.697265625 0.91015625 0.701171875 0.912109375 0.69921875 0.9140625 0.701171875 0.916015625 0.69921875 0.91796875 0.69921875 0.91796875 0.697265625 0.919921875 0.6953125 0.91796875 0.693359375 0.916015625 0.6953125
0 0.94140625 0.69140625 0.943359375 0.693359375 0.943359375 0.697265625 0.9453125 0.69921875 0.947265625 0.69921875 0.94921875 0.697265625 0.94921875 0.693359375 0.943359375 0.693359375
0 0.86328125 0.685546875 0.861328125 0.6875 0.865234375 0.69140625 0.86328125 0.693359375 0.865234375 0.6953125 0.8671875 0.6953125 0.865234375 0.6953125 0.86328125 0.693359375 0.8671875 0.689453125 0.8671875 0.685546875
0 0.8671875 0.58203125 0.8671875 0.5859375 0.865234375 0.587890625 0.86328125 0.5859375 0.86328125 0.583984375 0.86328125 0.5859375 0.861328125 0.587890625 0.859375 0.5859375 0.861328125 0.587890625 0.859375 0.58984375 0.861328125 0.58984375 0.861328125 0.587890625 0.86328125 0.5859375 0.8671875 0.58984375 0.865234375 0.591796875 0.873046875 0.583984375 0.87109375 0.5859375
0 0.458984375 0.53125 0.4609375 0.533203125 0.462890625 0.53125 0.46484375 0.533203125 0.46484375 0.53515625 0.4609375 0.5390625 0.462890625 0.537109375 0.466796875 0.537109375 0.46875 0.5390625 0.46484375 0.54296875 0.466796875 0.544921875 0.470703125 0.541015625 0.47265625 0.541015625 0.470703125 0.541015625 0.46875 0.5390625 0.46875 0.53515625 0.466796875 0.533203125 0.46484375 0.533203125 0.462890625 0.53125 0.4609375 0.533203125
0 0.55078125 0.423828125 0.5546875 0.427734375 0.552734375 0.4296875 0.55078125 0.4296875 0.548828125 0.427734375 0.55078125 0.4296875 0.55078125 0.431640625 0.548828125 0.43359375 0.55078125 0.431640625 0.5546875 0.435546875 0.5546875 0.431640625 0.556640625 0.4296875 0.55859375 0.431640625 0.556640625 0.4296875 0.556640625 0.427734375 0.5546875 0.427734375 0.552734375 0.42578125 0.552734375 0.423828125
0 0.7578125 0.361328125 0.7578125 0.36328125 0.75390625 0.3671875 0.751953125 0.365234375 0.751953125 0.36328125 0.751953125 0.365234375 0.75 0.3671875 0.751953125 0.369140625 0.75390625 0.369140625 0.755859375 0.37109375 0.7578125 0.37109375 0.755859375 0.369140625 0.7578125 0.3671875 0.755859375 0.365234375 0.7578125 0.36328125
0 0.42578125 0.353515625 0.423828125 0.35546875 0.423828125 0.361328125 0.42578125 0.359375 0.427734375 0.361328125 0.427734375 0.35546875 0.4296875 0.353515625 0.427734375 0.35546875
0 0.5234375 0.31640625 0.5234375 0.318359375 0.51953125 0.322265625 0.517578125 0.3203125 0.51953125 0.322265625 0.517578125 0.32421875 0.521484375 0.3203125 0.5234375 0.322265625 0.529296875 0.322265625
0 0.806640625 0.296875 0.8046875 0.298828125 0.806640625 0.30078125 0.802734375 0.3046875 0.80078125 0.302734375 0.796875 0.306640625 0.798828125 0.30859375 0.80078125 0.306640625 0.802734375 0.30859375 0.802734375 0.306640625 0.8046875 0.3046875 0.8046875 0.302734375 0.806640625 0.30078125 0.8046875 0.298828125
0 0.259765625 0.296875 0.255859375 0.30078125 0.255859375 0.302734375 0.25 0.30859375 0.251953125 0.306640625 0.25390625 0.30859375 0.255859375 0.30859375 0.259765625 0.3125 0.255859375 0.30859375 0.2578125 0.306640625 0.259765625 0.306640625 0.2578125 0.3046875 0.26171875 0.30078125 0.26171875 0.298828125
0 0.83984375 0.005859375 0.833984375 0.01171875 0.830078125 0.01171875 0.833984375 0.01171875 0.8359375 0.013671875 0.837890625 0.013671875 0.83984375 0.01171875 0.841796875 0.013671875 0.83984375 0.01171875 0.83984375 0.009765625 0.837890625 0.0078125
1 0.869140625 0.755859375 0.87109375 0.7578125 0.869140625 0.759765625 0.8671875 0.759765625 0.865234375 0.7578125 0.865234375 0.759765625 0.8671875 0.76171875 0.865234375 0.763671875 0.869140625 0.763671875 0.87109375 0.76171875 0.87109375 0.7578125
1 0.9140625 0.693359375 0.912109375 0.6953125 0.91015625 0.6953125 0.912109375 0.6953125 0.9140625 0.697265625 0.91015625 0.701171875 0.912109375 0.69921875 0.9140625 0.701171875 0.916015625 0.69921875 0.91796875 0.69921875 0.91796875 0.697265625 0.919921875 0.6953125 0.91796875 0.693359375 0.916015625 0.6953125
1 0.94140625 0.69140625 0.943359375 0.693359375 0.943359375 0.697265625 0.9453125 0.69921875 0.947265625 0.69921875 0.94921875 0.697265625 0.94921875 0.693359375 0.943359375 0.693359375
1 0.86328125 0.685546875 0.861328125 0.6875 0.865234375 0.69140625 0.86328125 0.693359375 0.865234375 0.6953125 0.8671875 0.6953125 0.865234375 0.6953125 0.86328125 0.693359375 0.8671875 0.689453125 0.8671875 0.685546875
1 0.8671875 0.58203125 0.8671875 0.5859375 0.865234375 0.587890625 0.86328125 0.5859375 0.86328125 0.583984375 0.86328125 0.5859375 0.861328125 0.587890625 0.859375 0.5859375 0.861328125 0.587890625 0.859375 0.58984375 0.861328125 0.58984375 0.861328125 0.587890625 0.86328125 0.5859375 0.8671875 0.58984375 0.865234375 0.591796875 0.873046875 0.583984375 0.87109375 0.5859375
1 0.458984375 0.53125 0.4609375 0.533203125 0.462890625 0.53125 0.46484375 0.533203125 0.46484375 0.53515625 0.4609375 0.5390625 0.462890625 0.537109375 0.466796875 0.537109375 0.46875 0.5390625 0.46484375 0.54296875 0.466796875 0.544921875 0.470703125 0.541015625 0.47265625 0.541015625 0.470703125 0.541015625 0.46875 0.5390625 0.46875 0.53515625 0.466796875 0.533203125 0.46484375 0.533203125 0.462890625 0.53125 0.4609375 0.533203125
1 0.55078125 0.423828125 0.5546875 0.427734375 0.552734375 0.4296875 0.55078125 0.4296875 0.548828125 0.427734375 0.55078125 0.4296875 0.55078125 0.431640625 0.548828125 0.43359375 0.55078125 0.431640625 0.5546875 0.435546875 0.5546875 0.431640625 0.556640625 0.4296875 0.55859375 0.431640625 0.556640625 0.4296875 0.556640625 0.427734375 0.5546875 0.427734375 0.552734375 0.42578125 0.552734375 0.423828125
1 0.7578125 0.361328125 0.7578125 0.36328125 0.75390625 0.3671875 0.751953125 0.365234375 0.751953125 0.36328125 0.751953125 0.365234375 0.75 0.3671875 0.751953125 0.369140625 0.75390625 0.369140625 0.755859375 0.37109375 0.7578125 0.37109375 0.755859375 0.369140625 0.7578125 0.3671875 0.755859375 0.365234375 0.7578125 0.36328125
1 0.42578125 0.353515625 0.423828125 0.35546875 0.423828125 0.361328125 0.42578125 0.359375 0.427734375 0.361328125 0.427734375 0.35546875 0.4296875 0.353515625 0.427734375 0.35546875
1 0.5234375 0.31640625 0.5234375 0.318359375 0.51953125 0.322265625 0.517578125 0.3203125 0.51953125 0.322265625 0.517578125 0.32421875 0.521484375 0.3203125 0.5234375 0.322265625 0.529296875 0.322265625
1 0.806640625 0.296875 0.8046875 0.298828125 0.806640625 0.30078125 0.802734375 0.3046875 0.80078125 0.302734375 0.796875 0.306640625 0.798828125 0.30859375 0.80078125 0.306640625 0.802734375 0.30859375 0.802734375 0.306640625 0.8046875 0.3046875 0.8046875 0.302734375 0.806640625 0.30078125 0.8046875 0.298828125
1 0.259765625 0.296875 0.255859375 0.30078125 0.255859375 0.302734375 0.25 0.30859375 0.251953125 0.306640625 0.25390625 0.30859375 0.255859375 0.30859375 0.259765625 0.3125 0.255859375 0.30859375 0.2578125 0.306640625 0.259765625 0.306640625 0.2578125 0.3046875 0.26171875 0.30078125 0.26171875 0.298828125
1 0.83984375 0.005859375 0.833984375 0.01171875 0.830078125 0.01171875 0.833984375 0.01171875 0.8359375 0.013671875 0.837890625 0.013671875 0.83984375 0.01171875 0.841796875 0.013671875 0.83984375 0.01171875 0.83984375 0.009765625 0.837890625 0.0078125
