0 0.005859375 0.828125 0.0078125 0.830078125 0.00390625 0.833984375 0.005859375 0.8359375 0.005859375 0.83984375 0.0078125 0.837890625 0.009765625 0.83984375 0.009765625 0.837890625 0.013671875 0.833984375 0.01171875 0.8359375 0.009765625 0.8359375 0.0078125 0.833984375 0.009765625 0.83203125 0.009765625 0.830078125 0.0078125 0.830078125
0 0.091796875 0.58984375 0.08984375 0.591796875 0.08984375 0.59375 0.087890625 0.595703125 0.08984375 0.59765625 0.087890625 0.599609375 0.0859375 0.599609375 0.087890625 0.599609375 0.091796875 0.595703125 0.09375 0.59765625 0.095703125 0.595703125 0.099609375 0.595703125 0.095703125 0.595703125 0.09375 0.59375 0.095703125 0.591796875 0.09375 0.58984375
0 0.2109375 0.583984375 0.212890625 0.5859375 0.2109375 0.587890625 0.212890625 0.58984375 0.2109375 0.591796875 0.212890625 0.58984375 0.21484375 0.58984375 0.216796875 0.591796875 0.216796875 0.5859375 0.212890625 0.5859375
0 0.02734375 0.4765625 0.0234375 0.48046875 0.021484375 0.48046875 0.0234375 0.48046875 0.025390625 0.482421875 0.025390625 0.484375 0.02734375 0.486328125 0.02734375 0.490234375 0.029296875 0.490234375 0.02734375 0.48828125 0.02734375 0.486328125 0.029296875 0.484375 0.029296875 0.48046875 0.02734375 0.478515625
0 0.0234375 0.345703125 0.0234375 0.34765625 0.021484375 0.349609375 0.01953125 0.349609375 0.01953125 0.3515625 0.017578125 0.353515625 0.01953125 0.3515625 0.021484375 0.353515625 0.021484375 0.357421875 0.025390625 0.353515625 0.02734375 0.35546875 0.025390625 0.353515625 0.025390625 0.3515625 0.02734375 0.349609375 0.025390625 0.3515625 0.0234375 0.3515625 0.021484375 0.349609375 0.025390625 0.345703125
0 0.115234375 0.240234375 0.1171875 0.240234375 0.119140625 0.2421875 0.115234375 0.24609375 0.115234375 0.25 0.1171875 0.251953125 0.119140625 0.251953125 0.119140625 0.25 0.12109375 0.248046875 0.1171875 0.244140625 0.119140625 0.2421875 0.1171875 0.240234375
0 0.1484375 0.220703125 0.146484375 0.22265625 0.146484375 0.224609375 0.14453125 0.2265625 0.142578125 0.2265625 0.14453125 0.2265625 0.146484375 0.228515625 0.142578125 0.232421875 0.14453125 0.23046875 0.146484375 0.23046875 0.1484375 0.232421875 0.150390625 0.23046875 0.1484375 0.232421875 0.146484375 0.23046875 0.146484375 0.228515625 0.1484375 0.2265625 0.150390625 0.2265625 0.150390625 0.224609375 0.1484375 0.22265625 0.150390625 0.220703125
0 0.08203125 0.11328125 0.080078125 0.115234375 0.08203125 0.1171875 0.080078125 0.119140625 0.080078125 0.12109375 0.0859375 0.12109375 0.083984375 0.119140625 0.083984375 0.1171875 0.0859375 0.115234375 0.087890625 0.115234375 0.0859375 0.115234375 0.083984375 0.11328125
0 0.001953125 0.11328125 0.0 0.115234375 0.0 0.1171875 0.0 0.115234375 0.001953125 0.11328125 0.00390625 0.115234375 0.00390625 0.119140625 0.001953125 0.12109375 0.00390625 0.119140625 0.005859375 0.12109375 0.005859375 0.123046875 0.009765625 0.119140625 0.0078125 0.1171875 0.0078125 0.115234375 0.00390625 0.115234375
0 0.431640625 0.064453125 0.431640625 0.068359375 0.427734375 0.072265625 0.42578125 0.0703125 0.4296875 0.07421875 0.431640625 0.072265625 0.435546875 0.076171875 0.439453125 0.072265625 0.44140625 0.072265625 0.439453125 0.072265625 0.4375 0.0703125 0.4375 0.06640625 0.435546875 0.064453125
0 0.92578125 0.03125 0.92578125 0.033203125 0.923828125 0.03515625 0.921875 0.03515625 0.923828125 0.03515625 0.927734375 0.0390625 0.93359375 0.033203125 0.931640625 0.03125 0.9296875 0.033203125 0.927734375 0.033203125
1 0.005859375 0.828125 0.0078125 0.830078125 0.00390625 0.833984375 0.005859375 0.8359375 0.005859375 0.83984375 0.0078125 0.837890625 0.009765625 0.83984375 0.009765625 0.837890625 0.013671875 0.833984375 0.01171875 0.8359375 0.009765625 0.8359375 0.0078125 0.833984375 0.009765625 0.83203125 0.009765625 0.830078125 0.0078125 0.830078125
1 0.091796875 0.58984375 0.08984375 0.591796875 0.08984375 0.59375 0.087890625 0.595703125 0.08984375 0.59765625 0.087890625 0.599609375 0.0859375 0.599609375 0.087890625 0.599609375 0.091796875 0.595703125 0.09375 0.59765625 0.095703125 0.595703125 0.099609375 0.595703125 0.095703125 0.595703125 0.09375 0.59375 0.095703125 0.591796875 0.09375 0.58984375
1 0.2109375 0.583984375 0.212890625 0.5859375 0.2109375 0.587890625 0.212890625 0.58984375 0.2109375 0.591796875 0.212890625 0.58984375 0.21484375 0.58984375 0.216796875 0.591796875 0.216796875 0.5859375 0.212890625 0.5859375
1 0.02734375 0.4765625 0.0234375 0.48046875 0.021484375 0.48046875 0.0234375 0.48046875 0.025390625 0.482421875 0.025390625 0.484375 0.02734375 0.486328125 0.02734375 0.490234375 0.029296875 0.490234375 0.02734375 0.48828125 0.02734375 0.486328125 0.029296875 0.484375 0.029296875 0.48046875 0.02734375 0.478515625
1 0.0234375 0.345703125 0.0234375 0.34765625 0.021484375 0.349609375 0.01953125 0.349609375 0.01953125 0.3515625 0.017578125 0.353515625 0.01953125 0.3515625 0.021484375 0.353515625 0.021484375 0.357421875 0.025390625 0.353515625 0.02734375 0.35546875 0.025390625 0.353515625 0.025390625 0.3515625 0.02734375 0.349609375 0.025390625 0.3515625 0.0234375 0.3515625 0.021484375 0.349609375 0.025390625 0.345703125
1 0.115234375 0.240234375 0.1171875 0.240234375 0.119140625 0.2421875 0.115234375 0.24609375 0.115234375 0.25 0.1171875 0.251953125 0.119140625 0.251953125 0.119140625 0.25 0.12109375 0.248046875 0.1171875 0.244140625 0.119140625 0.2421875 0.1171875 0.240234375
1 0.1484375 0.220703125 0.146484375 0.22265625 0.146484375 0.224609375 0.14453125 0.2265625 0.142578125 0.2265625 0.14453125 0.2265625 0.146484375 0.228515625 0.142578125 0.232421875 0.14453125 0.23046875 0.146484375 0.23046875 0.1484375 0.232421875 0.150390625 0.23046875 0.1484375 0.232421875 0.146484375 0.23046875 0.146484375 0.228515625 0.1484375 0.2265625 0.150390625 0.2265625 0.150390625 0.224609375 0.1484375 0.22265625 0.150390625 0.220703125
1 0.08203125 0.11328125 0.080078125 0.115234375 0.08203125 0.1171875 0.080078125 0.119140625 0.080078125 0.12109375 0.0859375 0.12109375 0.083984375 0.119140625 0.083984375 0.1171875 0.0859375 0.115234375 0.087890625 0.115234375 0.0859375 0.115234375 0.083984375 0.11328125
1 0.001953125 0.11328125 0.0 0.115234375 0.0 0.1171875 0.0 0.115234375 0.001953125 0.11328125 0.00390625 0.115234375 0.00390625 0.119140625 0.001953125 0.12109375 0.00390625 0.119140625 0.005859375 0.12109375 0.005859375 0.123046875 0.009765625 0.119140625 0.0078125 0.1171875 0.0078125 0.115234375 0.00390625 0.115234375
1 0.431640625 0.064453125 0.431640625 0.068359375 0.427734375 0.072265625 0.42578125 0.0703125 0.4296875 0.07421875 0.431640625 0.072265625 0.435546875 0.076171875 0.439453125 0.072265625 0.44140625 0.072265625 0.439453125 0.072265625 0.4375 0.0703125 0.4375 0.06640625 0.435546875 0.064453125
1 0.92578125 0.03125 0.92578125 0.033203125 0.923828125 0.03515625 0.921875 0.03515625 0.923828125 0.03515625 0.927734375 0.0390625 0.93359375 0.033203125 0.931640625 0.03125 0.9296875 0.033203125 0.927734375 0.033203125
