0 0.95703125 0.908203125 0.958984375 0.91015625 0.95703125 0.912109375 0.95703125 0.916015625 0.958984375 0.91796875 0.962890625 0.9140625 0.9609375 0.9140625 0.958984375 0.912109375 0.958984375 0.91015625
0 0.90625 0.8671875 0.908203125 0.869140625 0.908203125 0.87109375 0.90625 0.873046875 0.90625 0.875 0.908203125 0.876953125 0.908203125 0.87890625 0.90625 0.880859375 0.908203125 0.880859375 0.908203125 0.876953125 0.91015625 0.875 0.91015625 0.869140625 0.908203125 0.869140625
0 0.732421875 0.140625 0.732421875 0.146484375 0.734375 0.146484375 0.736328125 0.14453125 0.736328125 0.140625
0 0.41796875 0.052734375 0.4140625 0.056640625 0.412109375 0.0546875 0.416015625 0.05859375 0.416015625 0.0625 0.41796875 0.064453125 0.41796875 0.068359375 0.419921875 0.068359375 0.41796875 0.06640625 0.41796875 0.064453125 0.419921875 0.0625 0.419921875 0.05859375 0.416015625 0.0546875 0.41796875 0.052734375 0.419921875 0.052734375
0 0.783203125 0.017578125 0.779296875 0.021484375 0.77734375 0.021484375 0.77734375 0.0234375 0.779296875 0.0234375 0.783203125 0.02734375
0 0.140625 0.001953125 0.138671875 0.00390625 0.138671875 0.0078125 0.13671875 0.009765625 0.134765625 0.009765625 0.13671875 0.009765625 0.138671875 0.01171875 0.140625 0.01171875 0.138671875 0.01171875 0.13671875 0.009765625 0.138671875 0.0078125 0.140625 0.0078125 0.146484375 0.001953125 0.14453125 0.00390625 0.142578125 0.001953125
0 0.48046875 0.0 0.478515625 0.001953125 0.48046875 0.00390625 0.48046875 0.005859375 0.484375 0.005859375 0.484375 0.001953125 0.482421875 0.0
1 0.95703125 0.908203125 0.958984375 0.91015625 0.95703125 0.912109375 0.95703125 0.916015625 0.958984375 0.91796875 0.962890625 0.9140625 0.9609375 0.9140625 0.958984375 0.912109375 0.958984375 0.91015625
1 0.90625 0.8671875 0.908203125 0.869140625 0.908203125 0.87109375 0.90625 0.873046875 0.90625 0.875 0.908203125 0.876953125 0.908203125 0.87890625 0.90625 0.880859375 0.908203125 0.880859375 0.908203125 0.876953125 0.91015625 0.875 0.91015625 0.869140625 0.908203125 0.869140625
1 0.732421875 0.140625 0.732421875 0.146484375 0.734375 0.146484375 0.736328125 0.14453125 0.736328125 0.140625
1 0.41796875 0.052734375 0.4140625 0.056640625 0.412109375 0.0546875 0.416015625 0.05859375 0.416015625 0.0625 0.41796875 0.064453125 0.41796875 0.068359375 0.419921875 0.068359375 0.41796875 0.06640625 0.41796875 0.064453125 0.419921875 0.0625 0.419921875 0.05859375 0.416015625 0.0546875 0.41796875 0.052734375 0.419921875 0.052734375
1 0.783203125 0.017578125 0.779296875 0.021484375 0.77734375 0.021484375 0.77734375 0.0234375 0.779296875 0.0234375 0.783203125 0.02734375
1 0.140625 0.001953125 0.138671875 0.00390625 0.138671875 0.0078125 0.13671875 0.009765625 0.134765625 0.009765625 0.13671875 0.009765625 0.138671875 0.01171875 0.140625 0.01171875 0.138671875 0.01171875 0.13671875 0.009765625 0.138671875 0.0078125 0.140625 0.0078125 0.146484375 0.001953125 0.14453125 0.00390625 0.142578125 0.001953125
1 0.48046875 0.0 0.478515625 0.001953125 0.48046875 0.00390625 0.48046875 0.005859375 0.484375 0.005859375 0.484375 0.001953125 0.482421875 0.0
