0 0.849609375 0.484375 0.849609375 0.48828125 0.84765625 0.490234375 0.845703125 0.48828125 0.84765625 0.490234375 0.84765625 0.4921875 0.849609375 0.4921875 0.8515625 0.494140625 0.8515625 0.49609375 0.853515625 0.49609375 0.849609375 0.4921875 0.8515625 0.490234375 0.853515625 0.490234375 0.85546875 0.4921875 0.853515625 0.490234375 0.853515625 0.48828125 0.85546875 0.486328125 0.853515625 0.48828125
0 0.05078125 0.171875 0.048828125 0.173828125 0.052734375 0.177734375 0.048828125 0.181640625 0.046875 0.181640625 0.0546875 0.181640625 0.056640625 0.18359375 0.056640625 0.181640625 0.0546875 0.1796875 0.056640625 0.177734375 0.052734375 0.177734375 0.048828125 0.173828125
0 0.95703125 0.140625 0.958984375 0.142578125 0.958984375 0.14453125 0.9609375 0.14453125 0.962890625 0.146484375 0.96484375 0.14453125 0.96484375 0.142578125 0.962890625 0.140625 0.9609375 0.140625 0.958984375 0.142578125
0 0.689453125 0.09375 0.6875 0.095703125 0.6875 0.09765625 0.69140625 0.09765625 0.693359375 0.099609375 0.6953125 0.09765625 0.697265625 0.099609375 0.69921875 0.09765625 0.697265625 0.099609375 0.69140625 0.09375
0 0.84765625 0.015625 0.8515625 0.01953125 0.849609375 0.021484375 0.84765625 0.021484375 0.849609375 0.021484375 0.8515625 0.0234375 0.853515625 0.021484375 0.85546875 0.0234375 0.857421875 0.021484375 0.85546875 0.01953125 0.85546875 0.017578125 0.853515625 0.017578125 0.8515625 0.015625 0.849609375 0.017578125
1 0.849609375 0.484375 0.849609375 0.48828125 0.84765625 0.490234375 0.845703125 0.48828125 0.84765625 0.490234375 0.84765625 0.4921875 0.849609375 0.4921875 0.8515625 0.494140625 0.8515625 0.49609375 0.853515625 0.49609375 0.849609375 0.4921875 0.8515625 0.490234375 0.853515625 0.490234375 0.85546875 0.4921875 0.853515625 0.490234375 0.853515625 0.48828125 0.85546875 0.486328125 0.853515625 0.48828125
1 0.05078125 0.171875 0.048828125 0.173828125 0.052734375 0.177734375 0.048828125 0.181640625 0.046875 0.181640625 0.0546875 0.181640625 0.056640625 0.18359375 0.056640625 0.181640625 0.0546875 0.1796875 0.056640625 0.177734375 0.052734375 0.177734375 0.048828125 0.173828125
1 0.95703125 0.140625 0.958984375 0.142578125 0.958984375 0.14453125 0.9609375 0.14453125 0.962890625 0.146484375 0.96484375 0.14453125 0.96484375 0.142578125 0.962890625 0.140625 0.9609375 0.140625 0.958984375 0.142578125
1 0.689453125 0.09375 0.6875 0.095703125 0.6875 0.09765625 0.69140625 0.09765625 0.693359375 0.099609375 0.6953125 0.09765625 0.697265625 0.099609375 0.69921875 0.09765625 0.697265625 0.099609375 0.69140625 0.09375
1 0.84765625 0.015625 0.8515625 0.01953125 0.849609375 0.021484375 0.84765625 0.021484375 0.849609375 0.021484375 0.8515625 0.0234375 0.853515625 0.021484375 0.85546875 0.0234375 0.857421875 0.021484375 0.85546875 0.01953125 0.85546875 0.017578125 0.853515625 0.017578125 0.8515625 0.015625 0.849609375 0.017578125
