0 0.89453125 0.427734375 0.892578125 0.4296875 0.892578125 0.431640625 0.896484375 0.435546875 0.8984375 0.43359375 0.8984375 0.4296875 0.896484375 0.427734375
0 0.150390625 0.2578125 0.1484375 0.259765625 0.150390625 0.26171875 0.150390625 0.263671875 0.154296875 0.263671875 0.154296875 0.259765625 0.15234375 0.259765625
0 0.333984375 0.111328125 0.3359375 0.11328125 0.333984375 0.115234375 0.3359375 0.1171875 0.333984375 0.119140625 0.333984375 0.12109375 0.333984375 0.119140625 0.337890625 0.115234375 0.33984375 0.1171875 0.33984375 0.119140625 0.33984375 0.1171875 0.341796875 0.115234375 0.33984375 0.11328125 0.337890625 0.11328125 0.3359375 0.111328125
0 0.38671875 0.078125 0.388671875 0.080078125 0.38671875 0.08203125 0.388671875 0.083984375 0.38671875 0.0859375 0.390625 0.08984375 0.392578125 0.087890625 0.39453125 0.087890625 0.392578125 0.087890625 0.390625 0.0859375 0.390625 0.08203125
0 0.162109375 0.078125 0.16015625 0.080078125 0.16015625 0.08203125 0.158203125 0.083984375 0.16015625 0.0859375 0.162109375 0.083984375 0.1640625 0.083984375 0.166015625 0.0859375 0.169921875 0.08203125 0.16796875 0.083984375 0.166015625 0.08203125 0.166015625 0.080078125 0.1640625 0.080078125
0 0.03125 0.0625 0.033203125 0.064453125 0.03125 0.06640625 0.03125 0.068359375 0.029296875 0.0703125 0.02734375 0.0703125 0.02734375 0.07421875 0.025390625 0.076171875 0.02734375 0.078125 0.02734375 0.08203125 0.029296875 0.083984375 0.03125 0.08203125 0.037109375 0.08203125 0.03515625 0.080078125 0.03515625 0.076171875 0.037109375 0.07421875 0.03515625 0.076171875 0.03125 0.072265625 0.033203125 0.0703125 0.03515625 0.0703125 0.033203125 0.0703125 0.03125 0.068359375 0.03125 0.06640625 0.033203125 0.064453125
1 0.89453125 0.427734375 0.892578125 0.4296875 0.892578125 0.431640625 0.896484375 0.435546875 0.8984375 0.43359375 0.8984375 0.4296875 0.896484375 0.427734375
1 0.150390625 0.2578125 0.1484375 0.259765625 0.150390625 0.26171875 0.150390625 0.263671875 0.154296875 0.263671875 0.154296875 0.259765625 0.15234375 0.259765625
1 0.333984375 0.111328125 0.3359375 0.11328125 0.333984375 0.115234375 0.3359375 0.1171875 0.333984375 0.119140625 0.333984375 0.12109375 0.333984375 0.119140625 0.337890625 0.115234375 0.33984375 0.1171875 0.33984375 0.119140625 0.33984375 0.1171875 0.341796875 0.115234375 0.33984375 0.11328125 0.337890625 0.11328125 0.3359375 0.111328125
1 0.38671875 0.078125 0.388671875 0.080078125 0.38671875 0.08203125 0.388671875 0.083984375 0.38671875 0.0859375 0.390625 0.08984375 0.392578125 0.087890625 0.39453125 0.087890625 0.392578125 0.087890625 0.390625 0.0859375 0.390625 0.08203125
1 0.162109375 0.078125 0.16015625 0.080078125 0.16015625 0.08203125 0.158203125 0.083984375 0.16015625 0.0859375 0.162109375 0.083984375 0.1640625 0.083984375 0.166015625 0.0859375 0.169921875 0.08203125 0.16796875 0.083984375 0.166015625 0.08203125 0.166015625 0.080078125 0.1640625 0.080078125
1 0.03125 0.0625 0.033203125 0.064453125 0.03125 0.06640625 0.03125 0.068359375 0.029296875 0.0703125 0.02734375 0.0703125 0.02734375 0.07421875 0.025390625 0.076171875 0.02734375 0.078125 0.02734375 0.08203125 0.029296875 0.083984375 0.03125 0.08203125 0.037109375 0.08203125 0.03515625 0.080078125 0.03515625 0.076171875 0.037109375 0.07421875 0.03515625 0.076171875 0.03125 0.072265625 0.033203125 0.0703125 0.03515625 0.0703125 0.033203125 0.0703125 0.03125 0.068359375 0.03125 0.06640625 0.033203125 0.064453125
