0 0.517578125 0.412109375 0.515625 0.4140625 0.517578125 0.416015625 0.517578125 0.41796875 0.51953125 0.41796875 0.521484375 0.419921875 0.5234375 0.41796875 0.525390625 0.419921875 0.521484375 0.416015625 0.5234375 0.4140625 0.525390625 0.4140625 0.5234375 0.4140625 0.521484375 0.412109375 0.51953125 0.4140625
0 0.451171875 0.3359375 0.453125 0.3359375 0.455078125 0.337890625 0.455078125 0.33984375 0.453125 0.341796875 0.451171875 0.33984375 0.44921875 0.341796875 0.44921875 0.34375 0.453125 0.34765625 0.451171875 0.349609375 0.453125 0.3515625 0.453125 0.353515625 0.455078125 0.35546875 0.453125 0.357421875 0.455078125 0.35546875 0.453125 0.353515625 0.453125 0.3515625 0.455078125 0.349609375 0.45703125 0.349609375 0.455078125 0.349609375 0.453125 0.34765625 0.45703125 0.34375 0.458984375 0.345703125 0.45703125 0.34375 0.45703125 0.341796875 0.455078125 0.33984375 0.455078125 0.3359375
0 0.634765625 0.306640625 0.6328125 0.30859375 0.6328125 0.310546875 0.634765625 0.3125 0.6328125 0.314453125 0.634765625 0.3125 0.638671875 0.31640625 0.63671875 0.318359375 0.634765625 0.318359375 0.63671875 0.318359375 0.638671875 0.3203125 0.638671875 0.322265625 0.63671875 0.32421875 0.638671875 0.326171875 0.640625 0.32421875 0.638671875 0.322265625 0.638671875 0.3203125 0.63671875 0.318359375 0.638671875 0.31640625 0.640625 0.31640625 0.642578125 0.314453125 0.646484375 0.314453125 0.642578125 0.314453125 0.638671875 0.310546875 0.638671875 0.30859375 0.634765625 0.3125 0.6328125 0.310546875 0.6328125 0.30859375
0 0.25 0.28125 0.24609375 0.28515625 0.244140625 0.28515625 0.24609375 0.28515625 0.248046875 0.287109375 0.248046875 0.291015625 0.25 0.29296875 0.25390625 0.29296875 0.251953125 0.291015625 0.251953125 0.2890625 0.25390625 0.287109375 0.248046875 0.287109375 0.24609375 0.28515625
0 0.498046875 0.20703125 0.5 0.208984375 0.498046875 0.2109375 0.498046875 0.21484375 0.5 0.216796875 0.501953125 0.21484375 0.50390625 0.21484375 0.5 0.2109375 0.5 0.208984375 0.501953125 0.20703125 0.5 0.208984375
0 0.11328125 0.09765625 0.111328125 0.099609375 0.111328125 0.103515625 0.11328125 0.103515625 0.115234375 0.10546875 0.1171875 0.103515625 0.119140625 0.10546875 0.1171875 0.103515625 0.1171875 0.1015625
0 0.63671875 0.0078125 0.63671875 0.01171875 0.634765625 0.013671875 0.634765625 0.015625 0.6328125 0.017578125 0.630859375 0.017578125 0.62890625 0.01953125 0.626953125 0.017578125 0.626953125 0.013671875 0.626953125 0.017578125 0.62890625 0.01953125 0.630859375 0.017578125 0.6328125 0.01953125 0.634765625 0.01953125 0.638671875 0.0234375 0.63671875 0.025390625 0.638671875 0.0234375 0.63671875 0.021484375 0.638671875 0.01953125 0.640625 0.01953125 0.642578125 0.017578125 0.646484375 0.017578125 0.642578125 0.017578125 0.63671875 0.01171875 0.63671875 0.009765625 0.638671875 0.0078125
1 0.517578125 0.412109375 0.515625 0.4140625 0.517578125 0.416015625 0.517578125 0.41796875 0.51953125 0.41796875 0.521484375 0.419921875 0.5234375 0.41796875 0.525390625 0.419921875 0.521484375 0.416015625 0.5234375 0.4140625 0.525390625 0.4140625 0.5234375 0.4140625 0.521484375 0.412109375 0.51953125 0.4140625
1 0.451171875 0.3359375 0.453125 0.3359375 0.455078125 0.337890625 0.455078125 0.33984375 0.453125 0.341796875 0.451171875 0.33984375 0.44921875 0.341796875 0.44921875 0.34375 0.453125 0.34765625 0.451171875 0.349609375 0.453125 0.3515625 0.453125 0.353515625 0.455078125 0.35546875 0.453125 0.357421875 0.455078125 0.35546875 0.453125 0.353515625 0.453125 0.3515625 0.455078125 0.349609375 0.45703125 0.349609375 0.455078125 0.349609375 0.453125 0.34765625 0.45703125 0.34375 0.458984375 0.345703125 0.45703125 0.34375 0.45703125 0.341796875 0.455078125 0.33984375 0.455078125 0.3359375
1 0.634765625 0.306640625 0.6328125 0.30859375 0.6328125 0.310546875 0.634765625 0.3125 0.6328125 0.314453125 0.634765625 0.3125 0.638671875 0.31640625 0.63671875 0.318359375 0.634765625 0.318359375 0.63671875 0.318359375 0.638671875 0.3203125 0.638671875 0.322265625 0.63671875 0.32421875 0.638671875 0.326171875 0.640625 0.32421875 0.638671875 0.322265625 0.638671875 0.3203125 0.63671875 0.318359375 0.638671875 0.31640625 0.640625 0.31640625 0.642578125 0.314453125 0.646484375 0.314453125 0.642578125 0.314453125 0.638671875 0.310546875 0.638671875 0.30859375 0.634765625 0.3125 0.6328125 0.310546875 0.6328125 0.30859375
1 0.25 0.28125 0.24609375 0.28515625 0.244140625 0.28515625 0.24609375 0.28515625 0.248046875 0.287109375 0.248046875 0.291015625 0.25 0.29296875 0.25390625 0.29296875 0.251953125 0.291015625 0.251953125 0.2890625 0.25390625 0.287109375 0.248046875 0.287109375 0.24609375 0.28515625
1 0.498046875 0.20703125 0.5 0.208984375 0.498046875 0.2109375 0.498046875 0.21484375 0.5 0.216796875 0.501953125 0.21484375 0.50390625 0.21484375 0.5 0.2109375 0.5 0.208984375 0.501953125 0.20703125 0.5 0.208984375
1 0.11328125 0.09765625 0.111328125 0.099609375 0.111328125 0.103515625 0.11328125 0.103515625 0.115234375 0.10546875 0.1171875 0.103515625 0.119140625 0.10546875 0.1171875 0.103515625 0.1171875 0.1015625
1 0.63671875 0.0078125 0.63671875 0.01171875 0.634765625 0.013671875 0.634765625 0.015625 0.6328125 0.017578125 0.630859375 0.017578125 0.62890625 0.01953125 0.626953125 0.017578125 0.626953125 0.013671875 0.626953125 0.017578125 0.62890625 0.01953125 0.630859375 0.017578125 0.6328125 0.01953125 0.634765625 0.01953125 0.638671875 0.0234375 0.63671875 0.025390625 0.638671875 0.0234375 0.63671875 0.021484375 0.638671875 0.01953125 0.640625 0.01953125 0.642578125 0.017578125 0.646484375 0.017578125 0.642578125 0.017578125 0.63671875 0.01171875 0.63671875 0.009765625 0.638671875 0.0078125
