0 0.25390625 0.423828125 0.251953125 0.42578125 0.25 0.42578125 0.25 0.431640625 0.25390625 0.435546875 0.251953125 0.43359375 0.25390625 0.431640625 0.251953125 0.4296875 0.25390625 0.427734375 0.255859375 0.427734375 0.25390625 0.42578125
0 0.646484375 0.345703125 0.64453125 0.34765625 0.642578125 0.34765625 0.642578125 0.3515625 0.64453125 0.353515625 0.6484375 0.349609375 0.6484375 0.34765625 0.650390625 0.345703125 0.6484375 0.34765625
0 0.22265625 0.345703125 0.22265625 0.34765625 0.224609375 0.349609375 0.2265625 0.349609375 0.228515625 0.3515625 0.228515625 0.353515625 0.2265625 0.35546875 0.224609375 0.353515625 0.2265625 0.35546875 0.228515625 0.353515625 0.232421875 0.357421875 0.23046875 0.35546875 0.23046875 0.353515625 0.232421875 0.3515625 0.232421875 0.34765625 0.23046875 0.349609375 0.228515625 0.34765625 0.2265625 0.34765625 0.224609375 0.345703125
0 0.43359375 0.2421875 0.431640625 0.244140625 0.4296875 0.244140625 0.431640625 0.24609375 0.431640625 0.248046875 0.43359375 0.248046875 0.435546875 0.24609375 0.435546875 0.2421875
0 0.30078125 0.140625 0.3046875 0.14453125 0.302734375 0.146484375 0.30078125 0.146484375 0.302734375 0.146484375 0.3046875 0.1484375 0.306640625 0.146484375 0.30859375 0.1484375 0.310546875 0.146484375 0.30859375 0.14453125 0.30859375 0.142578125 0.306640625 0.142578125 0.3046875 0.140625 0.302734375 0.142578125
1 0.25390625 0.423828125 0.251953125 0.42578125 0.25 0.42578125 0.25 0.431640625 0.25390625 0.435546875 0.251953125 0.43359375 0.25390625 0.431640625 0.251953125 0.4296875 0.25390625 0.427734375 0.255859375 0.427734375 0.25390625 0.42578125
1 0.646484375 0.345703125 0.64453125 0.34765625 0.642578125 0.34765625 0.642578125 0.3515625 0.64453125 0.353515625 0.6484375 0.349609375 0.6484375 0.34765625 0.650390625 0.345703125 0.6484375 0.34765625
1 0.22265625 0.345703125 0.22265625 0.34765625 0.224609375 0.349609375 0.2265625 0.349609375 0.228515625 0.3515625 0.228515625 0.353515625 0.2265625 0.35546875 0.224609375 0.353515625 0.2265625 0.35546875 0.228515625 0.353515625 0.232421875 0.357421875 0.23046875 0.35546875 0.23046875 0.353515625 0.232421875 0.3515625 0.232421875 0.34765625 0.23046875 0.349609375 0.228515625 0.34765625 0.2265625 0.34765625 0.224609375 0.345703125
1 0.43359375 0.2421875 0.431640625 0.244140625 0.4296875 0.244140625 0.431640625 0.24609375 0.431640625 0.248046875 0.43359375 0.248046875 0.435546875 0.24609375 0.435546875 0.2421875
1 0.30078125 0.140625 0.3046875 0.14453125 0.302734375 0.146484375 0.30078125 0.146484375 0.302734375 0.146484375 0.3046875 0.1484375 0.306640625 0.146484375 0.30859375 0.1484375 0.310546875 0.146484375 0.30859375 0.14453125 0.30859375 0.142578125 0.306640625 0.142578125 0.3046875 0.140625 0.302734375 0.142578125
