0 0.8359375 0.7109375 0.837890625 0.7109375 0.83984375 0.712890625 0.837890625 0.71484375 0.83984375 0.716796875 0.837890625 0.71875 0.83984375 0.720703125 0.83984375 0.724609375 0.841796875 0.724609375 0.83984375 0.72265625 0.83984375 0.720703125 0.84375 0.716796875 0.845703125 0.716796875 0.84375 0.71484375 0.841796875 0.71484375 0.837890625 0.7109375
0 0.806640625 0.6171875 0.8046875 0.619140625 0.8046875 0.625 0.806640625 0.626953125 0.80859375 0.625 0.810546875 0.625 0.8125 0.626953125 0.814453125 0.625 0.814453125 0.619140625 0.8125 0.6171875 0.810546875 0.619140625 0.80859375 0.619140625
0 0.916015625 0.5546875 0.916015625 0.556640625 0.9140625 0.55859375 0.912109375 0.55859375 0.91015625 0.556640625 0.91015625 0.55859375 0.912109375 0.560546875 0.912109375 0.5625 0.9140625 0.564453125 0.916015625 0.564453125 0.916015625 0.5625 0.91796875 0.560546875 0.91796875 0.55859375 0.919921875 0.556640625 0.919921875 0.5546875 0.919921875 0.556640625 0.91796875 0.55859375 0.916015625 0.556640625
0 0.791015625 0.400390625 0.7890625 0.40234375 0.7890625 0.404296875 0.791015625 0.40625 0.7890625 0.408203125 0.791015625 0.40625 0.794921875 0.41015625 0.79296875 0.412109375 0.791015625 0.412109375 0.79296875 0.412109375 0.794921875 0.4140625 0.794921875 0.416015625 0.79296875 0.41796875 0.794921875 0.419921875 0.796875 0.41796875 0.794921875 0.416015625 0.794921875 0.4140625 0.79296875 0.412109375 0.794921875 0.41015625 0.796875 0.41015625 0.798828125 0.408203125 0.802734375 0.408203125 0.798828125 0.408203125 0.796875 0.40625 0.798828125 0.404296875 0.796875 0.40234375 0.794921875 0.40234375 0.791015625 0.40625 0.7890625 0.404296875 0.7890625 0.40234375
0 0.8671875 0.296875 0.865234375 0.298828125 0.86328125 0.298828125 0.861328125 0.30078125 0.861328125 0.306640625 0.86328125 0.30859375 0.865234375 0.30859375 0.8671875 0.310546875 0.875 0.310546875 0.876953125 0.3125 0.876953125 0.310546875 0.87890625 0.30859375 0.880859375 0.30859375 0.8828125 0.310546875 0.880859375 0.3125 0.880859375 0.31640625 0.880859375 0.3125 0.8828125 0.310546875 0.88671875 0.314453125 0.88671875 0.318359375 0.888671875 0.318359375 0.88671875 0.31640625 0.88671875 0.314453125 0.888671875 0.3125 0.892578125 0.3125 0.89453125 0.314453125 0.896484375 0.3125 0.896484375 0.3046875 0.890625 0.298828125 0.892578125 0.30078125 0.890625 0.302734375 0.888671875 0.302734375 0.884765625 0.306640625 0.8828125 0.3046875 0.884765625 0.306640625 0.884765625 0.30859375 0.8828125 0.310546875 0.880859375 0.30859375 0.87890625 0.30859375 0.876953125 0.306640625 0.876953125 0.3046875 0.87890625 0.302734375 0.876953125 0.3046875 0.875 0.302734375 0.875 0.298828125 0.873046875 0.30078125 0.87109375 0.298828125 0.869140625 0.298828125
0 0.826171875 0.22265625 0.82421875 0.224609375 0.818359375 0.224609375 0.814453125 0.228515625 0.814453125 0.23046875 0.81640625 0.23046875 0.818359375 0.232421875 0.8203125 0.23046875 0.822265625 0.23046875 0.826171875 0.2265625 0.82421875 0.224609375
0 0.81640625 0.16796875 0.81640625 0.169921875 0.814453125 0.171875 0.814453125 0.173828125 0.8125 0.17578125 0.8125 0.177734375 0.8125 0.17578125 0.814453125 0.173828125 0.81640625 0.17578125 0.81640625 0.177734375 0.81640625 0.17578125 0.818359375 0.173828125 0.8203125 0.173828125 0.822265625 0.17578125 0.822265625 0.173828125 0.8203125 0.171875 0.8203125 0.169921875 0.818359375 0.16796875
0 0.94140625 0.15234375 0.94140625 0.15625 0.939453125 0.158203125 0.9375 0.158203125 0.939453125 0.158203125 0.943359375 0.162109375 0.943359375 0.16015625 0.9453125 0.158203125 0.9453125 0.154296875 0.943359375 0.15234375
0 0.83203125 0.041015625 0.833984375 0.04296875 0.83203125 0.044921875 0.833984375 0.046875 0.83203125 0.048828125 0.833984375 0.048828125 0.8359375 0.05078125 0.837890625 0.05078125 0.83984375 0.052734375 0.837890625 0.05078125 0.83984375 0.048828125 0.83984375 0.04296875 0.841796875 0.041015625 0.837890625 0.044921875 0.8359375 0.044921875
0 0.841796875 0.001953125 0.84375 0.00390625 0.83984375 0.0078125 0.837890625 0.005859375 0.837890625 0.00390625 0.837890625 0.005859375 0.841796875 0.009765625 0.841796875 0.013671875 0.83984375 0.015625 0.841796875 0.013671875 0.84765625 0.013671875 0.849609375 0.01171875 0.8515625 0.013671875 0.849609375 0.01171875 0.849609375 0.009765625 0.84765625 0.0078125 0.84375 0.0078125 0.841796875 0.005859375 0.845703125 0.001953125 0.84375 0.00390625
1 0.8359375 0.7109375 0.837890625 0.7109375 0.83984375 0.712890625 0.837890625 0.71484375 0.83984375 0.716796875 0.837890625 0.71875 0.83984375 0.720703125 0.83984375 0.724609375 0.841796875 0.724609375 0.83984375 0.72265625 0.83984375 0.720703125 0.84375 0.716796875 0.845703125 0.716796875 0.84375 0.71484375 0.841796875 0.71484375 0.837890625 0.7109375
1 0.806640625 0.6171875 0.8046875 0.619140625 0.8046875 0.625 0.806640625 0.626953125 0.80859375 0.625 0.810546875 0.625 0.8125 0.626953125 0.814453125 0.625 0.814453125 0.619140625 0.8125 0.6171875 0.810546875 0.619140625 0.80859375 0.619140625
1 0.916015625 0.5546875 0.916015625 0.556640625 0.9140625 0.55859375 0.912109375 0.55859375 0.91015625 0.556640625 0.91015625 0.55859375 0.912109375 0.560546875 0.912109375 0.5625 0.9140625 0.564453125 0.916015625 0.564453125 0.916015625 0.5625 0.91796875 0.560546875 0.91796875 0.55859375 0.919921875 0.556640625 0.919921875 0.5546875 0.919921875 0.556640625 0.91796875 0.55859375 0.916015625 0.556640625
1 0.791015625 0.400390625 0.7890625 0.40234375 0.7890625 0.404296875 0.791015625 0.40625 0.7890625 0.408203125 0.791015625 0.40625 0.794921875 0.41015625 0.79296875 0.412109375 0.791015625 0.412109375 0.79296875 0.412109375 0.794921875 0.4140625 0.794921875 0.416015625 0.79296875 0.41796875 0.794921875 0.419921875 0.796875 0.41796875 0.794921875 0.416015625 0.794921875 0.4140625 0.79296875 0.412109375 0.794921875 0.41015625 0.796875 0.41015625 0.798828125 0.408203125 0.802734375 0.408203125 0.798828125 0.408203125 0.796875 0.40625 0.798828125 0.404296875 0.796875 0.40234375 0.794921875 0.40234375 0.791015625 0.40625 0.7890625 0.404296875 0.7890625 0.40234375
1 0.8671875 0.296875 0.865234375 0.298828125 0.86328125 0.298828125 0.861328125 0.30078125 0.861328125 0.306640625 0.86328125 0.30859375 0.865234375 0.30859375 0.8671875 0.310546875 0.875 0.310546875 0.876953125 0.3125 0.876953125 0.310546875 0.87890625 0.30859375 0.880859375 0.30859375 0.8828125 0.310546875 0.880859375 0.3125 0.880859375 0.31640625 0.880859375 0.3125 0.8828125 0.310546875 0.88671875 0.314453125 0.88671875 0.318359375 0.888671875 0.318359375 0.88671875 0.31640625 0.88671875 0.314453125 0.888671875 0.3125 0.892578125 0.3125 0.89453125 0.314453125 0.896484375 0.3125 0.896484375 0.3046875 0.890625 0.298828125 0.892578125 0.30078125 0.890625 0.302734375 0.888671875 0.302734375 0.884765625 0.306640625 0.8828125 0.3046875 0.884765625 0.306640625 0.884765625 0.30859375 0.8828125 0.310546875 0.880859375 0.30859375 0.87890625 0.30859375 0.876953125 0.306640625 0.876953125 0.3046875 0.87890625 0.302734375 0.876953125 0.3046875 0.875 0.302734375 0.875 0.298828125 0.873046875 0.30078125 0.87109375 0.298828125 0.869140625 0.298828125
1 0.826171875 0.22265625 0.82421875 0.224609375 0.818359375 0.224609375 0.814453125 0.228515625 0.814453125 0.23046875 0.81640625 0.23046875 0.818359375 0.232421875 0.8203125 0.23046875 0.822265625 0.23046875 0.826171875 0.2265625 0.82421875 0.224609375
1 0.81640625 0.16796875 0.81640625 0.169921875 0.814453125 0.171875 0.814453125 0.173828125 0.8125 0.17578125 0.8125 0.177734375 0.8125 0.17578125 0.814453125 0.173828125 0.81640625 0.17578125 0.81640625 0.177734375 0.81640625 0.17578125 0.818359375 0.173828125 0.8203125 0.173828125 0.822265625 0.17578125 0.822265625 0.173828125 0.8203125 0.171875 0.8203125 0.169921875 0.818359375 0.16796875
1 0.94140625 0.15234375 0.94140625 0.15625 0.939453125 0.158203125 0.9375 0.158203125 0.939453125 0.158203125 0.943359375 0.162109375 0.943359375 0.16015625 0.9453125 0.158203125 0.9453125 0.154296875 0.943359375 0.15234375
1 0.83203125 0.041015625 0.833984375 0.04296875 0.83203125 0.044921875 0.833984375 0.046875 0.83203125 0.048828125 0.833984375 0.048828125 0.8359375 0.05078125 0.837890625 0.05078125 0.83984375 0.052734375 0.837890625 0.05078125 0.83984375 0.048828125 0.83984375 0.04296875 0.841796875 0.041015625 0.837890625 0.044921875 0.8359375 0.044921875
1 0.841796875 0.001953125 0.84375 0.00390625 0.83984375 0.0078125 0.837890625 0.005859375 0.837890625 0.00390625 0.837890625 0.005859375 0.841796875 0.009765625 0.841796875 0.013671875 0.83984375 0.015625 0.841796875 0.013671875 0.84765625 0.013671875 0.849609375 0.01171875 0.8515625 0.013671875 0.849609375 0.01171875 0.849609375 0.009765625 0.84765625 0.0078125 0.84375 0.0078125 0.841796875 0.005859375 0.845703125 0.001953125 0.84375 0.00390625
