0 0.498046875 0.72265625 0.494140625 0.7265625 0.4921875 0.7265625 0.490234375 0.728515625 0.48828125 0.728515625 0.486328125 0.73046875 0.484375 0.728515625 0.486328125 0.73046875 0.484375 0.732421875 0.486328125 0.73046875 0.48828125 0.732421875 0.490234375 0.73046875 0.4921875 0.73046875 0.494140625 0.732421875 0.494140625 0.73046875 0.498046875 0.7265625 0.49609375 0.724609375
0 0.189453125 0.494140625 0.1875 0.49609375 0.189453125 0.494140625 0.19140625 0.49609375 0.19140625 0.501953125 0.193359375 0.501953125 0.1953125 0.5 0.1953125 0.49609375 0.197265625 0.494140625 0.19921875 0.49609375 0.197265625 0.494140625 0.1953125 0.49609375 0.193359375 0.49609375 0.19140625 0.494140625
0 0.19921875 0.474609375 0.1953125 0.478515625 0.193359375 0.4765625 0.19140625 0.4765625 0.189453125 0.478515625 0.1875 0.478515625 0.189453125 0.478515625 0.19140625 0.48046875 0.189453125 0.482421875 0.19140625 0.48046875 0.193359375 0.482421875 0.193359375 0.48046875 0.1953125 0.478515625 0.197265625 0.48046875 0.19921875 0.478515625 0.197265625 0.4765625
0 0.076171875 0.40625 0.076171875 0.412109375 0.078125 0.412109375 0.080078125 0.41015625 0.080078125 0.40625
0 0.5546875 0.390625 0.5546875 0.392578125 0.552734375 0.39453125 0.55078125 0.392578125 0.548828125 0.39453125 0.55078125 0.396484375 0.548828125 0.3984375 0.552734375 0.39453125 0.5546875 0.396484375 0.556640625 0.396484375 0.55859375 0.39453125 0.560546875 0.39453125 0.55859375 0.39453125 0.556640625 0.392578125 0.55859375 0.390625 0.556640625 0.392578125
0 0.30078125 0.34375 0.302734375 0.345703125 0.30078125 0.34765625 0.298828125 0.34765625 0.296875 0.345703125 0.298828125 0.34765625 0.296875 0.349609375 0.298828125 0.349609375 0.30078125 0.3515625 0.30078125 0.353515625 0.302734375 0.35546875 0.3046875 0.353515625 0.302734375 0.3515625 0.3046875 0.349609375 0.3046875 0.34765625
0 0.001953125 0.33984375 0.001953125 0.341796875 0.0 0.34375 0.0 0.34765625 0.001953125 0.34765625 0.00390625 0.349609375 0.005859375 0.349609375 0.0078125 0.34765625 0.005859375 0.345703125 0.005859375 0.33984375 0.00390625 0.341796875
0 0.28515625 0.330078125 0.2890625 0.333984375 0.28515625 0.337890625 0.2890625 0.341796875 0.291015625 0.33984375 0.294921875 0.33984375 0.294921875 0.337890625 0.29296875 0.3359375 0.291015625 0.337890625 0.2890625 0.3359375 0.2890625 0.333984375 0.287109375 0.33203125 0.2890625 0.330078125 0.287109375 0.33203125
0 0.15625 0.203125 0.158203125 0.205078125 0.158203125 0.20703125 0.15625 0.208984375 0.158203125 0.2109375 0.158203125 0.212890625 0.158203125 0.2109375 0.16015625 0.208984375 0.162109375 0.2109375 0.16796875 0.2109375 0.162109375 0.205078125 0.1640625 0.203125 0.16015625 0.20703125
0 0.03515625 0.083984375 0.037109375 0.0859375 0.03515625 0.087890625 0.033203125 0.087890625 0.03125 0.0859375 0.033203125 0.087890625 0.03125 0.08984375 0.033203125 0.091796875 0.03125 0.08984375 0.033203125 0.087890625 0.03515625 0.087890625 0.041015625 0.09375 0.041015625 0.095703125 0.04296875 0.09375 0.04296875 0.091796875 0.044921875 0.08984375 0.04296875 0.087890625 0.0390625 0.087890625
0 0.974609375 0.080078125 0.9765625 0.08203125 0.974609375 0.083984375 0.974609375 0.0859375 0.97265625 0.087890625 0.970703125 0.0859375 0.96875 0.087890625 0.96875 0.08984375 0.97265625 0.08984375 0.974609375 0.091796875 0.978515625 0.087890625 0.974609375 0.083984375 0.978515625 0.080078125 0.9765625 0.08203125
0 0.17578125 0.06640625 0.173828125 0.068359375 0.17578125 0.0703125 0.173828125 0.072265625 0.173828125 0.07421875 0.1796875 0.07421875 0.177734375 0.072265625 0.177734375 0.0703125 0.1796875 0.068359375 0.181640625 0.068359375 0.1796875 0.068359375 0.177734375 0.06640625
1 0.498046875 0.72265625 0.494140625 0.7265625 0.4921875 0.7265625 0.490234375 0.728515625 0.48828125 0.728515625 0.486328125 0.73046875 0.484375 0.728515625 0.486328125 0.73046875 0.484375 0.732421875 0.486328125 0.73046875 0.48828125 0.732421875 0.490234375 0.73046875 0.4921875 0.73046875 0.494140625 0.732421875 0.494140625 0.73046875 0.498046875 0.7265625 0.49609375 0.724609375
1 0.189453125 0.494140625 0.1875 0.49609375 0.189453125 0.494140625 0.19140625 0.49609375 0.19140625 0.501953125 0.193359375 0.501953125 0.1953125 0.5 0.1953125 0.49609375 0.197265625 0.494140625 0.19921875 0.49609375 0.197265625 0.494140625 0.1953125 0.49609375 0.193359375 0.49609375 0.19140625 0.494140625
1 0.19921875 0.474609375 0.1953125 0.478515625 0.193359375 0.4765625 0.19140625 0.4765625 0.189453125 0.478515625 0.1875 0.478515625 0.189453125 0.478515625 0.19140625 0.48046875 0.189453125 0.482421875 0.19140625 0.48046875 0.193359375 0.482421875 0.193359375 0.48046875 0.1953125 0.478515625 0.197265625 0.48046875 0.19921875 0.478515625 0.197265625 0.4765625
1 0.076171875 0.40625 0.076171875 0.412109375 0.078125 0.412109375 0.080078125 0.41015625 0.080078125 0.40625
1 0.5546875 0.390625 0.5546875 0.392578125 0.552734375 0.39453125 0.55078125 0.392578125 0.548828125 0.39453125 0.55078125 0.396484375 0.548828125 0.3984375 0.552734375 0.39453125 0.5546875 0.396484375 0.556640625 0.396484375 0.55859375 0.39453125 0.560546875 0.39453125 0.55859375 0.39453125 0.556640625 0.392578125 0.55859375 0.390625 0.556640625 0.392578125
1 0.30078125 0.34375 0.302734375 0.345703125 0.30078125 0.34765625 0.298828125 0.34765625 0.296875 0.345703125 0.298828125 0.34765625 0.296875 0.349609375 0.298828125 0.349609375 0.30078125 0.3515625 0.30078125 0.353515625 0.302734375 0.35546875 0.3046875 0.353515625 0.302734375 0.3515625 0.3046875 0.349609375 0.3046875 0.34765625
1 0.001953125 0.33984375 0.001953125 0.341796875 0.0 0.34375 0.0 0.34765625 0.001953125 0.34765625 0.00390625 0.349609375 0.005859375 0.349609375 0.0078125 0.34765625 0.005859375 0.345703125 0.005859375 0.33984375 0.00390625 0.341796875
1 0.28515625 0.330078125 0.2890625 0.333984375 0.28515625 0.337890625 0.2890625 0.341796875 0.291015625 0.33984375 0.294921875 0.33984375 0.294921875 0.337890625 0.29296875 0.3359375 0.291015625 0.337890625 0.2890625 0.3359375 0.2890625 0.333984375 0.287109375 0.33203125 0.2890625 0.330078125 0.287109375 0.33203125
1 0.15625 0.203125 0.158203125 0.205078125 0.158203125 0.20703125 0.15625 0.208984375 0.158203125 0.2109375 0.158203125 0.212890625 0.158203125 0.2109375 0.16015625 0.208984375 0.162109375 0.2109375 0.16796875 0.2109375 0.162109375 0.205078125 0.1640625 0.203125 0.16015625 0.20703125
1 0.03515625 0.083984375 0.037109375 0.0859375 0.03515625 0.087890625 0.033203125 0.087890625 0.03125 0.0859375 0.033203125 0.087890625 0.03125 0.08984375 0.033203125 0.091796875 0.03125 0.08984375 0.033203125 0.087890625 0.03515625 0.087890625 0.041015625 0.09375 0.041015625 0.095703125 0.04296875 0.09375 0.04296875 0.091796875 0.044921875 0.08984375 0.04296875 0.087890625 0.0390625 0.087890625
1 0.974609375 0.080078125 0.9765625 0.08203125 0.974609375 0.083984375 0.974609375 0.0859375 0.97265625 0.087890625 0.970703125 0.0859375 0.96875 0.087890625 0.96875 0.08984375 0.97265625 0.08984375 0.974609375 0.091796875 0.978515625 0.087890625 0.974609375 0.083984375 0.978515625 0.080078125 0.9765625 0.08203125
1 0.17578125 0.06640625 0.173828125 0.068359375 0.17578125 0.0703125 0.173828125 0.072265625 0.173828125 0.07421875 0.1796875 0.07421875 0.177734375 0.072265625 0.177734375 0.0703125 0.1796875 0.068359375 0.181640625 0.068359375 0.1796875 0.068359375 0.177734375 0.06640625
