0 0.37890625 0.478515625 0.376953125 0.48046875 0.37890625 0.478515625 0.380859375 0.48046875 0.380859375 0.484375 0.3828125 0.486328125 0.384765625 0.486328125 0.384765625 0.48046875 0.38671875 0.478515625 0.388671875 0.48046875 0.38671875 0.478515625 0.384765625 0.478515625 0.3828125 0.48046875 0.380859375 0.48046875
0 0.408203125 0.361328125 0.40625 0.36328125 0.404296875 0.36328125 0.404296875 0.3671875 0.40234375 0.369140625 0.400390625 0.369140625 0.40234375 0.369140625 0.404296875 0.37109375 0.40234375 0.369140625 0.404296875 0.3671875 0.40625 0.3671875 0.408203125 0.369140625 0.408203125 0.37109375 0.408203125 0.365234375 0.41015625 0.36328125
0 0.125 0.25 0.123046875 0.251953125 0.123046875 0.255859375 0.125 0.25390625 0.126953125 0.255859375 0.12890625 0.25390625 0.130859375 0.255859375 0.1328125 0.255859375 0.130859375 0.255859375 0.12890625 0.25390625 0.130859375 0.251953125 0.1328125 0.251953125 0.130859375 0.251953125 0.12890625 0.25
0 0.06640625 0.046875 0.0625 0.05078125 0.0625 0.0546875 0.064453125 0.056640625 0.064453125 0.05859375 0.0625 0.060546875 0.064453125 0.05859375 0.06640625 0.05859375 0.068359375 0.060546875 0.06640625 0.05859375 0.068359375 0.056640625 0.0703125 0.056640625 0.0703125 0.0546875 0.072265625 0.052734375 0.07421875 0.0546875 0.072265625 0.052734375 0.072265625 0.05078125 0.0703125 0.052734375 0.068359375 0.05078125 0.068359375 0.048828125 0.0703125 0.046875 0.068359375 0.048828125
0 0.251953125 0.03125 0.251953125 0.037109375 0.25 0.0390625 0.251953125 0.0390625 0.255859375 0.03515625 0.255859375 0.03125 0.25390625 0.033203125
1 0.37890625 0.478515625 0.376953125 0.48046875 0.37890625 0.478515625 0.380859375 0.48046875 0.380859375 0.484375 0.3828125 0.486328125 0.384765625 0.486328125 0.384765625 0.48046875 0.38671875 0.478515625 0.388671875 0.48046875 0.38671875 0.478515625 0.384765625 0.478515625 0.3828125 0.48046875 0.380859375 0.48046875
1 0.408203125 0.361328125 0.40625 0.36328125 0.404296875 0.36328125 0.404296875 0.3671875 0.40234375 0.369140625 0.400390625 0.369140625 0.40234375 0.369140625 0.404296875 0.37109375 0.40234375 0.369140625 0.404296875 0.3671875 0.40625 0.3671875 0.408203125 0.369140625 0.408203125 0.37109375 0.408203125 0.365234375 0.41015625 0.36328125
1 0.125 0.25 0.123046875 0.251953125 0.123046875 0.255859375 0.125 0.25390625 0.126953125 0.255859375 0.12890625 0.25390625 0.130859375 0.255859375 0.1328125 0.255859375 0.130859375 0.255859375 0.12890625 0.25390625 0.130859375 0.251953125 0.1328125 0.251953125 0.130859375 0.251953125 0.12890625 0.25
1 0.06640625 0.046875 0.0625 0.05078125 0.0625 0.0546875 0.064453125 0.056640625 0.064453125 0.05859375 0.0625 0.060546875 0.064453125 0.05859375 0.06640625 0.05859375 0.068359375 0.060546875 0.06640625 0.05859375 0.068359375 0.056640625 0.0703125 0.056640625 0.0703125 0.0546875 0.072265625 0.052734375 0.07421875 0.0546875 0.072265625 0.052734375 0.072265625 0.05078125 0.0703125 0.052734375 0.068359375 0.05078125 0.068359375 0.048828125 0.0703125 0.046875 0.068359375 0.048828125
1 0.251953125 0.03125 0.251953125 0.037109375 0.25 0.0390625 0.251953125 0.0390625 0.255859375 0.03515625 0.255859375 0.03125 0.25390625 0.033203125
