0 0.6875 0.96875 0.689453125 0.970703125 0.689453125 0.97265625 0.6875 0.974609375 0.689453125 0.9765625 0.6875 0.978515625 0.689453125 0.978515625 0.69140625 0.98046875 0.689453125 0.982421875 0.693359375 0.978515625 0.697265625 0.982421875 0.697265625 0.98046875 0.6953125 0.98046875 0.693359375 0.978515625 0.6953125 0.9765625 0.697265625 0.9765625 0.6953125 0.9765625 0.693359375 0.974609375 0.6953125 0.97265625 0.69140625 0.96875 0.689453125 0.970703125
0 0.87890625 0.376953125 0.876953125 0.37890625 0.875 0.37890625 0.875 0.380859375 0.876953125 0.3828125 0.875 0.384765625 0.876953125 0.3828125 0.87890625 0.3828125 0.87890625 0.380859375 0.880859375 0.37890625 0.880859375 0.376953125
0 0.685546875 0.142578125 0.68359375 0.14453125 0.681640625 0.14453125 0.681640625 0.146484375 0.677734375 0.150390625 0.67578125 0.1484375 0.677734375 0.150390625 0.6796875 0.1484375 0.68359375 0.15234375 0.681640625 0.150390625 0.68359375 0.1484375 0.685546875 0.1484375 0.6875 0.150390625 0.689453125 0.150390625 0.6875 0.150390625 0.685546875 0.1484375 0.6875 0.146484375 0.689453125 0.146484375 0.6875 0.146484375 0.685546875 0.14453125
0 0.53515625 0.0859375 0.53125 0.08984375 0.529296875 0.087890625 0.52734375 0.08984375 0.5234375 0.08984375 0.52734375 0.08984375 0.533203125 0.095703125 0.533203125 0.09765625 0.53125 0.099609375 0.533203125 0.099609375 0.533203125 0.095703125 0.53515625 0.09375 0.533203125 0.091796875 0.53515625 0.08984375 0.533203125 0.087890625 0.53515625 0.0859375 0.537109375 0.0859375
0 0.99609375 0.05859375 0.99609375 0.060546875 0.994140625 0.0625 0.994140625 0.064453125 0.990234375 0.068359375 0.9921875 0.06640625 0.99609375 0.0703125 0.998046875 0.0703125 0.99609375 0.0703125 0.994140625 0.068359375 0.998046875 0.064453125 0.998046875 0.0625 0.99609375 0.060546875
1 0.6875 0.96875 0.689453125 0.970703125 0.689453125 0.97265625 0.6875 0.974609375 0.689453125 0.9765625 0.6875 0.978515625 0.689453125 0.978515625 0.69140625 0.98046875 0.689453125 0.982421875 0.693359375 0.978515625 0.697265625 0.982421875 0.697265625 0.98046875 0.6953125 0.98046875 0.693359375 0.978515625 0.6953125 0.9765625 0.697265625 0.9765625 0.6953125 0.9765625 0.693359375 0.974609375 0.6953125 0.97265625 0.69140625 0.96875 0.689453125 0.970703125
1 0.87890625 0.376953125 0.876953125 0.37890625 0.875 0.37890625 0.875 0.380859375 0.876953125 0.3828125 0.875 0.384765625 0.876953125 0.3828125 0.87890625 0.3828125 0.87890625 0.380859375 0.880859375 0.37890625 0.880859375 0.376953125
1 0.685546875 0.142578125 0.68359375 0.14453125 0.681640625 0.14453125 0.681640625 0.146484375 0.677734375 0.150390625 0.67578125 0.1484375 0.677734375 0.150390625 0.6796875 0.1484375 0.68359375 0.15234375 0.681640625 0.150390625 0.68359375 0.1484375 0.685546875 0.1484375 0.6875 0.150390625 0.689453125 0.150390625 0.6875 0.150390625 0.685546875 0.1484375 0.6875 0.146484375 0.689453125 0.146484375 0.6875 0.146484375 0.685546875 0.14453125
1 0.53515625 0.0859375 0.53125 0.08984375 0.529296875 0.087890625 0.52734375 0.08984375 0.5234375 0.08984375 0.52734375 0.08984375 0.533203125 0.095703125 0.533203125 0.09765625 0.53125 0.099609375 0.533203125 0.099609375 0.533203125 0.095703125 0.53515625 0.09375 0.533203125 0.091796875 0.53515625 0.08984375 0.533203125 0.087890625 0.53515625 0.0859375 0.537109375 0.0859375
1 0.99609375 0.05859375 0.99609375 0.060546875 0.994140625 0.0625 0.994140625 0.064453125 0.990234375 0.068359375 0.9921875 0.06640625 0.99609375 0.0703125 0.998046875 0.0703125 0.99609375 0.0703125 0.994140625 0.068359375 0.998046875 0.064453125 0.998046875 0.0625 0.99609375 0.060546875
