0 0.95703125 0.736328125 0.955078125 0.73828125 0.95703125 0.740234375 0.95703125 0.7421875 0.958984375 0.7421875 0.9609375 0.744140625 0.958984375 0.74609375 0.9609375 0.74609375 0.962890625 0.748046875 0.9609375 0.74609375 0.962890625 0.744140625 0.9609375 0.7421875 0.962890625 0.740234375 0.96484375 0.740234375 0.966796875 0.73828125 0.96484375 0.736328125 0.966796875 0.73828125 0.96484375 0.740234375 0.9609375 0.740234375
0 0.921875 0.734375 0.923828125 0.736328125 0.921875 0.73828125 0.923828125 0.736328125 0.9296875 0.7421875 0.931640625 0.740234375 0.931640625 0.73828125 0.9296875 0.736328125 0.9296875 0.734375 0.92578125 0.734375 0.923828125 0.736328125
0 0.9453125 0.599609375 0.943359375 0.6015625 0.943359375 0.603515625 0.94140625 0.60546875 0.943359375 0.607421875 0.9453125 0.60546875 0.947265625 0.60546875 0.94921875 0.603515625 0.951171875 0.603515625 0.947265625 0.603515625 0.9453125 0.6015625
0 0.9921875 0.5859375 0.994140625 0.587890625 0.9921875 0.58984375 0.9921875 0.595703125 0.994140625 0.59375 0.99609375 0.595703125 0.99609375 0.59375 0.998046875 0.591796875 0.998046875 0.58984375 0.994140625 0.5859375
0 0.412109375 0.515625 0.412109375 0.517578125 0.41015625 0.51953125 0.40625 0.51953125 0.40625 0.521484375 0.408203125 0.5234375 0.412109375 0.5234375
0 0.658203125 0.474609375 0.65625 0.4765625 0.658203125 0.478515625 0.658203125 0.48046875 0.66015625 0.48046875 0.662109375 0.482421875 0.6640625 0.48046875 0.666015625 0.482421875 0.662109375 0.478515625 0.6640625 0.4765625 0.666015625 0.4765625 0.6640625 0.4765625 0.662109375 0.474609375 0.66015625 0.4765625
0 0.787109375 0.455078125 0.787109375 0.45703125 0.78515625 0.458984375 0.783203125 0.458984375 0.78125 0.4609375 0.783203125 0.458984375 0.78515625 0.4609375 0.791015625 0.4609375 0.79296875 0.458984375 0.794921875 0.4609375 0.79296875 0.458984375 0.791015625 0.458984375 0.7890625 0.45703125 0.7890625 0.455078125
0 0.435546875 0.36328125 0.435546875 0.3671875 0.43359375 0.369140625 0.431640625 0.369140625 0.43359375 0.369140625 0.435546875 0.37109375 0.43359375 0.369140625 0.435546875 0.3671875 0.4375 0.3671875 0.439453125 0.369140625 0.44140625 0.3671875 0.443359375 0.369140625 0.44140625 0.3671875 0.44140625 0.36328125
0 0.58984375 0.15625 0.587890625 0.158203125 0.5859375 0.158203125 0.5859375 0.1640625 0.583984375 0.166015625 0.587890625 0.162109375 0.58984375 0.1640625 0.58984375 0.166015625 0.58984375 0.162109375 0.591796875 0.16015625 0.591796875 0.158203125
0 0.052734375 0.064453125 0.052734375 0.06640625 0.05078125 0.068359375 0.048828125 0.068359375 0.05078125 0.0703125 0.052734375 0.0703125 0.056640625 0.07421875 0.060546875 0.0703125 0.05859375 0.072265625 0.0546875 0.068359375 0.0546875 0.06640625
0 0.9921875 0.015625 0.994140625 0.017578125 0.9921875 0.01953125 0.9921875 0.0234375 0.990234375 0.025390625 0.9921875 0.0234375 0.998046875 0.029296875 0.99609375 0.02734375 0.99609375 0.025390625 0.998046875 0.0234375 0.998046875 0.017578125 0.994140625 0.017578125
1 0.95703125 0.736328125 0.955078125 0.73828125 0.95703125 0.740234375 0.95703125 0.7421875 0.958984375 0.7421875 0.9609375 0.744140625 0.958984375 0.74609375 0.9609375 0.74609375 0.962890625 0.748046875 0.9609375 0.74609375 0.962890625 0.744140625 0.9609375 0.7421875 0.962890625 0.740234375 0.96484375 0.740234375 0.966796875 0.73828125 0.96484375 0.736328125 0.966796875 0.73828125 0.96484375 0.740234375 0.9609375 0.740234375
1 0.921875 0.734375 0.923828125 0.736328125 0.921875 0.73828125 0.923828125 0.736328125 0.9296875 0.7421875 0.931640625 0.740234375 0.931640625 0.73828125 0.9296875 0.736328125 0.9296875 0.734375 0.92578125 0.734375 0.923828125 0.736328125
1 0.9453125 0.599609375 0.943359375 0.6015625 0.943359375 0.603515625 0.94140625 0.60546875 0.943359375 0.607421875 0.9453125 0.60546875 0.947265625 0.60546875 0.94921875 0.603515625 0.951171875 0.603515625 0.947265625 0.603515625 0.9453125 0.6015625
1 0.9921875 0.5859375 0.994140625 0.587890625 0.9921875 0.58984375 0.9921875 0.595703125 0.994140625 0.59375 0.99609375 0.595703125 0.99609375 0.59375 0.998046875 0.591796875 0.998046875 0.58984375 0.994140625 0.5859375
1 0.412109375 0.515625 0.412109375 0.517578125 0.41015625 0.51953125 0.40625 0.51953125 0.40625 0.521484375 0.408203125 0.5234375 0.412109375 0.5234375
1 0.658203125 0.474609375 0.65625 0.4765625 0.658203125 0.478515625 0.658203125 0.48046875 0.66015625 0.48046875 0.662109375 0.482421875 0.6640625 0.48046875 0.666015625 0.482421875 0.662109375 0.478515625 0.6640625 0.4765625 0.666015625 0.4765625 0.6640625 0.4765625 0.662109375 0.474609375 0.66015625 0.4765625
1 0.787109375 0.455078125 0.787109375 0.45703125 0.78515625 0.458984375 0.783203125 0.458984375 0.78125 0.4609375 0.783203125 0.458984375 0.78515625 0.4609375 0.791015625 0.4609375 0.79296875 0.458984375 0.794921875 0.4609375 0.79296875 0.458984375 0.791015625 0.458984375 0.7890625 0.45703125 0.7890625 0.455078125
1 0.435546875 0.36328125 0.435546875 0.3671875 0.43359375 0.369140625 0.431640625 0.369140625 0.43359375 0.369140625 0.435546875 0.37109375 0.43359375 0.369140625 0.435546875 0.3671875 0.4375 0.3671875 0.439453125 0.369140625 0.44140625 0.3671875 0.443359375 0.369140625 0.44140625 0.3671875 0.44140625 0.36328125
1 0.58984375 0.15625 0.587890625 0.158203125 0.5859375 0.158203125 0.5859375 0.1640625 0.583984375 0.166015625 0.587890625 0.162109375 0.58984375 0.1640625 0.58984375 0.166015625 0.58984375 0.162109375 0.591796875 0.16015625 0.591796875 0.158203125
1 0.052734375 0.064453125 0.052734375 0.06640625 0.05078125 0.068359375 0.048828125 0.068359375 0.05078125 0.0703125 0.052734375 0.0703125 0.056640625 0.07421875 0.060546875 0.0703125 0.05859375 0.072265625 0.0546875 0.068359375 0.0546875 0.06640625
1 0.9921875 0.015625 0.994140625 0.017578125 0.9921875 0.01953125 0.9921875 0.0234375 0.990234375 0.025390625 0.9921875 0.0234375 0.998046875 0.029296875 0.99609375 0.02734375 0.99609375 0.025390625 0.998046875 0.0234375 0.998046875 0.017578125 0.994140625 0.017578125
