0 0.0078125 0.970703125 0.00390625 0.974609375 0.005859375 0.974609375 0.0078125 0.9765625 0.0078125 0.978515625 0.009765625 0.98046875 0.0078125 0.978515625 0.009765625 0.9765625 0.009765625 0.97265625
0 0.408203125 0.625 0.41015625 0.626953125 0.412109375 0.626953125 0.4140625 0.62890625 0.412109375 0.630859375 0.4140625 0.6328125 0.416015625 0.630859375 0.416015625 0.62890625 0.41796875 0.626953125 0.419921875 0.626953125 0.416015625 0.626953125 0.4140625 0.625 0.412109375 0.626953125 0.41015625 0.626953125
0 0.251953125 0.46875 0.25390625 0.470703125 0.251953125 0.47265625 0.25 0.47265625 0.251953125 0.474609375 0.25 0.4765625 0.251953125 0.478515625 0.251953125 0.48046875 0.25 0.482421875 0.251953125 0.48046875 0.25390625 0.482421875 0.2578125 0.478515625 0.255859375 0.4765625 0.2578125 0.474609375 0.259765625 0.474609375 0.2578125 0.474609375 0.255859375 0.47265625 0.2578125 0.470703125 0.259765625 0.470703125 0.259765625 0.46875 0.255859375 0.47265625
0 0.00390625 0.423828125 0.001953125 0.42578125 0.001953125 0.427734375 0.0 0.4296875 0.001953125 0.431640625 0.001953125 0.43359375 0.00390625 0.435546875 0.001953125 0.43359375 0.001953125 0.431640625 0.0 0.4296875 0.001953125 0.427734375 0.00390625 0.427734375 0.0078125 0.431640625 0.0078125 0.43359375 0.0078125 0.431640625 0.005859375 0.4296875 0.009765625 0.42578125 0.0078125 0.42578125 0.005859375 0.423828125
0 0.2421875 0.40234375 0.236328125 0.408203125 0.23828125 0.40625 0.240234375 0.408203125 0.240234375 0.41015625 0.23828125 0.412109375 0.2421875 0.416015625 0.24609375 0.412109375 0.248046875 0.4140625 0.248046875 0.40625 0.24609375 0.40625 0.244140625 0.404296875 0.244140625 0.40234375
0 0.501953125 0.048828125 0.5 0.05078125 0.501953125 0.052734375 0.50390625 0.052734375 0.505859375 0.0546875 0.50390625 0.056640625 0.505859375 0.05859375 0.50390625 0.060546875 0.505859375 0.05859375 0.5078125 0.05859375 0.505859375 0.056640625 0.5078125 0.0546875 0.509765625 0.0546875 0.509765625 0.052734375 0.51171875 0.05078125 0.509765625 0.048828125 0.505859375 0.052734375 0.501953125 0.052734375 0.5 0.05078125
1 0.0078125 0.970703125 0.00390625 0.974609375 0.005859375 0.974609375 0.0078125 0.9765625 0.0078125 0.978515625 0.009765625 0.98046875 0.0078125 0.978515625 0.009765625 0.9765625 0.009765625 0.97265625
1 0.408203125 0.625 0.41015625 0.626953125 0.412109375 0.626953125 0.4140625 0.62890625 0.412109375 0.630859375 0.4140625 0.6328125 0.416015625 0.630859375 0.416015625 0.62890625 0.41796875 0.626953125 0.419921875 0.626953125 0.416015625 0.626953125 0.4140625 0.625 0.412109375 0.626953125 0.41015625 0.626953125
1 0.251953125 0.46875 0.25390625 0.470703125 0.251953125 0.47265625 0.25 0.47265625 0.251953125 0.474609375 0.25 0.4765625 0.251953125 0.478515625 0.251953125 0.48046875 0.25 0.482421875 0.251953125 0.48046875 0.25390625 0.482421875 0.2578125 0.478515625 0.255859375 0.4765625 0.2578125 0.474609375 0.259765625 0.474609375 0.2578125 0.474609375 0.255859375 0.47265625 0.2578125 0.470703125 0.259765625 0.470703125 0.259765625 0.46875 0.255859375 0.47265625
1 0.00390625 0.423828125 0.001953125 0.42578125 0.001953125 0.427734375 0.0 0.4296875 0.001953125 0.431640625 0.001953125 0.43359375 0.00390625 0.435546875 0.001953125 0.43359375 0.001953125 0.431640625 0.0 0.4296875 0.001953125 0.427734375 0.00390625 0.427734375 0.0078125 0.431640625 0.0078125 0.43359375 0.0078125 0.431640625 0.005859375 0.4296875 0.009765625 0.42578125 0.0078125 0.42578125 0.005859375 0.423828125
1 0.2421875 0.40234375 0.236328125 0.408203125 0.23828125 0.40625 0.240234375 0.408203125 0.240234375 0.41015625 0.23828125 0.412109375 0.2421875 0.416015625 0.24609375 0.412109375 0.248046875 0.4140625 0.248046875 0.40625 0.24609375 0.40625 0.244140625 0.404296875 0.244140625 0.40234375
1 0.501953125 0.048828125 0.5 0.05078125 0.501953125 0.052734375 0.50390625 0.052734375 0.505859375 0.0546875 0.50390625 0.056640625 0.505859375 0.05859375 0.50390625 0.060546875 0.505859375 0.05859375 0.5078125 0.05859375 0.505859375 0.056640625 0.5078125 0.0546875 0.509765625 0.0546875 0.509765625 0.052734375 0.51171875 0.05078125 0.509765625 0.048828125 0.505859375 0.052734375 0.501953125 0.052734375 0.5 0.05078125
