0 0.02734375 0.974609375 0.02734375 0.9765625 0.0234375 0.98046875 0.025390625 0.982421875 0.029296875 0.982421875 0.029296875 0.978515625 0.02734375 0.9765625
0 0.08203125 0.720703125 0.080078125 0.72265625 0.080078125 0.724609375 0.078125 0.7265625 0.08203125 0.73046875 0.08984375 0.73046875 0.091796875 0.732421875 0.087890625 0.728515625 0.087890625 0.7265625 0.083984375 0.7265625 0.080078125 0.72265625 0.08203125 0.720703125 0.083984375 0.720703125 0.0859375 0.72265625 0.087890625 0.720703125 0.08984375 0.72265625 0.08984375 0.720703125 0.087890625 0.720703125 0.0859375 0.72265625 0.083984375 0.720703125
0 0.8203125 0.173828125 0.818359375 0.17578125 0.81640625 0.17578125 0.814453125 0.177734375 0.8125 0.177734375 0.814453125 0.1796875 0.8125 0.181640625 0.814453125 0.1796875 0.818359375 0.18359375 0.81640625 0.181640625 0.818359375 0.1796875 0.8203125 0.1796875 0.822265625 0.177734375 0.82421875 0.177734375 0.826171875 0.17578125 0.82421875 0.17578125 0.822265625 0.173828125
0 0.283203125 0.083984375 0.283203125 0.0859375 0.28125 0.087890625 0.28515625 0.091796875 0.287109375 0.08984375 0.2890625 0.08984375 0.287109375 0.087890625 0.2890625 0.0859375 0.287109375 0.083984375 0.287109375 0.0859375 0.28515625 0.087890625 0.283203125 0.0859375
0 0.505859375 0.078125 0.505859375 0.080078125 0.50390625 0.08203125 0.501953125 0.080078125 0.50390625 0.08203125 0.5 0.0859375 0.505859375 0.080078125 0.5078125 0.08203125 0.51171875 0.08203125 0.513671875 0.080078125 0.51171875 0.078125
1 0.02734375 0.974609375 0.02734375 0.9765625 0.0234375 0.98046875 0.025390625 0.982421875 0.029296875 0.982421875 0.029296875 0.978515625 0.02734375 0.9765625
1 0.08203125 0.720703125 0.080078125 0.72265625 0.080078125 0.724609375 0.078125 0.7265625 0.08203125 0.73046875 0.08984375 0.73046875 0.091796875 0.732421875 0.087890625 0.728515625 0.087890625 0.7265625 0.083984375 0.7265625 0.080078125 0.72265625 0.08203125 0.720703125 0.083984375 0.720703125 0.0859375 0.72265625 0.087890625 0.720703125 0.08984375 0.72265625 0.08984375 0.720703125 0.087890625 0.720703125 0.0859375 0.72265625 0.083984375 0.720703125
1 0.8203125 0.173828125 0.818359375 0.17578125 0.81640625 0.17578125 0.814453125 0.177734375 0.8125 0.177734375 0.814453125 0.1796875 0.8125 0.181640625 0.814453125 0.1796875 0.818359375 0.18359375 0.81640625 0.181640625 0.818359375 0.1796875 0.8203125 0.1796875 0.822265625 0.177734375 0.82421875 0.177734375 0.826171875 0.17578125 0.82421875 0.17578125 0.822265625 0.173828125
1 0.283203125 0.083984375 0.283203125 0.0859375 0.28125 0.087890625 0.28515625 0.091796875 0.287109375 0.08984375 0.2890625 0.08984375 0.287109375 0.087890625 0.2890625 0.0859375 0.287109375 0.083984375 0.287109375 0.0859375 0.28515625 0.087890625 0.283203125 0.0859375
1 0.505859375 0.078125 0.505859375 0.080078125 0.50390625 0.08203125 0.501953125 0.080078125 0.50390625 0.08203125 0.5 0.0859375 0.505859375 0.080078125 0.5078125 0.08203125 0.51171875 0.08203125 0.513671875 0.080078125 0.51171875 0.078125
