0 0.97265625 0.986328125 0.974609375 0.98828125 0.97265625 0.990234375 0.970703125 0.990234375 0.96875 0.98828125 0.970703125 0.990234375 0.970703125 0.994140625 0.97265625 0.994140625 0.974609375 0.99609375 0.97265625 0.998046875 0.974609375 0.99609375 0.9765625 0.99609375 0.978515625 0.994140625 0.9765625 0.99609375 0.974609375 0.994140625 0.974609375 0.986328125
0 0.962890625 0.96875 0.95703125 0.974609375 0.953125 0.974609375 0.953125 0.978515625 0.955078125 0.978515625 0.95703125 0.9765625 0.958984375 0.978515625 0.9609375 0.978515625 0.962890625 0.9765625 0.958984375 0.97265625
0 0.998046875 0.7734375 0.99609375 0.775390625 0.994140625 0.775390625 0.994140625 0.78125 0.99609375 0.783203125 0.99609375 0.787109375 0.998046875 0.787109375 0.99609375 0.78515625 0.99609375 0.783203125 0.998046875 0.78125 0.998046875 0.779296875 0.99609375 0.77734375 0.99609375 0.775390625
0 0.9296875 0.693359375 0.931640625 0.693359375 0.93359375 0.6953125 0.931640625 0.697265625 0.9296875 0.697265625 0.931640625 0.697265625 0.93359375 0.69921875 0.93359375 0.701171875 0.935546875 0.701171875 0.9375 0.69921875 0.939453125 0.69921875 0.9375 0.697265625 0.935546875 0.697265625 0.93359375 0.6953125 0.93359375 0.693359375
0 0.83203125 0.423828125 0.830078125 0.42578125 0.83203125 0.427734375 0.83203125 0.4296875 0.833984375 0.4296875 0.8359375 0.431640625 0.833984375 0.43359375 0.8359375 0.43359375 0.837890625 0.435546875 0.8359375 0.43359375 0.837890625 0.431640625 0.8359375 0.4296875 0.837890625 0.427734375 0.83984375 0.427734375 0.841796875 0.42578125 0.83984375 0.423828125 0.841796875 0.42578125 0.83984375 0.427734375 0.8359375 0.427734375
0 0.724609375 0.287109375 0.7265625 0.2890625 0.724609375 0.291015625 0.72265625 0.291015625 0.720703125 0.2890625 0.72265625 0.291015625 0.72265625 0.29296875 0.724609375 0.294921875 0.73046875 0.294921875 0.728515625 0.29296875 0.728515625 0.291015625 0.73046875 0.2890625 0.728515625 0.287109375 0.7265625 0.2890625
0 0.6640625 0.28515625 0.662109375 0.287109375 0.66015625 0.287109375 0.66015625 0.2890625 0.658203125 0.291015625 0.6640625 0.291015625 0.666015625 0.2890625 0.6640625 0.287109375 0.666015625 0.28515625
1 0.97265625 0.986328125 0.974609375 0.98828125 0.97265625 0.990234375 0.970703125 0.990234375 0.96875 0.98828125 0.970703125 0.990234375 0.970703125 0.994140625 0.97265625 0.994140625 0.974609375 0.99609375 0.97265625 0.998046875 0.974609375 0.99609375 0.9765625 0.99609375 0.978515625 0.994140625 0.9765625 0.99609375 0.974609375 0.994140625 0.974609375 0.986328125
1 0.962890625 0.96875 0.95703125 0.974609375 0.953125 0.974609375 0.953125 0.978515625 0.955078125 0.978515625 0.95703125 0.9765625 0.958984375 0.978515625 0.9609375 0.978515625 0.962890625 0.9765625 0.958984375 0.97265625
1 0.998046875 0.7734375 0.99609375 0.775390625 0.994140625 0.775390625 0.994140625 0.78125 0.99609375 0.783203125 0.99609375 0.787109375 0.998046875 0.787109375 0.99609375 0.78515625 0.99609375 0.783203125 0.998046875 0.78125 0.998046875 0.779296875 0.99609375 0.77734375 0.99609375 0.775390625
1 0.9296875 0.693359375 0.931640625 0.693359375 0.93359375 0.6953125 0.931640625 0.697265625 0.9296875 0.697265625 0.931640625 0.697265625 0.93359375 0.69921875 0.93359375 0.701171875 0.935546875 0.701171875 0.9375 0.69921875 0.939453125 0.69921875 0.9375 0.697265625 0.935546875 0.697265625 0.93359375 0.6953125 0.93359375 0.693359375
1 0.83203125 0.423828125 0.830078125 0.42578125 0.83203125 0.427734375 0.83203125 0.4296875 0.833984375 0.4296875 0.8359375 0.431640625 0.833984375 0.43359375 0.8359375 0.43359375 0.837890625 0.435546875 0.8359375 0.43359375 0.837890625 0.431640625 0.8359375 0.4296875 0.837890625 0.427734375 0.83984375 0.427734375 0.841796875 0.42578125 0.83984375 0.423828125 0.841796875 0.42578125 0.83984375 0.427734375 0.8359375 0.427734375
1 0.724609375 0.287109375 0.7265625 0.2890625 0.724609375 0.291015625 0.72265625 0.291015625 0.720703125 0.2890625 0.72265625 0.291015625 0.72265625 0.29296875 0.724609375 0.294921875 0.73046875 0.294921875 0.728515625 0.29296875 0.728515625 0.291015625 0.73046875 0.2890625 0.728515625 0.287109375 0.7265625 0.2890625
1 0.6640625 0.28515625 0.662109375 0.287109375 0.66015625 0.287109375 0.66015625 0.2890625 0.658203125 0.291015625 0.6640625 0.291015625 0.666015625 0.2890625 0.6640625 0.287109375 0.666015625 0.28515625
