0 0.970703125 0.509765625 0.96875 0.51171875 0.970703125 0.509765625 0.97265625 0.51171875 0.97265625 0.517578125 0.974609375 0.517578125 0.9765625 0.515625 0.9765625 0.51171875 0.978515625 0.509765625 0.98046875 0.51171875 0.978515625 0.509765625 0.9765625 0.51171875 0.974609375 0.51171875 0.97265625 0.509765625
0 0.16015625 0.46875 0.162109375 0.470703125 0.16015625 0.47265625 0.158203125 0.47265625 0.158203125 0.4765625 0.15625 0.478515625 0.158203125 0.4765625 0.16015625 0.4765625 0.162109375 0.478515625 0.16015625 0.48046875 0.162109375 0.48046875 0.162109375 0.47265625 0.1640625 0.470703125 0.166015625 0.47265625 0.1640625 0.470703125 0.162109375 0.470703125
0 0.99609375 0.455078125 0.9921875 0.458984375 0.990234375 0.45703125 0.98828125 0.458984375 0.990234375 0.45703125 0.994140625 0.4609375 0.994140625 0.462890625 0.99609375 0.462890625 0.998046875 0.46484375 0.998046875 0.458984375 0.99609375 0.458984375 0.994140625 0.45703125
0 0.57421875 0.376953125 0.576171875 0.37890625 0.57421875 0.380859375 0.5703125 0.380859375 0.576171875 0.380859375 0.578125 0.3828125 0.578125 0.384765625 0.578125 0.3828125 0.58203125 0.37890625 0.580078125 0.37890625 0.578125 0.376953125
0 0.380859375 0.359375 0.37890625 0.361328125 0.375 0.361328125 0.376953125 0.361328125 0.37890625 0.36328125 0.37890625 0.365234375 0.380859375 0.3671875 0.3828125 0.365234375 0.380859375 0.36328125 0.3828125 0.361328125 0.384765625 0.361328125 0.38671875 0.359375 0.384765625 0.361328125 0.3828125 0.361328125
0 0.298828125 0.283203125 0.294921875 0.287109375 0.29296875 0.287109375 0.29296875 0.2890625 0.296875 0.2890625 0.298828125 0.291015625 0.298828125 0.29296875 0.298828125 0.287109375 0.30078125 0.28515625
0 0.20703125 0.16015625 0.205078125 0.162109375 0.205078125 0.166015625 0.20703125 0.166015625 0.208984375 0.16796875 0.2109375 0.166015625 0.212890625 0.16796875 0.2109375 0.166015625 0.2109375 0.1640625
0 0.546875 0.140625 0.548828125 0.142578125 0.546875 0.14453125 0.548828125 0.14453125 0.55078125 0.146484375 0.55078125 0.1484375 0.552734375 0.1484375 0.5546875 0.146484375 0.55859375 0.150390625 0.556640625 0.1484375 0.55859375 0.146484375 0.556640625 0.14453125 0.55859375 0.142578125 0.556640625 0.142578125 0.5546875 0.14453125 0.552734375 0.142578125 0.55078125 0.14453125
0 0.345703125 0.03515625 0.34765625 0.037109375 0.34375 0.041015625 0.345703125 0.0390625 0.34765625 0.0390625 0.349609375 0.041015625 0.34765625 0.04296875 0.349609375 0.044921875 0.34765625 0.04296875 0.349609375 0.041015625 0.353515625 0.041015625 0.357421875 0.044921875 0.35546875 0.04296875 0.35546875 0.041015625 0.357421875 0.0390625 0.35546875 0.037109375 0.35546875 0.03515625 0.353515625 0.037109375 0.3515625 0.037109375 0.349609375 0.0390625
1 0.970703125 0.509765625 0.96875 0.51171875 0.970703125 0.509765625 0.97265625 0.51171875 0.97265625 0.517578125 0.974609375 0.517578125 0.9765625 0.515625 0.9765625 0.51171875 0.978515625 0.509765625 0.98046875 0.51171875 0.978515625 0.509765625 0.9765625 0.51171875 0.974609375 0.51171875 0.97265625 0.509765625
1 0.16015625 0.46875 0.162109375 0.470703125 0.16015625 0.47265625 0.158203125 0.47265625 0.158203125 0.4765625 0.15625 0.478515625 0.158203125 0.4765625 0.16015625 0.4765625 0.162109375 0.478515625 0.16015625 0.48046875 0.162109375 0.48046875 0.162109375 0.47265625 0.1640625 0.470703125 0.166015625 0.47265625 0.1640625 0.470703125 0.162109375 0.470703125
1 0.99609375 0.455078125 0.9921875 0.458984375 0.990234375 0.45703125 0.98828125 0.458984375 0.990234375 0.45703125 0.994140625 0.4609375 0.994140625 0.462890625 0.99609375 0.462890625 0.998046875 0.46484375 0.998046875 0.458984375 0.99609375 0.458984375 0.994140625 0.45703125
1 0.57421875 0.376953125 0.576171875 0.37890625 0.57421875 0.380859375 0.5703125 0.380859375 0.576171875 0.380859375 0.578125 0.3828125 0.578125 0.384765625 0.578125 0.3828125 0.58203125 0.37890625 0.580078125 0.37890625 0.578125 0.376953125
1 0.380859375 0.359375 0.37890625 0.361328125 0.375 0.361328125 0.376953125 0.361328125 0.37890625 0.36328125 0.37890625 0.365234375 0.380859375 0.3671875 0.3828125 0.365234375 0.380859375 0.36328125 0.3828125 0.361328125 0.384765625 0.361328125 0.38671875 0.359375 0.384765625 0.361328125 0.3828125 0.361328125
1 0.298828125 0.283203125 0.294921875 0.287109375 0.29296875 0.287109375 0.29296875 0.2890625 0.296875 0.2890625 0.298828125 0.291015625 0.298828125 0.29296875 0.298828125 0.287109375 0.30078125 0.28515625
1 0.20703125 0.16015625 0.205078125 0.162109375 0.205078125 0.166015625 0.20703125 0.166015625 0.208984375 0.16796875 0.2109375 0.166015625 0.212890625 0.16796875 0.2109375 0.166015625 0.2109375 0.1640625
1 0.546875 0.140625 0.548828125 0.142578125 0.546875 0.14453125 0.548828125 0.14453125 0.55078125 0.146484375 0.55078125 0.1484375 0.552734375 0.1484375 0.5546875 0.146484375 0.55859375 0.150390625 0.556640625 0.1484375 0.55859375 0.146484375 0.556640625 0.14453125 0.55859375 0.142578125 0.556640625 0.142578125 0.5546875 0.14453125 0.552734375 0.142578125 0.55078125 0.14453125
1 0.345703125 0.03515625 0.34765625 0.037109375 0.34375 0.041015625 0.345703125 0.0390625 0.34765625 0.0390625 0.349609375 0.041015625 0.34765625 0.04296875 0.349609375 0.044921875 0.34765625 0.04296875 0.349609375 0.041015625 0.353515625 0.041015625 0.357421875 0.044921875 0.35546875 0.04296875 0.35546875 0.041015625 0.357421875 0.0390625 0.35546875 0.037109375 0.35546875 0.03515625 0.353515625 0.037109375 0.3515625 0.037109375 0.349609375 0.0390625
