0 0.625 0.8828125 0.626953125 0.884765625 0.626953125 0.88671875 0.623046875 0.890625 0.62109375 0.890625 0.623046875 0.892578125 0.625 0.892578125 0.62890625 0.896484375 0.630859375 0.896484375 0.62890625 0.896484375 0.626953125 0.89453125 0.62890625 0.892578125 0.626953125 0.890625 0.62890625 0.888671875 0.626953125 0.88671875 0.626953125 0.8828125
0 0.98046875 0.859375 0.978515625 0.861328125 0.98046875 0.86328125 0.98046875 0.865234375 0.982421875 0.865234375 0.984375 0.8671875 0.982421875 0.869140625 0.986328125 0.873046875 0.982421875 0.869140625 0.984375 0.8671875 0.984375 0.865234375 0.986328125 0.86328125 0.986328125 0.861328125 0.98828125 0.859375 0.986328125 0.861328125 0.984375 0.859375
0 0.705078125 0.546875 0.703125 0.548828125 0.705078125 0.546875 0.70703125 0.548828125 0.70703125 0.55078125 0.712890625 0.556640625 0.7109375 0.55859375 0.712890625 0.556640625 0.71484375 0.556640625 0.712890625 0.556640625 0.7109375 0.5546875 0.7109375 0.55078125 0.712890625 0.548828125 0.71484375 0.55078125 0.71484375 0.552734375 0.71484375 0.548828125 0.712890625 0.548828125 0.7109375 0.546875 0.708984375 0.546875 0.70703125 0.548828125
0 0.96875 0.43359375 0.96875 0.4375 0.970703125 0.439453125 0.970703125 0.44140625 0.96875 0.443359375 0.970703125 0.443359375 0.970703125 0.439453125 0.97265625 0.4375 0.97265625 0.435546875 0.974609375 0.43359375 0.9765625 0.43359375
0 0.98828125 0.30078125 0.990234375 0.302734375 0.98828125 0.3046875 0.986328125 0.3046875 0.984375 0.302734375 0.984375 0.310546875 0.986328125 0.3125 0.986328125 0.314453125 0.98828125 0.3125 0.990234375 0.314453125 0.990234375 0.3125 0.9921875 0.310546875 0.994140625 0.3125 0.994140625 0.314453125 0.994140625 0.3125 0.9921875 0.310546875 0.9921875 0.3046875 0.994140625 0.302734375 0.9921875 0.3046875 0.990234375 0.302734375 0.990234375 0.30078125
0 0.642578125 0.283203125 0.642578125 0.28515625 0.638671875 0.2890625 0.638671875 0.294921875 0.640625 0.296875 0.640625 0.298828125 0.642578125 0.30078125 0.642578125 0.302734375 0.64453125 0.30078125 0.646484375 0.30078125 0.6484375 0.302734375 0.650390625 0.302734375 0.654296875 0.298828125 0.650390625 0.302734375 0.6484375 0.302734375 0.646484375 0.30078125 0.6484375 0.298828125 0.6484375 0.296875 0.650390625 0.294921875 0.650390625 0.287109375 0.65234375 0.28515625 0.654296875 0.287109375 0.65234375 0.28515625 0.650390625 0.287109375 0.6484375 0.287109375 0.646484375 0.28515625 0.64453125 0.28515625
0 0.802734375 0.27734375 0.802734375 0.279296875 0.80078125 0.28125 0.80078125 0.28515625 0.798828125 0.287109375 0.80078125 0.28515625 0.802734375 0.287109375 0.802734375 0.2890625 0.80078125 0.291015625 0.806640625 0.28515625 0.80859375 0.28515625 0.806640625 0.283203125 0.80859375 0.28125 0.806640625 0.279296875 0.8046875 0.28125 0.802734375 0.279296875
0 0.669921875 0.21875 0.66796875 0.220703125 0.666015625 0.220703125 0.666015625 0.22265625 0.66796875 0.224609375 0.666015625 0.2265625 0.671875 0.2265625 0.673828125 0.228515625 0.67578125 0.2265625 0.677734375 0.2265625 0.67578125 0.2265625 0.673828125 0.224609375 0.673828125 0.21875
0 0.28125 0.205078125 0.283203125 0.20703125 0.279296875 0.2109375 0.275390625 0.2109375 0.2734375 0.212890625 0.271484375 0.212890625 0.2734375 0.21484375 0.271484375 0.216796875 0.26953125 0.216796875 0.267578125 0.21484375 0.26953125 0.216796875 0.26953125 0.21875 0.271484375 0.220703125 0.26953125 0.22265625 0.2734375 0.2265625 0.279296875 0.2265625 0.283203125 0.22265625 0.283203125 0.216796875 0.28515625 0.21484375 0.283203125 0.21484375 0.28125 0.212890625 0.28125 0.208984375 0.283203125 0.20703125
0 0.958984375 0.189453125 0.962890625 0.193359375 0.962890625 0.1953125 0.9609375 0.197265625 0.962890625 0.1953125 0.96484375 0.197265625 0.96484375 0.19921875 0.96484375 0.197265625 0.966796875 0.1953125 0.96875 0.197265625 0.970703125 0.1953125 0.970703125 0.193359375 0.97265625 0.19140625 0.970703125 0.189453125 0.96484375 0.189453125 0.962890625 0.19140625 0.9609375 0.19140625
0 0.90234375 0.177734375 0.900390625 0.1796875 0.90234375 0.181640625 0.90234375 0.1875 0.904296875 0.189453125 0.90625 0.1875 0.908203125 0.189453125 0.908203125 0.19140625 0.90625 0.193359375 0.904296875 0.193359375 0.908203125 0.193359375 0.908203125 0.189453125 0.91015625 0.1875 0.91015625 0.185546875 0.9140625 0.181640625 0.912109375 0.1796875 0.91015625 0.1796875 0.908203125 0.177734375 0.90625 0.177734375 0.904296875 0.1796875
0 0.681640625 0.111328125 0.677734375 0.115234375 0.67578125 0.11328125 0.673828125 0.115234375 0.671875 0.11328125 0.671875 0.115234375 0.669921875 0.1171875 0.6640625 0.1171875 0.66796875 0.1171875 0.669921875 0.119140625 0.66796875 0.12109375 0.669921875 0.12109375 0.671875 0.123046875 0.673828125 0.123046875 0.67578125 0.12109375 0.67578125 0.1171875 0.677734375 0.115234375 0.6796875 0.1171875 0.677734375 0.115234375
0 0.91796875 0.078125 0.919921875 0.080078125 0.91796875 0.08203125 0.91796875 0.087890625 0.921875 0.091796875 0.931640625 0.091796875 0.931640625 0.083984375 0.9296875 0.08203125 0.9296875 0.080078125 0.927734375 0.080078125 0.92578125 0.078125
0 0.62109375 0.0234375 0.62109375 0.02734375 0.619140625 0.029296875 0.62109375 0.03125 0.62109375 0.03515625 0.619140625 0.037109375 0.62109375 0.0390625 0.623046875 0.037109375 0.626953125 0.037109375 0.62890625 0.03515625 0.630859375 0.03515625 0.62890625 0.033203125 0.62890625 0.03125 0.630859375 0.029296875 0.62890625 0.02734375 0.626953125 0.029296875 0.623046875 0.029296875 0.62109375 0.02734375 0.62109375 0.025390625 0.623046875 0.0234375
1 0.625 0.8828125 0.626953125 0.884765625 0.626953125 0.88671875 0.623046875 0.890625 0.62109375 0.890625 0.623046875 0.892578125 0.625 0.892578125 0.62890625 0.896484375 0.630859375 0.896484375 0.62890625 0.896484375 0.626953125 0.89453125 0.62890625 0.892578125 0.626953125 0.890625 0.62890625 0.888671875 0.626953125 0.88671875 0.626953125 0.8828125
1 0.98046875 0.859375 0.978515625 0.861328125 0.98046875 0.86328125 0.98046875 0.865234375 0.982421875 0.865234375 0.984375 0.8671875 0.982421875 0.869140625 0.986328125 0.873046875 0.982421875 0.869140625 0.984375 0.8671875 0.984375 0.865234375 0.986328125 0.86328125 0.986328125 0.861328125 0.98828125 0.859375 0.986328125 0.861328125 0.984375 0.859375
1 0.705078125 0.546875 0.703125 0.548828125 0.705078125 0.546875 0.70703125 0.548828125 0.70703125 0.55078125 0.712890625 0.556640625 0.7109375 0.55859375 0.712890625 0.556640625 0.71484375 0.556640625 0.712890625 0.556640625 0.7109375 0.5546875 0.7109375 0.55078125 0.712890625 0.548828125 0.71484375 0.55078125 0.71484375 0.552734375 0.71484375 0.548828125 0.712890625 0.548828125 0.7109375 0.546875 0.708984375 0.546875 0.70703125 0.548828125
1 0.96875 0.43359375 0.96875 0.4375 0.970703125 0.439453125 0.970703125 0.44140625 0.96875 0.443359375 0.970703125 0.443359375 0.970703125 0.439453125 0.97265625 0.4375 0.97265625 0.435546875 0.974609375 0.43359375 0.9765625 0.43359375
1 0.98828125 0.30078125 0.990234375 0.302734375 0.98828125 0.3046875 0.986328125 0.3046875 0.984375 0.302734375 0.984375 0.310546875 0.986328125 0.3125 0.986328125 0.314453125 0.98828125 0.3125 0.990234375 0.314453125 0.990234375 0.3125 0.9921875 0.310546875 0.994140625 0.3125 0.994140625 0.314453125 0.994140625 0.3125 0.9921875 0.310546875 0.9921875 0.3046875 0.994140625 0.302734375 0.9921875 0.3046875 0.990234375 0.302734375 0.990234375 0.30078125
1 0.642578125 0.283203125 0.642578125 0.28515625 0.638671875 0.2890625 0.638671875 0.294921875 0.640625 0.296875 0.640625 0.298828125 0.642578125 0.30078125 0.642578125 0.302734375 0.64453125 0.30078125 0.646484375 0.30078125 0.6484375 0.302734375 0.650390625 0.302734375 0.654296875 0.298828125 0.650390625 0.302734375 0.6484375 0.302734375 0.646484375 0.30078125 0.6484375 0.298828125 0.6484375 0.296875 0.650390625 0.294921875 0.650390625 0.287109375 0.65234375 0.28515625 0.654296875 0.287109375 0.65234375 0.28515625 0.650390625 0.287109375 0.6484375 0.287109375 0.646484375 0.28515625 0.64453125 0.28515625
1 0.802734375 0.27734375 0.802734375 0.279296875 0.80078125 0.28125 0.80078125 0.28515625 0.798828125 0.287109375 0.80078125 0.28515625 0.802734375 0.287109375 0.802734375 0.2890625 0.80078125 0.291015625 0.806640625 0.28515625 0.80859375 0.28515625 0.806640625 0.283203125 0.80859375 0.28125 0.806640625 0.279296875 0.8046875 0.28125 0.802734375 0.279296875
1 0.669921875 0.21875 0.66796875 0.220703125 0.666015625 0.220703125 0.666015625 0.22265625 0.66796875 0.224609375 0.666015625 0.2265625 0.671875 0.2265625 0.673828125 0.228515625 0.67578125 0.2265625 0.677734375 0.2265625 0.67578125 0.2265625 0.673828125 0.224609375 0.673828125 0.21875
1 0.28125 0.205078125 0.283203125 0.20703125 0.279296875 0.2109375 0.275390625 0.2109375 0.2734375 0.212890625 0.271484375 0.212890625 0.2734375 0.21484375 0.271484375 0.216796875 0.26953125 0.216796875 0.267578125 0.21484375 0.26953125 0.216796875 0.26953125 0.21875 0.271484375 0.220703125 0.26953125 0.22265625 0.2734375 0.2265625 0.279296875 0.2265625 0.283203125 0.22265625 0.283203125 0.216796875 0.28515625 0.21484375 0.283203125 0.21484375 0.28125 0.212890625 0.28125 0.208984375 0.283203125 0.20703125
1 0.958984375 0.189453125 0.962890625 0.193359375 0.962890625 0.1953125 0.9609375 0.197265625 0.962890625 0.1953125 0.96484375 0.197265625 0.96484375 0.19921875 0.96484375 0.197265625 0.966796875 0.1953125 0.96875 0.197265625 0.970703125 0.1953125 0.970703125 0.193359375 0.97265625 0.19140625 0.970703125 0.189453125 0.96484375 0.189453125 0.962890625 0.19140625 0.9609375 0.19140625
1 0.90234375 0.177734375 0.900390625 0.1796875 0.90234375 0.181640625 0.90234375 0.1875 0.904296875 0.189453125 0.90625 0.1875 0.908203125 0.189453125 0.908203125 0.19140625 0.90625 0.193359375 0.904296875 0.193359375 0.908203125 0.193359375 0.908203125 0.189453125 0.91015625 0.1875 0.91015625 0.185546875 0.9140625 0.181640625 0.912109375 0.1796875 0.91015625 0.1796875 0.908203125 0.177734375 0.90625 0.177734375 0.904296875 0.1796875
1 0.681640625 0.111328125 0.677734375 0.115234375 0.67578125 0.11328125 0.673828125 0.115234375 0.671875 0.11328125 0.671875 0.115234375 0.669921875 0.1171875 0.6640625 0.1171875 0.66796875 0.1171875 0.669921875 0.119140625 0.66796875 0.12109375 0.669921875 0.12109375 0.671875 0.123046875 0.673828125 0.123046875 0.67578125 0.12109375 0.67578125 0.1171875 0.677734375 0.115234375 0.6796875 0.1171875 0.677734375 0.115234375
1 0.91796875 0.078125 0.919921875 0.080078125 0.91796875 0.08203125 0.91796875 0.087890625 0.921875 0.091796875 0.931640625 0.091796875 0.931640625 0.083984375 0.9296875 0.08203125 0.9296875 0.080078125 0.927734375 0.080078125 0.92578125 0.078125
1 0.62109375 0.0234375 0.62109375 0.02734375 0.619140625 0.029296875 0.62109375 0.03125 0.62109375 0.03515625 0.619140625 0.037109375 0.62109375 0.0390625 0.623046875 0.037109375 0.626953125 0.037109375 0.62890625 0.03515625 0.630859375 0.03515625 0.62890625 0.033203125 0.62890625 0.03125 0.630859375 0.029296875 0.62890625 0.02734375 0.626953125 0.029296875 0.623046875 0.029296875 0.62109375 0.02734375 0.62109375 0.025390625 0.623046875 0.0234375
