0 0.908203125 0.80078125 0.908203125 0.8046875 0.90625 0.806640625 0.908203125 0.8046875 0.9140625 0.8046875 0.9140625 0.80078125
0 0.9921875 0.634765625 0.994140625 0.63671875 0.994140625 0.638671875 0.99609375 0.640625 0.99609375 0.642578125 0.99609375 0.640625 0.998046875 0.638671875 0.998046875 0.634765625
0 0.955078125 0.625 0.953125 0.626953125 0.953125 0.630859375 0.955078125 0.630859375 0.95703125 0.6328125 0.95703125 0.634765625 0.95703125 0.6328125 0.9609375 0.62890625 0.958984375 0.626953125 0.958984375 0.625
0 0.78515625 0.505859375 0.78515625 0.513671875 0.787109375 0.513671875 0.7890625 0.51171875 0.791015625 0.51171875 0.79296875 0.513671875 0.7890625 0.509765625 0.7890625 0.5078125 0.787109375 0.5078125
0 0.85546875 0.28125 0.85546875 0.28515625 0.857421875 0.287109375 0.861328125 0.283203125 0.865234375 0.283203125 0.861328125 0.283203125 0.859375 0.28125
0 0.8671875 0.0703125 0.869140625 0.0703125 0.87109375 0.072265625 0.869140625 0.07421875 0.87109375 0.076171875 0.869140625 0.078125 0.87109375 0.080078125 0.87109375 0.083984375 0.873046875 0.083984375 0.87109375 0.08203125 0.87109375 0.080078125 0.876953125 0.07421875 0.880859375 0.07421875 0.876953125 0.07421875 0.875 0.072265625 0.873046875 0.07421875 0.869140625 0.0703125
1 0.908203125 0.80078125 0.908203125 0.8046875 0.90625 0.806640625 0.908203125 0.8046875 0.9140625 0.8046875 0.9140625 0.80078125
1 0.9921875 0.634765625 0.994140625 0.63671875 0.994140625 0.638671875 0.99609375 0.640625 0.99609375 0.642578125 0.99609375 0.640625 0.998046875 0.638671875 0.998046875 0.634765625
1 0.955078125 0.625 0.953125 0.626953125 0.953125 0.630859375 0.955078125 0.630859375 0.95703125 0.6328125 0.95703125 0.634765625 0.95703125 0.6328125 0.9609375 0.62890625 0.958984375 0.626953125 0.958984375 0.625
1 0.78515625 0.505859375 0.78515625 0.513671875 0.787109375 0.513671875 0.7890625 0.51171875 0.791015625 0.51171875 0.79296875 0.513671875 0.7890625 0.509765625 0.7890625 0.5078125 0.787109375 0.5078125
1 0.85546875 0.28125 0.85546875 0.28515625 0.857421875 0.287109375 0.861328125 0.283203125 0.865234375 0.283203125 0.861328125 0.283203125 0.859375 0.28125
1 0.8671875 0.0703125 0.869140625 0.0703125 0.87109375 0.072265625 0.869140625 0.07421875 0.87109375 0.076171875 0.869140625 0.078125 0.87109375 0.080078125 0.87109375 0.083984375 0.873046875 0.083984375 0.87109375 0.08203125 0.87109375 0.080078125 0.876953125 0.07421875 0.880859375 0.07421875 0.876953125 0.07421875 0.875 0.072265625 0.873046875 0.07421875 0.869140625 0.0703125
