0 0.84375 0.34375 0.841796875 0.345703125 0.841796875 0.349609375 0.84375 0.349609375 0.845703125 0.3515625 0.84765625 0.349609375 0.845703125 0.34765625 0.845703125 0.34375
0 0.443359375 0.203125 0.44140625 0.205078125 0.439453125 0.205078125 0.439453125 0.20703125 0.4375 0.208984375 0.439453125 0.2109375 0.44140625 0.208984375 0.443359375 0.2109375 0.4453125 0.208984375 0.447265625 0.208984375 0.4453125 0.208984375 0.443359375 0.20703125 0.447265625 0.203125 0.4453125 0.205078125
0 0.4453125 0.162109375 0.443359375 0.1640625 0.4453125 0.166015625 0.443359375 0.16796875 0.44140625 0.16796875 0.439453125 0.169921875 0.44140625 0.16796875 0.443359375 0.16796875 0.4453125 0.169921875 0.447265625 0.16796875 0.451171875 0.16796875 0.44921875 0.16796875 0.447265625 0.166015625 0.447265625 0.1640625
0 0.990234375 0.08203125 0.98828125 0.083984375 0.990234375 0.0859375 0.98828125 0.087890625 0.990234375 0.087890625 0.9921875 0.0859375 0.994140625 0.0859375 0.994140625 0.083984375 0.99609375 0.08203125
0 0.771484375 0.05078125 0.76953125 0.052734375 0.7734375 0.056640625 0.76953125 0.060546875 0.775390625 0.0546875 0.779296875 0.0546875 0.779296875 0.05078125 0.77734375 0.05078125 0.775390625 0.052734375 0.7734375 0.05078125
0 0.583984375 0.001953125 0.58203125 0.00390625 0.580078125 0.00390625 0.580078125 0.009765625 0.58203125 0.009765625 0.583984375 0.01171875 0.5859375 0.009765625 0.583984375 0.0078125 0.583984375 0.005859375 0.5859375 0.00390625
1 0.84375 0.34375 0.841796875 0.345703125 0.841796875 0.349609375 0.84375 0.349609375 0.845703125 0.3515625 0.84765625 0.349609375 0.845703125 0.34765625 0.845703125 0.34375
1 0.443359375 0.203125 0.44140625 0.205078125 0.439453125 0.205078125 0.439453125 0.20703125 0.4375 0.208984375 0.439453125 0.2109375 0.44140625 0.208984375 0.443359375 0.2109375 0.4453125 0.208984375 0.447265625 0.208984375 0.4453125 0.208984375 0.443359375 0.20703125 0.447265625 0.203125 0.4453125 0.205078125
1 0.4453125 0.162109375 0.443359375 0.1640625 0.4453125 0.166015625 0.443359375 0.16796875 0.44140625 0.16796875 0.439453125 0.169921875 0.44140625 0.16796875 0.443359375 0.16796875 0.4453125 0.169921875 0.447265625 0.16796875 0.451171875 0.16796875 0.44921875 0.16796875 0.447265625 0.166015625 0.447265625 0.1640625
1 0.990234375 0.08203125 0.98828125 0.083984375 0.990234375 0.0859375 0.98828125 0.087890625 0.990234375 0.087890625 0.9921875 0.0859375 0.994140625 0.0859375 0.994140625 0.083984375 0.99609375 0.08203125
1 0.771484375 0.05078125 0.76953125 0.052734375 0.7734375 0.056640625 0.76953125 0.060546875 0.775390625 0.0546875 0.779296875 0.0546875 0.779296875 0.05078125 0.77734375 0.05078125 0.775390625 0.052734375 0.7734375 0.05078125
1 0.583984375 0.001953125 0.58203125 0.00390625 0.580078125 0.00390625 0.580078125 0.009765625 0.58203125 0.009765625 0.583984375 0.01171875 0.5859375 0.009765625 0.583984375 0.0078125 0.583984375 0.005859375 0.5859375 0.00390625
