0 0.91015625 0.287109375 0.908203125 0.2890625 0.91015625 0.291015625 0.908203125 0.29296875 0.908203125 0.298828125 0.90625 0.30078125 0.91015625 0.296875 0.912109375 0.296875 0.912109375 0.294921875 0.9140625 0.29296875 0.916015625 0.294921875 0.916015625 0.296875 0.916015625 0.294921875 0.912109375 0.291015625 0.912109375 0.2890625
0 0.96484375 0.2578125 0.962890625 0.259765625 0.9609375 0.259765625 0.962890625 0.26171875 0.962890625 0.263671875 0.96484375 0.263671875 0.966796875 0.26171875 0.966796875 0.2578125
0 0.748046875 0.197265625 0.744140625 0.201171875 0.7421875 0.201171875 0.740234375 0.203125 0.73828125 0.201171875 0.744140625 0.20703125 0.7421875 0.208984375 0.73828125 0.208984375 0.736328125 0.20703125 0.736328125 0.205078125 0.736328125 0.20703125 0.734375 0.208984375 0.734375 0.2109375 0.734375 0.208984375 0.736328125 0.20703125 0.73828125 0.208984375 0.7421875 0.208984375 0.74609375 0.205078125 0.748046875 0.205078125 0.748046875 0.203125 0.74609375 0.201171875 0.74609375 0.19921875
0 0.671875 0.125 0.669921875 0.126953125 0.671875 0.12890625 0.671875 0.130859375 0.673828125 0.1328125 0.671875 0.134765625 0.669921875 0.134765625 0.66796875 0.13671875 0.6640625 0.13671875 0.66796875 0.13671875 0.671875 0.140625 0.671875 0.142578125 0.67578125 0.138671875 0.677734375 0.140625 0.677734375 0.142578125 0.67578125 0.14453125 0.677734375 0.142578125 0.677734375 0.140625 0.67578125 0.138671875 0.677734375 0.13671875 0.67578125 0.138671875 0.671875 0.134765625 0.673828125 0.1328125 0.67578125 0.1328125 0.673828125 0.1328125 0.671875 0.130859375 0.671875 0.12890625 0.673828125 0.126953125
0 0.330078125 0.111328125 0.33203125 0.11328125 0.330078125 0.115234375 0.33203125 0.1171875 0.330078125 0.119140625 0.330078125 0.12109375 0.330078125 0.119140625 0.33203125 0.1171875 0.333984375 0.1171875 0.3359375 0.119140625 0.333984375 0.12109375 0.333984375 0.123046875 0.3359375 0.123046875 0.337890625 0.12109375 0.337890625 0.119140625 0.3359375 0.119140625 0.333984375 0.1171875 0.333984375 0.115234375
0 0.4921875 0.080078125 0.490234375 0.08203125 0.490234375 0.083984375 0.48828125 0.0859375 0.486328125 0.0859375 0.48828125 0.0859375 0.490234375 0.087890625 0.486328125 0.091796875 0.48828125 0.08984375 0.490234375 0.08984375 0.4921875 0.091796875 0.494140625 0.08984375 0.4921875 0.091796875 0.490234375 0.08984375 0.490234375 0.087890625 0.4921875 0.0859375 0.494140625 0.0859375 0.494140625 0.083984375 0.4921875 0.08203125 0.494140625 0.080078125
0 0.580078125 0.04296875 0.580078125 0.052734375 0.58203125 0.0546875 0.58203125 0.056640625 0.583984375 0.056640625 0.5859375 0.0546875 0.5859375 0.046875 0.587890625 0.044921875 0.587890625 0.04296875 0.587890625 0.044921875 0.5859375 0.046875 0.583984375 0.044921875 0.583984375 0.04296875 0.58203125 0.044921875
0 0.498046875 0.03125 0.5 0.033203125 0.494140625 0.0390625 0.494140625 0.041015625 0.4921875 0.04296875 0.494140625 0.041015625 0.49609375 0.04296875 0.498046875 0.04296875 0.5 0.041015625 0.5 0.037109375 0.501953125 0.03515625 0.50390625 0.03515625 0.501953125 0.03515625
1 0.91015625 0.287109375 0.908203125 0.2890625 0.91015625 0.291015625 0.908203125 0.29296875 0.908203125 0.298828125 0.90625 0.30078125 0.91015625 0.296875 0.912109375 0.296875 0.912109375 0.294921875 0.9140625 0.29296875 0.916015625 0.294921875 0.916015625 0.296875 0.916015625 0.294921875 0.912109375 0.291015625 0.912109375 0.2890625
1 0.96484375 0.2578125 0.962890625 0.259765625 0.9609375 0.259765625 0.962890625 0.26171875 0.962890625 0.263671875 0.96484375 0.263671875 0.966796875 0.26171875 0.966796875 0.2578125
1 0.748046875 0.197265625 0.744140625 0.201171875 0.7421875 0.201171875 0.740234375 0.203125 0.73828125 0.201171875 0.744140625 0.20703125 0.7421875 0.208984375 0.73828125 0.208984375 0.736328125 0.20703125 0.736328125 0.205078125 0.736328125 0.20703125 0.734375 0.208984375 0.734375 0.2109375 0.734375 0.208984375 0.736328125 0.20703125 0.73828125 0.208984375 0.7421875 0.208984375 0.74609375 0.205078125 0.748046875 0.205078125 0.748046875 0.203125 0.74609375 0.201171875 0.74609375 0.19921875
1 0.671875 0.125 0.669921875 0.126953125 0.671875 0.12890625 0.671875 0.130859375 0.673828125 0.1328125 0.671875 0.134765625 0.669921875 0.134765625 0.66796875 0.13671875 0.6640625 0.13671875 0.66796875 0.13671875 0.671875 0.140625 0.671875 0.142578125 0.67578125 0.138671875 0.677734375 0.140625 0.677734375 0.142578125 0.67578125 0.14453125 0.677734375 0.142578125 0.677734375 0.140625 0.67578125 0.138671875 0.677734375 0.13671875 0.67578125 0.138671875 0.671875 0.134765625 0.673828125 0.1328125 0.67578125 0.1328125 0.673828125 0.1328125 0.671875 0.130859375 0.671875 0.12890625 0.673828125 0.126953125
1 0.330078125 0.111328125 0.33203125 0.11328125 0.330078125 0.115234375 0.33203125 0.1171875 0.330078125 0.119140625 0.330078125 0.12109375 0.330078125 0.119140625 0.33203125 0.1171875 0.333984375 0.1171875 0.3359375 0.119140625 0.333984375 0.12109375 0.333984375 0.123046875 0.3359375 0.123046875 0.337890625 0.12109375 0.337890625 0.119140625 0.3359375 0.119140625 0.333984375 0.1171875 0.333984375 0.115234375
1 0.4921875 0.080078125 0.490234375 0.08203125 0.490234375 0.083984375 0.48828125 0.0859375 0.486328125 0.0859375 0.48828125 0.0859375 0.490234375 0.087890625 0.486328125 0.091796875 0.48828125 0.08984375 0.490234375 0.08984375 0.4921875 0.091796875 0.494140625 0.08984375 0.4921875 0.091796875 0.490234375 0.08984375 0.490234375 0.087890625 0.4921875 0.0859375 0.494140625 0.0859375 0.494140625 0.083984375 0.4921875 0.08203125 0.494140625 0.080078125
1 0.580078125 0.04296875 0.580078125 0.052734375 0.58203125 0.0546875 0.58203125 0.056640625 0.583984375 0.056640625 0.5859375 0.0546875 0.5859375 0.046875 0.587890625 0.044921875 0.587890625 0.04296875 0.587890625 0.044921875 0.5859375 0.046875 0.583984375 0.044921875 0.583984375 0.04296875 0.58203125 0.044921875
1 0.498046875 0.03125 0.5 0.033203125 0.494140625 0.0390625 0.494140625 0.041015625 0.4921875 0.04296875 0.494140625 0.041015625 0.49609375 0.04296875 0.498046875 0.04296875 0.5 0.041015625 0.5 0.037109375 0.501953125 0.03515625 0.50390625 0.03515625 0.501953125 0.03515625
