0 0.94140625 0.392578125 0.94140625 0.39453125 0.943359375 0.396484375 0.94140625 0.3984375 0.9453125 0.3984375 0.94921875 0.40234375 0.947265625 0.404296875 0.94921875 0.40234375 0.9453125 0.3984375 0.94921875 0.39453125 0.951171875 0.39453125 0.943359375 0.39453125
0 0.23046875 0.15625 0.232421875 0.158203125 0.23046875 0.16015625 0.232421875 0.162109375 0.23046875 0.1640625 0.236328125 0.169921875 0.232421875 0.166015625 0.234375 0.1640625 0.234375 0.162109375 0.236328125 0.16015625 0.236328125 0.158203125 0.23828125 0.15625 0.236328125 0.158203125 0.234375 0.15625 0.232421875 0.158203125
0 0.51953125 0.130859375 0.515625 0.134765625 0.517578125 0.1328125 0.51953125 0.134765625 0.51953125 0.13671875 0.521484375 0.13671875 0.5234375 0.138671875 0.525390625 0.13671875 0.525390625 0.134765625 0.52734375 0.1328125 0.525390625 0.130859375 0.5234375 0.1328125 0.521484375 0.1328125
0 0.130859375 0.083984375 0.130859375 0.0859375 0.12890625 0.087890625 0.125 0.087890625 0.126953125 0.087890625 0.12890625 0.08984375 0.130859375 0.08984375 0.1328125 0.091796875 0.134765625 0.08984375 0.1328125 0.087890625 0.1328125 0.0859375
0 0.474609375 0.0 0.474609375 0.00390625 0.47265625 0.005859375 0.474609375 0.0078125 0.4765625 0.005859375 0.484375 0.005859375 0.484375 0.001953125 0.482421875 0.0
1 0.94140625 0.392578125 0.94140625 0.39453125 0.943359375 0.396484375 0.94140625 0.3984375 0.9453125 0.3984375 0.94921875 0.40234375 0.947265625 0.404296875 0.94921875 0.40234375 0.9453125 0.3984375 0.94921875 0.39453125 0.951171875 0.39453125 0.943359375 0.39453125
1 0.23046875 0.15625 0.232421875 0.158203125 0.23046875 0.16015625 0.232421875 0.162109375 0.23046875 0.1640625 0.236328125 0.169921875 0.232421875 0.166015625 0.234375 0.1640625 0.234375 0.162109375 0.236328125 0.16015625 0.236328125 0.158203125 0.23828125 0.15625 0.236328125 0.158203125 0.234375 0.15625 0.232421875 0.158203125
1 0.51953125 0.130859375 0.515625 0.134765625 0.517578125 0.1328125 0.51953125 0.134765625 0.51953125 0.13671875 0.521484375 0.13671875 0.5234375 0.138671875 0.525390625 0.13671875 0.525390625 0.134765625 0.52734375 0.1328125 0.525390625 0.130859375 0.5234375 0.1328125 0.521484375 0.1328125
1 0.130859375 0.083984375 0.130859375 0.0859375 0.12890625 0.087890625 0.125 0.087890625 0.126953125 0.087890625 0.12890625 0.08984375 0.130859375 0.08984375 0.1328125 0.091796875 0.134765625 0.08984375 0.1328125 0.087890625 0.1328125 0.0859375
1 0.474609375 0.0 0.474609375 0.00390625 0.47265625 0.005859375 0.474609375 0.0078125 0.4765625 0.005859375 0.484375 0.005859375 0.484375 0.001953125 0.482421875 0.0
