0 0.021484375 0.201171875 0.021484375 0.205078125 0.025390625 0.208984375 0.0234375 0.2109375 0.021484375 0.2109375 0.0234375 0.2109375 0.025390625 0.208984375 0.0234375 0.20703125 0.02734375 0.203125 0.025390625 0.201171875
0 0.1484375 0.18359375 0.142578125 0.189453125 0.140625 0.1875 0.142578125 0.189453125 0.14453125 0.189453125 0.14453125 0.1875 0.146484375 0.185546875 0.150390625 0.189453125 0.150390625 0.19140625 0.146484375 0.1953125 0.146484375 0.197265625 0.1484375 0.19921875 0.146484375 0.201171875 0.1484375 0.19921875 0.150390625 0.19921875 0.1484375 0.19921875 0.146484375 0.197265625 0.146484375 0.1953125 0.1484375 0.193359375 0.150390625 0.1953125 0.15234375 0.1953125 0.150390625 0.1953125 0.1484375 0.193359375 0.150390625 0.19140625 0.15234375 0.19140625 0.15234375 0.1875 0.150390625 0.185546875 0.150390625 0.18359375
0 0.103515625 0.181640625 0.1015625 0.18359375 0.1015625 0.185546875 0.103515625 0.1875 0.1015625 0.189453125 0.103515625 0.1875 0.107421875 0.19140625 0.10546875 0.193359375 0.103515625 0.193359375 0.10546875 0.193359375 0.107421875 0.1953125 0.107421875 0.197265625 0.10546875 0.19921875 0.107421875 0.201171875 0.10546875 0.19921875 0.107421875 0.197265625 0.107421875 0.1953125 0.10546875 0.193359375 0.109375 0.189453125 0.11328125 0.193359375 0.115234375 0.193359375 0.11328125 0.193359375 0.111328125 0.19140625 0.11328125 0.189453125 0.111328125 0.1875 0.111328125 0.185546875 0.109375 0.18359375 0.107421875 0.18359375 0.103515625 0.1875 0.1015625 0.185546875 0.1015625 0.18359375
0 0.708984375 0.095703125 0.708984375 0.09765625 0.70703125 0.099609375 0.705078125 0.099609375 0.70703125 0.1015625 0.708984375 0.1015625 0.712890625 0.10546875 0.716796875 0.1015625 0.71484375 0.103515625 0.7109375 0.099609375 0.7109375 0.09765625
0 0.259765625 0.015625 0.255859375 0.01953125 0.2578125 0.021484375 0.255859375 0.0234375 0.25390625 0.0234375 0.255859375 0.0234375 0.2578125 0.025390625 0.255859375 0.02734375 0.25390625 0.02734375 0.25390625 0.029296875 0.2578125 0.025390625 0.26171875 0.029296875 0.259765625 0.02734375 0.26171875 0.025390625 0.263671875 0.025390625 0.26171875 0.0234375 0.263671875 0.021484375 0.26171875 0.01953125 0.26171875 0.017578125 0.263671875 0.015625 0.26171875 0.017578125
1 0.021484375 0.201171875 0.021484375 0.205078125 0.025390625 0.208984375 0.0234375 0.2109375 0.021484375 0.2109375 0.0234375 0.2109375 0.025390625 0.208984375 0.0234375 0.20703125 0.02734375 0.203125 0.025390625 0.201171875
1 0.1484375 0.18359375 0.142578125 0.189453125 0.140625 0.1875 0.142578125 0.189453125 0.14453125 0.189453125 0.14453125 0.1875 0.146484375 0.185546875 0.150390625 0.189453125 0.150390625 0.19140625 0.146484375 0.1953125 0.146484375 0.197265625 0.1484375 0.19921875 0.146484375 0.201171875 0.1484375 0.19921875 0.150390625 0.19921875 0.1484375 0.19921875 0.146484375 0.197265625 0.146484375 0.1953125 0.1484375 0.193359375 0.150390625 0.1953125 0.15234375 0.1953125 0.150390625 0.1953125 0.1484375 0.193359375 0.150390625 0.19140625 0.15234375 0.19140625 0.15234375 0.1875 0.150390625 0.185546875 0.150390625 0.18359375
1 0.103515625 0.181640625 0.1015625 0.18359375 0.1015625 0.185546875 0.103515625 0.1875 0.1015625 0.189453125 0.103515625 0.1875 0.107421875 0.19140625 0.10546875 0.193359375 0.103515625 0.193359375 0.10546875 0.193359375 0.107421875 0.1953125 0.107421875 0.197265625 0.10546875 0.19921875 0.107421875 0.201171875 0.10546875 0.19921875 0.107421875 0.197265625 0.107421875 0.1953125 0.10546875 0.193359375 0.109375 0.189453125 0.11328125 0.193359375 0.115234375 0.193359375 0.11328125 0.193359375 0.111328125 0.19140625 0.11328125 0.189453125 0.111328125 0.1875 0.111328125 0.185546875 0.109375 0.18359375 0.107421875 0.18359375 0.103515625 0.1875 0.1015625 0.185546875 0.1015625 0.18359375
1 0.708984375 0.095703125 0.708984375 0.09765625 0.70703125 0.099609375 0.705078125 0.099609375 0.70703125 0.1015625 0.708984375 0.1015625 0.712890625 0.10546875 0.716796875 0.1015625 0.71484375 0.103515625 0.7109375 0.099609375 0.7109375 0.09765625
1 0.259765625 0.015625 0.255859375 0.01953125 0.2578125 0.021484375 0.255859375 0.0234375 0.25390625 0.0234375 0.255859375 0.0234375 0.2578125 0.025390625 0.255859375 0.02734375 0.25390625 0.02734375 0.25390625 0.029296875 0.2578125 0.025390625 0.26171875 0.029296875 0.259765625 0.02734375 0.26171875 0.025390625 0.263671875 0.025390625 0.26171875 0.0234375 0.263671875 0.021484375 0.26171875 0.01953125 0.26171875 0.017578125 0.263671875 0.015625 0.26171875 0.017578125
