0 0.9453125 0.755859375 0.943359375 0.7578125 0.943359375 0.759765625 0.94140625 0.76171875 0.943359375 0.763671875 0.9453125 0.76171875 0.947265625 0.76171875 0.94921875 0.759765625 0.951171875 0.759765625 0.947265625 0.759765625 0.9453125 0.7578125
0 0.865234375 0.466796875 0.865234375 0.470703125 0.86328125 0.47265625 0.861328125 0.470703125 0.861328125 0.46875 0.861328125 0.470703125 0.86328125 0.47265625 0.861328125 0.474609375 0.865234375 0.478515625 0.865234375 0.48046875 0.865234375 0.478515625 0.861328125 0.474609375 0.865234375 0.470703125 0.869140625 0.474609375 0.869140625 0.46875 0.8671875 0.466796875
0 0.84765625 0.205078125 0.845703125 0.20703125 0.84375 0.20703125 0.84375 0.208984375 0.845703125 0.2109375 0.84375 0.212890625 0.845703125 0.2109375 0.84765625 0.2109375 0.84765625 0.208984375 0.849609375 0.20703125 0.849609375 0.205078125
0 0.650390625 0.048828125 0.6484375 0.05078125 0.650390625 0.052734375 0.646484375 0.056640625 0.64453125 0.056640625 0.642578125 0.0546875 0.642578125 0.056640625 0.640625 0.05859375 0.642578125 0.060546875 0.6484375 0.060546875 0.650390625 0.05859375 0.65234375 0.060546875 0.654296875 0.05859375 0.65234375 0.060546875 0.650390625 0.05859375 0.650390625 0.056640625 0.6484375 0.0546875 0.650390625 0.052734375 0.6484375 0.05078125
0 0.669921875 0.015625 0.66796875 0.017578125 0.669921875 0.01953125 0.669921875 0.021484375 0.66796875 0.0234375 0.666015625 0.0234375 0.66796875 0.0234375 0.669921875 0.025390625 0.666015625 0.029296875 0.6640625 0.02734375 0.666015625 0.029296875 0.6640625 0.03125 0.6640625 0.033203125 0.666015625 0.03515625 0.6640625 0.033203125 0.6640625 0.03125 0.666015625 0.029296875 0.669921875 0.033203125 0.669921875 0.03125 0.673828125 0.02734375 0.677734375 0.02734375 0.673828125 0.02734375 0.671875 0.025390625 0.669921875 0.025390625 0.66796875 0.0234375 0.669921875 0.021484375 0.669921875 0.01953125 0.671875 0.017578125
1 0.9453125 0.755859375 0.943359375 0.7578125 0.943359375 0.759765625 0.94140625 0.76171875 0.943359375 0.763671875 0.9453125 0.76171875 0.947265625 0.76171875 0.94921875 0.759765625 0.951171875 0.759765625 0.947265625 0.759765625 0.9453125 0.7578125
1 0.865234375 0.466796875 0.865234375 0.470703125 0.86328125 0.47265625 0.861328125 0.470703125 0.861328125 0.46875 0.861328125 0.470703125 0.86328125 0.47265625 0.861328125 0.474609375 0.865234375 0.478515625 0.865234375 0.48046875 0.865234375 0.478515625 0.861328125 0.474609375 0.865234375 0.470703125 0.869140625 0.474609375 0.869140625 0.46875 0.8671875 0.466796875
1 0.84765625 0.205078125 0.845703125 0.20703125 0.84375 0.20703125 0.84375 0.208984375 0.845703125 0.2109375 0.84375 0.212890625 0.845703125 0.2109375 0.84765625 0.2109375 0.84765625 0.208984375 0.849609375 0.20703125 0.849609375 0.205078125
1 0.650390625 0.048828125 0.6484375 0.05078125 0.650390625 0.052734375 0.646484375 0.056640625 0.64453125 0.056640625 0.642578125 0.0546875 0.642578125 0.056640625 0.640625 0.05859375 0.642578125 0.060546875 0.6484375 0.060546875 0.650390625 0.05859375 0.65234375 0.060546875 0.654296875 0.05859375 0.65234375 0.060546875 0.650390625 0.05859375 0.650390625 0.056640625 0.6484375 0.0546875 0.650390625 0.052734375 0.6484375 0.05078125
1 0.669921875 0.015625 0.66796875 0.017578125 0.669921875 0.01953125 0.669921875 0.021484375 0.66796875 0.0234375 0.666015625 0.0234375 0.66796875 0.0234375 0.669921875 0.025390625 0.666015625 0.029296875 0.6640625 0.02734375 0.666015625 0.029296875 0.6640625 0.03125 0.6640625 0.033203125 0.666015625 0.03515625 0.6640625 0.033203125 0.6640625 0.03125 0.666015625 0.029296875 0.669921875 0.033203125 0.669921875 0.03125 0.673828125 0.02734375 0.677734375 0.02734375 0.673828125 0.02734375 0.671875 0.025390625 0.669921875 0.025390625 0.66796875 0.0234375 0.669921875 0.021484375 0.669921875 0.01953125 0.671875 0.017578125
