0 0.169921875 0.390625 0.16796875 0.392578125 0.1640625 0.392578125 0.16796875 0.392578125 0.169921875 0.39453125 0.171875 0.39453125 0.173828125 0.392578125 0.17578125 0.39453125 0.177734375 0.39453125 0.1796875 0.396484375 0.18359375 0.392578125 0.181640625 0.39453125 0.177734375 0.390625 0.1796875 0.392578125 0.177734375 0.39453125 0.17578125 0.39453125 0.171875 0.390625
0 0.447265625 0.375 0.44921875 0.376953125 0.447265625 0.37890625 0.4453125 0.37890625 0.443359375 0.376953125 0.443359375 0.37890625 0.44140625 0.380859375 0.439453125 0.380859375 0.439453125 0.3828125 0.44140625 0.380859375 0.4453125 0.384765625 0.443359375 0.38671875 0.44140625 0.38671875 0.443359375 0.38671875 0.447265625 0.3828125 0.447265625 0.37890625 0.44921875 0.376953125 0.451171875 0.37890625 0.44921875 0.376953125 0.451171875 0.375 0.44921875 0.376953125
0 0.162109375 0.302734375 0.16015625 0.3046875 0.162109375 0.306640625 0.158203125 0.310546875 0.16015625 0.3125 0.16015625 0.314453125 0.162109375 0.314453125 0.1640625 0.3125 0.1640625 0.30859375 0.16015625 0.3046875 0.162109375 0.302734375 0.1640625 0.302734375
0 0.470703125 0.21875 0.47265625 0.220703125 0.470703125 0.22265625 0.47265625 0.224609375 0.470703125 0.2265625 0.47265625 0.224609375 0.4765625 0.224609375 0.478515625 0.22265625 0.478515625 0.220703125 0.48046875 0.21875 0.478515625 0.220703125 0.4765625 0.220703125 0.474609375 0.21875 0.47265625 0.220703125
0 0.849609375 0.0625 0.84765625 0.064453125 0.84765625 0.06640625 0.845703125 0.068359375 0.84765625 0.06640625 0.849609375 0.06640625 0.8515625 0.068359375 0.849609375 0.0703125 0.8515625 0.068359375 0.853515625 0.0703125 0.85546875 0.068359375 0.853515625 0.06640625 0.853515625 0.064453125 0.85546875 0.0625
1 0.169921875 0.390625 0.16796875 0.392578125 0.1640625 0.392578125 0.16796875 0.392578125 0.169921875 0.39453125 0.171875 0.39453125 0.173828125 0.392578125 0.17578125 0.39453125 0.177734375 0.39453125 0.1796875 0.396484375 0.18359375 0.392578125 0.181640625 0.39453125 0.177734375 0.390625 0.1796875 0.392578125 0.177734375 0.39453125 0.17578125 0.39453125 0.171875 0.390625
1 0.447265625 0.375 0.44921875 0.376953125 0.447265625 0.37890625 0.4453125 0.37890625 0.443359375 0.376953125 0.443359375 0.37890625 0.44140625 0.380859375 0.439453125 0.380859375 0.439453125 0.3828125 0.44140625 0.380859375 0.4453125 0.384765625 0.443359375 0.38671875 0.44140625 0.38671875 0.443359375 0.38671875 0.447265625 0.3828125 0.447265625 0.37890625 0.44921875 0.376953125 0.451171875 0.37890625 0.44921875 0.376953125 0.451171875 0.375 0.44921875 0.376953125
1 0.162109375 0.302734375 0.16015625 0.3046875 0.162109375 0.306640625 0.158203125 0.310546875 0.16015625 0.3125 0.16015625 0.314453125 0.162109375 0.314453125 0.1640625 0.3125 0.1640625 0.30859375 0.16015625 0.3046875 0.162109375 0.302734375 0.1640625 0.302734375
1 0.470703125 0.21875 0.47265625 0.220703125 0.470703125 0.22265625 0.47265625 0.224609375 0.470703125 0.2265625 0.47265625 0.224609375 0.4765625 0.224609375 0.478515625 0.22265625 0.478515625 0.220703125 0.48046875 0.21875 0.478515625 0.220703125 0.4765625 0.220703125 0.474609375 0.21875 0.47265625 0.220703125
1 0.849609375 0.0625 0.84765625 0.064453125 0.84765625 0.06640625 0.845703125 0.068359375 0.84765625 0.06640625 0.849609375 0.06640625 0.8515625 0.068359375 0.849609375 0.0703125 0.8515625 0.068359375 0.853515625 0.0703125 0.85546875 0.068359375 0.853515625 0.06640625 0.853515625 0.064453125 0.85546875 0.0625
