0 0.265625 0.09765625 0.26953125 0.1015625 0.267578125 0.103515625 0.26953125 0.1015625 0.271484375 0.103515625 0.2734375 0.1015625 0.2734375 0.099609375 0.271484375 0.09765625 0.26953125 0.09765625 0.267578125 0.099609375
0 0.525390625 0.08203125 0.521484375 0.0859375 0.513671875 0.0859375 0.51171875 0.087890625 0.51171875 0.09765625 0.513671875 0.099609375 0.517578125 0.099609375 0.51953125 0.1015625 0.51953125 0.103515625 0.521484375 0.103515625 0.525390625 0.107421875 0.5234375 0.10546875 0.525390625 0.103515625 0.5234375 0.10546875 0.521484375 0.103515625 0.521484375 0.1015625 0.5234375 0.099609375 0.5234375 0.09765625 0.529296875 0.091796875 0.525390625 0.087890625 0.525390625 0.0859375 0.5234375 0.083984375
0 0.783203125 0.0703125 0.78125 0.072265625 0.77734375 0.072265625 0.779296875 0.07421875 0.779296875 0.076171875 0.77734375 0.078125 0.779296875 0.080078125 0.78125 0.078125 0.783203125 0.080078125 0.783203125 0.08203125 0.78125 0.083984375 0.779296875 0.083984375 0.783203125 0.083984375 0.783203125 0.080078125 0.78515625 0.078125 0.78515625 0.076171875 0.787109375 0.07421875 0.7890625 0.07421875 0.787109375 0.07421875 0.78515625 0.072265625 0.787109375 0.0703125 0.7890625 0.0703125 0.787109375 0.0703125 0.78515625 0.072265625
0 0.640625 0.05078125 0.642578125 0.052734375 0.640625 0.0546875 0.640625 0.05859375 0.642578125 0.060546875 0.64453125 0.060546875 0.646484375 0.05859375 0.646484375 0.0546875 0.6484375 0.052734375 0.646484375 0.0546875 0.642578125 0.05078125
0 0.1640625 0.048828125 0.16015625 0.052734375 0.158203125 0.05078125 0.15625 0.052734375 0.154296875 0.052734375 0.15234375 0.0546875 0.1484375 0.0546875 0.1484375 0.05859375 0.146484375 0.060546875 0.1484375 0.0625 0.1484375 0.06640625 0.150390625 0.068359375 0.15234375 0.06640625 0.154296875 0.06640625 0.158203125 0.0703125 0.15625 0.068359375 0.15625 0.06640625 0.158203125 0.064453125 0.162109375 0.068359375 0.162109375 0.0703125 0.166015625 0.07421875 0.162109375 0.0703125 0.162109375 0.068359375 0.16015625 0.06640625 0.162109375 0.064453125 0.16015625 0.0625 0.16015625 0.060546875 0.162109375 0.05859375 0.158203125 0.0546875
0 0.767578125 0.046875 0.765625 0.048828125 0.765625 0.05859375 0.76953125 0.0625 0.76953125 0.064453125 0.771484375 0.0625 0.77734375 0.0625 0.77734375 0.060546875 0.78125 0.056640625 0.783203125 0.056640625 0.78125 0.0546875 0.78125 0.052734375 0.779296875 0.05078125 0.779296875 0.048828125 0.77734375 0.046875
0 0.240234375 0.041015625 0.2421875 0.04296875 0.2421875 0.048828125 0.244140625 0.046875 0.24609375 0.048828125 0.24609375 0.04296875 0.244140625 0.041015625 0.2421875 0.04296875
0 0.28125 0.021484375 0.279296875 0.0234375 0.27734375 0.0234375 0.27734375 0.025390625 0.275390625 0.02734375 0.27734375 0.029296875 0.27734375 0.03515625 0.28125 0.0390625 0.28125 0.041015625 0.28125 0.0390625 0.283203125 0.037109375 0.287109375 0.041015625 0.2890625 0.041015625 0.287109375 0.041015625 0.283203125 0.037109375 0.28515625 0.03515625 0.287109375 0.03515625 0.2890625 0.037109375 0.29296875 0.033203125 0.294921875 0.033203125 0.294921875 0.03125 0.296875 0.029296875 0.298828125 0.029296875 0.296875 0.02734375 0.29296875 0.02734375 0.2890625 0.03125 0.287109375 0.029296875 0.287109375 0.025390625 0.28515625 0.025390625
0 0.521484375 0.005859375 0.521484375 0.015625 0.5234375 0.017578125 0.525390625 0.017578125 0.525390625 0.015625 0.52734375 0.013671875 0.52734375 0.009765625 0.525390625 0.0078125 0.5234375 0.0078125
0 0.423828125 0.00390625 0.419921875 0.0078125 0.41796875 0.0078125 0.41796875 0.009765625 0.416015625 0.01171875 0.41796875 0.013671875 0.4140625 0.017578125 0.416015625 0.015625 0.419921875 0.01953125 0.41796875 0.021484375 0.416015625 0.021484375 0.41796875 0.021484375 0.419921875 0.0234375 0.419921875 0.025390625 0.41796875 0.02734375 0.419921875 0.029296875 0.421875 0.029296875 0.423828125 0.02734375 0.421875 0.025390625 0.421875 0.0234375 0.423828125 0.021484375 0.42578125 0.021484375 0.423828125 0.021484375 0.421875 0.01953125 0.42578125 0.015625 0.427734375 0.017578125 0.42578125 0.015625 0.42578125 0.013671875 0.4296875 0.009765625 0.427734375 0.009765625 0.42578125 0.0078125 0.427734375 0.005859375 0.42578125 0.0078125 0.423828125 0.005859375
0 0.74609375 0.0 0.744140625 0.001953125 0.7421875 0.001953125 0.740234375 0.00390625 0.73828125 0.001953125 0.734375 0.005859375 0.73828125 0.001953125 0.7421875 0.005859375 0.740234375 0.00390625 0.7421875 0.001953125 0.744140625 0.001953125 0.75 0.0078125 0.75 0.009765625 0.75390625 0.005859375 0.7578125 0.009765625 0.75390625 0.005859375 0.755859375 0.00390625 0.7578125 0.00390625 0.755859375 0.001953125 0.755859375 0.0
0 0.50390625 0.0 0.505859375 0.001953125 0.50390625 0.00390625 0.498046875 0.00390625 0.498046875 0.005859375 0.49609375 0.0078125 0.494140625 0.0078125 0.49609375 0.009765625 0.49609375 0.013671875 0.4921875 0.017578125 0.494140625 0.015625 0.498046875 0.01953125 0.49609375 0.021484375 0.494140625 0.021484375 0.49609375 0.021484375 0.498046875 0.0234375 0.498046875 0.025390625 0.49609375 0.02734375 0.498046875 0.029296875 0.5 0.02734375 0.498046875 0.025390625 0.5 0.0234375 0.501953125 0.0234375 0.505859375 0.01953125 0.5078125 0.021484375 0.50390625 0.017578125 0.50390625 0.015625 0.505859375 0.013671875 0.505859375 0.0078125 0.50390625 0.005859375 0.50390625 0.00390625 0.505859375 0.001953125
1 0.265625 0.09765625 0.26953125 0.1015625 0.267578125 0.103515625 0.26953125 0.1015625 0.271484375 0.103515625 0.2734375 0.1015625 0.2734375 0.099609375 0.271484375 0.09765625 0.26953125 0.09765625 0.267578125 0.099609375
1 0.525390625 0.08203125 0.521484375 0.0859375 0.513671875 0.0859375 0.51171875 0.087890625 0.51171875 0.09765625 0.513671875 0.099609375 0.517578125 0.099609375 0.51953125 0.1015625 0.51953125 0.103515625 0.521484375 0.103515625 0.525390625 0.107421875 0.5234375 0.10546875 0.525390625 0.103515625 0.5234375 0.10546875 0.521484375 0.103515625 0.521484375 0.1015625 0.5234375 0.099609375 0.5234375 0.09765625 0.529296875 0.091796875 0.525390625 0.087890625 0.525390625 0.0859375 0.5234375 0.083984375
1 0.783203125 0.0703125 0.78125 0.072265625 0.77734375 0.072265625 0.779296875 0.07421875 0.779296875 0.076171875 0.77734375 0.078125 0.779296875 0.080078125 0.78125 0.078125 0.783203125 0.080078125 0.783203125 0.08203125 0.78125 0.083984375 0.779296875 0.083984375 0.783203125 0.083984375 0.783203125 0.080078125 0.78515625 0.078125 0.78515625 0.076171875 0.787109375 0.07421875 0.7890625 0.07421875 0.787109375 0.07421875 0.78515625 0.072265625 0.787109375 0.0703125 0.7890625 0.0703125 0.787109375 0.0703125 0.78515625 0.072265625
1 0.640625 0.05078125 0.642578125 0.052734375 0.640625 0.0546875 0.640625 0.05859375 0.642578125 0.060546875 0.64453125 0.060546875 0.646484375 0.05859375 0.646484375 0.0546875 0.6484375 0.052734375 0.646484375 0.0546875 0.642578125 0.05078125
1 0.1640625 0.048828125 0.16015625 0.052734375 0.158203125 0.05078125 0.15625 0.052734375 0.154296875 0.052734375 0.15234375 0.0546875 0.1484375 0.0546875 0.1484375 0.05859375 0.146484375 0.060546875 0.1484375 0.0625 0.1484375 0.06640625 0.150390625 0.068359375 0.15234375 0.06640625 0.154296875 0.06640625 0.158203125 0.0703125 0.15625 0.068359375 0.15625 0.06640625 0.158203125 0.064453125 0.162109375 0.068359375 0.162109375 0.0703125 0.166015625 0.07421875 0.162109375 0.0703125 0.162109375 0.068359375 0.16015625 0.06640625 0.162109375 0.064453125 0.16015625 0.0625 0.16015625 0.060546875 0.162109375 0.05859375 0.158203125 0.0546875
1 0.767578125 0.046875 0.765625 0.048828125 0.765625 0.05859375 0.76953125 0.0625 0.76953125 0.064453125 0.771484375 0.0625 0.77734375 0.0625 0.77734375 0.060546875 0.78125 0.056640625 0.783203125 0.056640625 0.78125 0.0546875 0.78125 0.052734375 0.779296875 0.05078125 0.779296875 0.048828125 0.77734375 0.046875
1 0.240234375 0.041015625 0.2421875 0.04296875 0.2421875 0.048828125 0.244140625 0.046875 0.24609375 0.048828125 0.24609375 0.04296875 0.244140625 0.041015625 0.2421875 0.04296875
1 0.28125 0.021484375 0.279296875 0.0234375 0.27734375 0.0234375 0.27734375 0.025390625 0.275390625 0.02734375 0.27734375 0.029296875 0.27734375 0.03515625 0.28125 0.0390625 0.28125 0.041015625 0.28125 0.0390625 0.283203125 0.037109375 0.287109375 0.041015625 0.2890625 0.041015625 0.287109375 0.041015625 0.283203125 0.037109375 0.28515625 0.03515625 0.287109375 0.03515625 0.2890625 0.037109375 0.29296875 0.033203125 0.294921875 0.033203125 0.294921875 0.03125 0.296875 0.029296875 0.298828125 0.029296875 0.296875 0.02734375 0.29296875 0.02734375 0.2890625 0.03125 0.287109375 0.029296875 0.287109375 0.025390625 0.28515625 0.025390625
1 0.521484375 0.005859375 0.521484375 0.015625 0.5234375 0.017578125 0.525390625 0.017578125 0.525390625 0.015625 0.52734375 0.013671875 0.52734375 0.009765625 0.525390625 0.0078125 0.5234375 0.0078125
1 0.423828125 0.00390625 0.419921875 0.0078125 0.41796875 0.0078125 0.41796875 0.009765625 0.416015625 0.01171875 0.41796875 0.013671875 0.4140625 0.017578125 0.416015625 0.015625 0.419921875 0.01953125 0.41796875 0.021484375 0.416015625 0.021484375 0.41796875 0.021484375 0.419921875 0.0234375 0.419921875 0.025390625 0.41796875 0.02734375 0.419921875 0.029296875 0.421875 0.029296875 0.423828125 0.02734375 0.421875 0.025390625 0.421875 0.0234375 0.423828125 0.021484375 0.42578125 0.021484375 0.423828125 0.021484375 0.421875 0.01953125 0.42578125 0.015625 0.427734375 0.017578125 0.42578125 0.015625 0.42578125 0.013671875 0.4296875 0.009765625 0.427734375 0.009765625 0.42578125 0.0078125 0.427734375 0.005859375 0.42578125 0.0078125 0.423828125 0.005859375
1 0.74609375 0.0 0.744140625 0.001953125 0.7421875 0.001953125 0.740234375 0.00390625 0.73828125 0.001953125 0.734375 0.005859375 0.73828125 0.001953125 0.7421875 0.005859375 0.740234375 0.00390625 0.7421875 0.001953125 0.744140625 0.001953125 0.75 0.0078125 0.75 0.009765625 0.75390625 0.005859375 0.7578125 0.009765625 0.75390625 0.005859375 0.755859375 0.00390625 0.7578125 0.00390625 0.755859375 0.001953125 0.755859375 0.0
1 0.50390625 0.0 0.505859375 0.001953125 0.50390625 0.00390625 0.498046875 0.00390625 0.498046875 0.005859375 0.49609375 0.0078125 0.494140625 0.0078125 0.49609375 0.009765625 0.49609375 0.013671875 0.4921875 0.017578125 0.494140625 0.015625 0.498046875 0.01953125 0.49609375 0.021484375 0.494140625 0.021484375 0.49609375 0.021484375 0.498046875 0.0234375 0.498046875 0.025390625 0.49609375 0.02734375 0.498046875 0.029296875 0.5 0.02734375 0.498046875 0.025390625 0.5 0.0234375 0.501953125 0.0234375 0.505859375 0.01953125 0.5078125 0.021484375 0.50390625 0.017578125 0.50390625 0.015625 0.505859375 0.013671875 0.505859375 0.0078125 0.50390625 0.005859375 0.50390625 0.00390625 0.505859375 0.001953125
