0 0.33984375 0.59765625 0.33984375 0.599609375 0.341796875 0.6015625 0.33984375 0.603515625 0.341796875 0.60546875 0.34375 0.60546875 0.345703125 0.603515625 0.34765625 0.603515625 0.345703125 0.603515625 0.34375 0.6015625 0.34375 0.59765625
0 0.19140625 0.474609375 0.193359375 0.4765625 0.19140625 0.478515625 0.189453125 0.478515625 0.1875 0.4765625 0.189453125 0.478515625 0.1875 0.48046875 0.189453125 0.482421875 0.1875 0.48046875 0.189453125 0.478515625 0.19140625 0.478515625 0.1953125 0.482421875 0.19921875 0.482421875 0.201171875 0.48046875 0.19921875 0.478515625 0.1953125 0.478515625
0 0.20703125 0.470703125 0.208984375 0.47265625 0.20703125 0.474609375 0.212890625 0.474609375 0.21484375 0.4765625 0.212890625 0.478515625 0.2109375 0.478515625 0.212890625 0.478515625 0.21484375 0.4765625 0.212890625 0.474609375 0.21484375 0.47265625 0.21484375 0.470703125
0 0.59375 0.4375 0.595703125 0.439453125 0.595703125 0.44140625 0.59765625 0.443359375 0.595703125 0.4453125 0.59765625 0.447265625 0.599609375 0.447265625 0.59765625 0.447265625 0.595703125 0.4453125 0.59765625 0.443359375 0.6015625 0.443359375 0.599609375 0.44140625 0.599609375 0.439453125 0.59765625 0.4375
0 0.212890625 0.427734375 0.208984375 0.431640625 0.205078125 0.431640625 0.203125 0.43359375 0.205078125 0.435546875 0.208984375 0.435546875 0.212890625 0.431640625 0.21484375 0.431640625 0.216796875 0.43359375 0.21484375 0.435546875 0.216796875 0.43359375 0.21484375 0.431640625 0.216796875 0.4296875 0.21484375 0.431640625 0.212890625 0.431640625 0.2109375 0.4296875
0 0.857421875 0.353515625 0.853515625 0.357421875 0.8515625 0.357421875 0.8515625 0.359375 0.853515625 0.361328125 0.853515625 0.36328125 0.85546875 0.361328125 0.857421875 0.36328125 0.85546875 0.361328125 0.857421875 0.359375 0.85546875 0.357421875 0.85546875 0.35546875
0 0.376953125 0.296875 0.376953125 0.298828125 0.375 0.30078125 0.376953125 0.302734375 0.375 0.3046875 0.375 0.30859375 0.37890625 0.30859375 0.380859375 0.306640625 0.380859375 0.3046875 0.3828125 0.302734375 0.380859375 0.3046875 0.37890625 0.302734375 0.376953125 0.302734375 0.375 0.30078125 0.376953125 0.298828125
0 0.51171875 0.2890625 0.509765625 0.291015625 0.5078125 0.291015625 0.5078125 0.294921875 0.51171875 0.294921875 0.513671875 0.29296875 0.513671875 0.291015625
0 0.17578125 0.16015625 0.173828125 0.162109375 0.17578125 0.1640625 0.173828125 0.166015625 0.173828125 0.16796875 0.1796875 0.16796875 0.177734375 0.166015625 0.177734375 0.1640625 0.1796875 0.162109375 0.181640625 0.162109375 0.1796875 0.162109375 0.177734375 0.16015625
0 0.5703125 0.09765625 0.5703125 0.099609375 0.572265625 0.1015625 0.572265625 0.103515625 0.5703125 0.10546875 0.5703125 0.107421875 0.5703125 0.10546875 0.57421875 0.1015625 0.576171875 0.103515625 0.576171875 0.099609375 0.57421875 0.09765625
0 0.2421875 0.0546875 0.23828125 0.05859375 0.234375 0.05859375 0.23828125 0.0625 0.23828125 0.064453125 0.240234375 0.064453125 0.2421875 0.0625 0.240234375 0.060546875 0.240234375 0.056640625
0 0.916015625 0.0 0.916015625 0.001953125 0.9140625 0.00390625 0.916015625 0.00390625 0.91796875 0.005859375 0.921875 0.005859375 0.921875 0.0
0 0.548828125 0.0 0.55078125 0.001953125 0.552734375 0.001953125 0.5546875 0.00390625 0.552734375 0.005859375 0.5546875 0.0078125 0.556640625 0.005859375 0.556640625 0.00390625 0.55859375 0.001953125 0.560546875 0.001953125 0.556640625 0.001953125 0.5546875 0.0 0.552734375 0.001953125 0.55078125 0.001953125
1 0.33984375 0.59765625 0.33984375 0.599609375 0.341796875 0.6015625 0.33984375 0.603515625 0.341796875 0.60546875 0.34375 0.60546875 0.345703125 0.603515625 0.34765625 0.603515625 0.345703125 0.603515625 0.34375 0.6015625 0.34375 0.59765625
1 0.19140625 0.474609375 0.193359375 0.4765625 0.19140625 0.478515625 0.189453125 0.478515625 0.1875 0.4765625 0.189453125 0.478515625 0.1875 0.48046875 0.189453125 0.482421875 0.1875 0.48046875 0.189453125 0.478515625 0.19140625 0.478515625 0.1953125 0.482421875 0.19921875 0.482421875 0.201171875 0.48046875 0.19921875 0.478515625 0.1953125 0.478515625
1 0.20703125 0.470703125 0.208984375 0.47265625 0.20703125 0.474609375 0.212890625 0.474609375 0.21484375 0.4765625 0.212890625 0.478515625 0.2109375 0.478515625 0.212890625 0.478515625 0.21484375 0.4765625 0.212890625 0.474609375 0.21484375 0.47265625 0.21484375 0.470703125
1 0.59375 0.4375 0.595703125 0.439453125 0.595703125 0.44140625 0.59765625 0.443359375 0.595703125 0.4453125 0.59765625 0.447265625 0.599609375 0.447265625 0.59765625 0.447265625 0.595703125 0.4453125 0.59765625 0.443359375 0.6015625 0.443359375 0.599609375 0.44140625 0.599609375 0.439453125 0.59765625 0.4375
1 0.212890625 0.427734375 0.208984375 0.431640625 0.205078125 0.431640625 0.203125 0.43359375 0.205078125 0.435546875 0.208984375 0.435546875 0.212890625 0.431640625 0.21484375 0.431640625 0.216796875 0.43359375 0.21484375 0.435546875 0.216796875 0.43359375 0.21484375 0.431640625 0.216796875 0.4296875 0.21484375 0.431640625 0.212890625 0.431640625 0.2109375 0.4296875
1 0.857421875 0.353515625 0.853515625 0.357421875 0.8515625 0.357421875 0.8515625 0.359375 0.853515625 0.361328125 0.853515625 0.36328125 0.85546875 0.361328125 0.857421875 0.36328125 0.85546875 0.361328125 0.857421875 0.359375 0.85546875 0.357421875 0.85546875 0.35546875
1 0.376953125 0.296875 0.376953125 0.298828125 0.375 0.30078125 0.376953125 0.302734375 0.375 0.3046875 0.375 0.30859375 0.37890625 0.30859375 0.380859375 0.306640625 0.380859375 0.3046875 0.3828125 0.302734375 0.380859375 0.3046875 0.37890625 0.302734375 0.376953125 0.302734375 0.375 0.30078125 0.376953125 0.298828125
1 0.51171875 0.2890625 0.509765625 0.291015625 0.5078125 0.291015625 0.5078125 0.294921875 0.51171875 0.294921875 0.513671875 0.29296875 0.513671875 0.291015625
1 0.17578125 0.16015625 0.173828125 0.162109375 0.17578125 0.1640625 0.173828125 0.166015625 0.173828125 0.16796875 0.1796875 0.16796875 0.177734375 0.166015625 0.177734375 0.1640625 0.1796875 0.162109375 0.181640625 0.162109375 0.1796875 0.162109375 0.177734375 0.16015625
1 0.5703125 0.09765625 0.5703125 0.099609375 0.572265625 0.1015625 0.572265625 0.103515625 0.5703125 0.10546875 0.5703125 0.107421875 0.5703125 0.10546875 0.57421875 0.1015625 0.576171875 0.103515625 0.576171875 0.099609375 0.57421875 0.09765625
1 0.2421875 0.0546875 0.23828125 0.05859375 0.234375 0.05859375 0.23828125 0.0625 0.23828125 0.064453125 0.240234375 0.064453125 0.2421875 0.0625 0.240234375 0.060546875 0.240234375 0.056640625
1 0.916015625 0.0 0.916015625 0.001953125 0.9140625 0.00390625 0.916015625 0.00390625 0.91796875 0.005859375 0.921875 0.005859375 0.921875 0.0
1 0.548828125 0.0 0.55078125 0.001953125 0.552734375 0.001953125 0.5546875 0.00390625 0.552734375 0.005859375 0.5546875 0.0078125 0.556640625 0.005859375 0.556640625 0.00390625 0.55859375 0.001953125 0.560546875 0.001953125 0.556640625 0.001953125 0.5546875 0.0 0.552734375 0.001953125 0.55078125 0.001953125
