0 0.1953125 0.875 0.193359375 0.876953125 0.193359375 0.880859375 0.19140625 0.8828125 0.193359375 0.880859375 0.1953125 0.8828125 0.197265625 0.8828125 0.197265625 0.880859375 0.19921875 0.87890625 0.19921875 0.876953125 0.197265625 0.875
0 0.12109375 0.81640625 0.123046875 0.818359375 0.123046875 0.8203125 0.119140625 0.82421875 0.12109375 0.82421875 0.123046875 0.826171875 0.125 0.82421875 0.125 0.8203125 0.123046875 0.818359375 0.125 0.81640625 0.123046875 0.818359375
0 0.107421875 0.75390625 0.103515625 0.7578125 0.103515625 0.759765625 0.1015625 0.76171875 0.103515625 0.759765625 0.10546875 0.76171875 0.107421875 0.76171875
0 0.03125 0.65625 0.033203125 0.658203125 0.03515625 0.65625 0.0390625 0.66015625 0.0390625 0.662109375 0.041015625 0.662109375 0.04296875 0.66015625 0.04296875 0.65625 0.041015625 0.65625 0.0390625 0.658203125 0.037109375 0.658203125 0.03515625 0.65625 0.033203125 0.658203125
0 0.015625 0.640625 0.017578125 0.642578125 0.017578125 0.64453125 0.015625 0.646484375 0.015625 0.650390625 0.017578125 0.6484375 0.01953125 0.650390625 0.021484375 0.650390625 0.0234375 0.65234375 0.025390625 0.65234375 0.025390625 0.650390625 0.0234375 0.6484375 0.021484375 0.6484375 0.01953125 0.646484375 0.01953125 0.64453125 0.021484375 0.642578125 0.0234375 0.64453125 0.021484375 0.642578125 0.01953125 0.64453125
0 0.080078125 0.630859375 0.080078125 0.6328125 0.078125 0.634765625 0.08203125 0.638671875 0.083984375 0.63671875 0.0859375 0.63671875 0.083984375 0.634765625 0.0859375 0.6328125 0.083984375 0.630859375 0.083984375 0.6328125 0.08203125 0.634765625 0.080078125 0.6328125
0 0.412109375 0.46484375 0.41015625 0.466796875 0.41015625 0.46875 0.4140625 0.46875 0.416015625 0.466796875 0.41796875 0.466796875 0.416015625 0.46484375
0 0.57421875 0.439453125 0.572265625 0.44140625 0.57421875 0.443359375 0.57421875 0.44921875 0.57421875 0.447265625 0.576171875 0.4453125 0.578125 0.4453125 0.580078125 0.447265625 0.578125 0.44921875 0.580078125 0.447265625 0.58203125 0.447265625 0.580078125 0.447265625 0.578125 0.4453125 0.578125 0.44140625 0.576171875 0.44140625
0 0.021484375 0.380859375 0.017578125 0.384765625 0.015625 0.384765625 0.017578125 0.384765625 0.01953125 0.38671875 0.01953125 0.388671875 0.021484375 0.38671875 0.0234375 0.38671875 0.025390625 0.388671875 0.02734375 0.38671875
0 0.037109375 0.1875 0.03515625 0.189453125 0.037109375 0.19140625 0.03515625 0.193359375 0.033203125 0.193359375 0.03515625 0.193359375 0.037109375 0.1953125 0.0390625 0.1953125 0.041015625 0.197265625 0.0390625 0.1953125 0.037109375 0.1953125 0.03515625 0.193359375 0.037109375 0.19140625 0.0390625 0.19140625 0.041015625 0.189453125 0.04296875 0.189453125 0.044921875 0.19140625 0.04296875 0.193359375 0.044921875 0.193359375 0.044921875 0.19140625 0.041015625 0.1875
0 0.361328125 0.14453125 0.359375 0.146484375 0.359375 0.150390625 0.361328125 0.1484375 0.365234375 0.15234375 0.365234375 0.154296875 0.365234375 0.15234375 0.36328125 0.150390625 0.36328125 0.1484375 0.365234375 0.146484375 0.365234375 0.14453125
0 0.37890625 0.142578125 0.380859375 0.14453125 0.380859375 0.146484375 0.384765625 0.150390625 0.38671875 0.1484375 0.38671875 0.14453125 0.384765625 0.14453125 0.3828125 0.142578125 0.380859375 0.14453125
1 0.1953125 0.875 0.193359375 0.876953125 0.193359375 0.880859375 0.19140625 0.8828125 0.193359375 0.880859375 0.1953125 0.8828125 0.197265625 0.8828125 0.197265625 0.880859375 0.19921875 0.87890625 0.19921875 0.876953125 0.197265625 0.875
1 0.12109375 0.81640625 0.123046875 0.818359375 0.123046875 0.8203125 0.119140625 0.82421875 0.12109375 0.82421875 0.123046875 0.826171875 0.125 0.82421875 0.125 0.8203125 0.123046875 0.818359375 0.125 0.81640625 0.123046875 0.818359375
1 0.107421875 0.75390625 0.103515625 0.7578125 0.103515625 0.759765625 0.1015625 0.76171875 0.103515625 0.759765625 0.10546875 0.76171875 0.107421875 0.76171875
1 0.03125 0.65625 0.033203125 0.658203125 0.03515625 0.65625 0.0390625 0.66015625 0.0390625 0.662109375 0.041015625 0.662109375 0.04296875 0.66015625 0.04296875 0.65625 0.041015625 0.65625 0.0390625 0.658203125 0.037109375 0.658203125 0.03515625 0.65625 0.033203125 0.658203125
1 0.015625 0.640625 0.017578125 0.642578125 0.017578125 0.64453125 0.015625 0.646484375 0.015625 0.650390625 0.017578125 0.6484375 0.01953125 0.650390625 0.021484375 0.650390625 0.0234375 0.65234375 0.025390625 0.65234375 0.025390625 0.650390625 0.0234375 0.6484375 0.021484375 0.6484375 0.01953125 0.646484375 0.01953125 0.64453125 0.021484375 0.642578125 0.0234375 0.64453125 0.021484375 0.642578125 0.01953125 0.64453125
1 0.080078125 0.630859375 0.080078125 0.6328125 0.078125 0.634765625 0.08203125 0.638671875 0.083984375 0.63671875 0.0859375 0.63671875 0.083984375 0.634765625 0.0859375 0.6328125 0.083984375 0.630859375 0.083984375 0.6328125 0.08203125 0.634765625 0.080078125 0.6328125
1 0.412109375 0.46484375 0.41015625 0.466796875 0.41015625 0.46875 0.4140625 0.46875 0.416015625 0.466796875 0.41796875 0.466796875 0.416015625 0.46484375
1 0.57421875 0.439453125 0.572265625 0.44140625 0.57421875 0.443359375 0.57421875 0.44921875 0.57421875 0.447265625 0.576171875 0.4453125 0.578125 0.4453125 0.580078125 0.447265625 0.578125 0.44921875 0.580078125 0.447265625 0.58203125 0.447265625 0.580078125 0.447265625 0.578125 0.4453125 0.578125 0.44140625 0.576171875 0.44140625
1 0.021484375 0.380859375 0.017578125 0.384765625 0.015625 0.384765625 0.017578125 0.384765625 0.01953125 0.38671875 0.01953125 0.388671875 0.021484375 0.38671875 0.0234375 0.38671875 0.025390625 0.388671875 0.02734375 0.38671875
1 0.037109375 0.1875 0.03515625 0.189453125 0.037109375 0.19140625 0.03515625 0.193359375 0.033203125 0.193359375 0.03515625 0.193359375 0.037109375 0.1953125 0.0390625 0.1953125 0.041015625 0.197265625 0.0390625 0.1953125 0.037109375 0.1953125 0.03515625 0.193359375 0.037109375 0.19140625 0.0390625 0.19140625 0.041015625 0.189453125 0.04296875 0.189453125 0.044921875 0.19140625 0.04296875 0.193359375 0.044921875 0.193359375 0.044921875 0.19140625 0.041015625 0.1875
1 0.361328125 0.14453125 0.359375 0.146484375 0.359375 0.150390625 0.361328125 0.1484375 0.365234375 0.15234375 0.365234375 0.154296875 0.365234375 0.15234375 0.36328125 0.150390625 0.36328125 0.1484375 0.365234375 0.146484375 0.365234375 0.14453125
1 0.37890625 0.142578125 0.380859375 0.14453125 0.380859375 0.146484375 0.384765625 0.150390625 0.38671875 0.1484375 0.38671875 0.14453125 0.384765625 0.14453125 0.3828125 0.142578125 0.380859375 0.14453125
