0 0.2109375 0.939453125 0.2109375 0.94140625 0.212890625 0.943359375 0.212890625 0.9453125 0.21484375 0.9453125 0.216796875 0.947265625 0.21484375 0.9453125 0.216796875 0.943359375 0.216796875 0.94140625 0.21484375 0.94140625 0.212890625 0.939453125
0 0.109375 0.845703125 0.111328125 0.84765625 0.109375 0.849609375 0.111328125 0.8515625 0.109375 0.853515625 0.111328125 0.85546875 0.109375 0.857421875 0.111328125 0.85546875 0.11328125 0.857421875 0.115234375 0.85546875 0.1171875 0.85546875 0.119140625 0.857421875 0.1171875 0.85546875 0.119140625 0.853515625 0.119140625 0.849609375 0.12109375 0.84765625 0.11328125 0.84765625 0.111328125 0.845703125
0 0.09765625 0.79296875 0.095703125 0.794921875 0.09375 0.794921875 0.09375 0.796875 0.09765625 0.80078125 0.099609375 0.80078125 0.099609375 0.798828125 0.1015625 0.796875
0 0.029296875 0.611328125 0.02734375 0.61328125 0.025390625 0.61328125 0.025390625 0.615234375 0.021484375 0.619140625 0.01953125 0.6171875 0.021484375 0.619140625 0.0234375 0.6171875 0.02734375 0.62109375 0.025390625 0.619140625 0.02734375 0.6171875 0.029296875 0.6171875
0 0.197265625 0.5625 0.19921875 0.564453125 0.19921875 0.56640625 0.201171875 0.568359375 0.19921875 0.5703125 0.197265625 0.5703125 0.193359375 0.56640625 0.193359375 0.564453125 0.193359375 0.56640625 0.1953125 0.568359375 0.19140625 0.572265625 0.193359375 0.572265625 0.1953125 0.57421875 0.197265625 0.57421875 0.19921875 0.572265625 0.19921875 0.5703125 0.201171875 0.568359375 0.19921875 0.56640625 0.19921875 0.564453125
0 0.376953125 0.4453125 0.375 0.447265625 0.375 0.44921875 0.376953125 0.451171875 0.380859375 0.451171875 0.380859375 0.447265625 0.37890625 0.447265625
0 0.177734375 0.443359375 0.1796875 0.4453125 0.177734375 0.447265625 0.17578125 0.447265625 0.173828125 0.4453125 0.1796875 0.451171875 0.181640625 0.451171875 0.181640625 0.44921875 0.18359375 0.447265625 0.185546875 0.44921875 0.181640625 0.4453125 0.1796875 0.4453125
0 0.525390625 0.30859375 0.525390625 0.310546875 0.51953125 0.31640625 0.517578125 0.31640625 0.515625 0.314453125 0.517578125 0.3125 0.515625 0.314453125 0.517578125 0.31640625 0.515625 0.318359375 0.517578125 0.31640625 0.51953125 0.31640625 0.521484375 0.318359375 0.51953125 0.3203125 0.5234375 0.31640625 0.52734375 0.31640625 0.529296875 0.314453125 0.52734375 0.3125 0.52734375 0.310546875
0 0.361328125 0.21875 0.359375 0.220703125 0.361328125 0.22265625 0.361328125 0.224609375 0.36328125 0.22265625 0.365234375 0.22265625 0.369140625 0.2265625 0.3671875 0.228515625 0.369140625 0.23046875 0.3671875 0.228515625 0.369140625 0.2265625 0.3671875 0.224609375 0.369140625 0.22265625 0.369140625 0.220703125 0.37109375 0.21875 0.373046875 0.220703125 0.37109375 0.21875 0.369140625 0.220703125 0.3671875 0.21875
0 0.146484375 0.201171875 0.14453125 0.203125 0.14453125 0.20703125 0.146484375 0.208984375 0.14453125 0.2109375 0.146484375 0.208984375 0.1484375 0.208984375 0.150390625 0.2109375 0.1484375 0.208984375 0.150390625 0.20703125 0.150390625 0.201171875
0 0.56640625 0.173828125 0.564453125 0.17578125 0.5625 0.17578125 0.5625 0.177734375 0.564453125 0.1796875 0.5625 0.181640625 0.564453125 0.1796875 0.56640625 0.1796875 0.56640625 0.177734375 0.568359375 0.17578125 0.568359375 0.173828125
0 0.3828125 0.171875 0.375 0.1796875 0.376953125 0.177734375 0.380859375 0.181640625 0.380859375 0.177734375 0.3828125 0.17578125 0.384765625 0.177734375 0.384765625 0.1796875 0.384765625 0.177734375 0.38671875 0.17578125 0.388671875 0.177734375 0.38671875 0.17578125 0.388671875 0.173828125 0.38671875 0.173828125 0.38671875 0.17578125 0.384765625 0.177734375 0.380859375 0.173828125
0 0.5078125 0.09375 0.50390625 0.09765625 0.49609375 0.09765625 0.49609375 0.099609375 0.498046875 0.1015625 0.49609375 0.103515625 0.498046875 0.10546875 0.49609375 0.103515625 0.498046875 0.1015625 0.501953125 0.1015625 0.50390625 0.103515625 0.501953125 0.10546875 0.50390625 0.103515625 0.505859375 0.103515625 0.50390625 0.103515625 0.501953125 0.1015625 0.501953125 0.099609375
0 0.7890625 0.080078125 0.7890625 0.08203125 0.787109375 0.083984375 0.78515625 0.083984375 0.78515625 0.0859375 0.783203125 0.087890625 0.78515625 0.0859375 0.787109375 0.087890625 0.787109375 0.091796875 0.791015625 0.087890625 0.79296875 0.08984375 0.791015625 0.087890625 0.791015625 0.0859375 0.79296875 0.083984375 0.791015625 0.0859375 0.7890625 0.0859375 0.787109375 0.083984375 0.791015625 0.080078125
1 0.2109375 0.939453125 0.2109375 0.94140625 0.212890625 0.943359375 0.212890625 0.9453125 0.21484375 0.9453125 0.216796875 0.947265625 0.21484375 0.9453125 0.216796875 0.943359375 0.216796875 0.94140625 0.21484375 0.94140625 0.212890625 0.939453125
1 0.109375 0.845703125 0.111328125 0.84765625 0.109375 0.849609375 0.111328125 0.8515625 0.109375 0.853515625 0.111328125 0.85546875 0.109375 0.857421875 0.111328125 0.85546875 0.11328125 0.857421875 0.115234375 0.85546875 0.1171875 0.85546875 0.119140625 0.857421875 0.1171875 0.85546875 0.119140625 0.853515625 0.119140625 0.849609375 0.12109375 0.84765625 0.11328125 0.84765625 0.111328125 0.845703125
1 0.09765625 0.79296875 0.095703125 0.794921875 0.09375 0.794921875 0.09375 0.796875 0.09765625 0.80078125 0.099609375 0.80078125 0.099609375 0.798828125 0.1015625 0.796875
1 0.029296875 0.611328125 0.02734375 0.61328125 0.025390625 0.61328125 0.025390625 0.615234375 0.021484375 0.619140625 0.01953125 0.6171875 0.021484375 0.619140625 0.0234375 0.6171875 0.02734375 0.62109375 0.025390625 0.619140625 0.02734375 0.6171875 0.029296875 0.6171875
1 0.197265625 0.5625 0.19921875 0.564453125 0.19921875 0.56640625 0.201171875 0.568359375 0.19921875 0.5703125 0.197265625 0.5703125 0.193359375 0.56640625 0.193359375 0.564453125 0.193359375 0.56640625 0.1953125 0.568359375 0.19140625 0.572265625 0.193359375 0.572265625 0.1953125 0.57421875 0.197265625 0.57421875 0.19921875 0.572265625 0.19921875 0.5703125 0.201171875 0.568359375 0.19921875 0.56640625 0.19921875 0.564453125
1 0.376953125 0.4453125 0.375 0.447265625 0.375 0.44921875 0.376953125 0.451171875 0.380859375 0.451171875 0.380859375 0.447265625 0.37890625 0.447265625
1 0.177734375 0.443359375 0.1796875 0.4453125 0.177734375 0.447265625 0.17578125 0.447265625 0.173828125 0.4453125 0.1796875 0.451171875 0.181640625 0.451171875 0.181640625 0.44921875 0.18359375 0.447265625 0.185546875 0.44921875 0.181640625 0.4453125 0.1796875 0.4453125
1 0.525390625 0.30859375 0.525390625 0.310546875 0.51953125 0.31640625 0.517578125 0.31640625 0.515625 0.314453125 0.517578125 0.3125 0.515625 0.314453125 0.517578125 0.31640625 0.515625 0.318359375 0.517578125 0.31640625 0.51953125 0.31640625 0.521484375 0.318359375 0.51953125 0.3203125 0.5234375 0.31640625 0.52734375 0.31640625 0.529296875 0.314453125 0.52734375 0.3125 0.52734375 0.310546875
1 0.361328125 0.21875 0.359375 0.220703125 0.361328125 0.22265625 0.361328125 0.224609375 0.36328125 0.22265625 0.365234375 0.22265625 0.369140625 0.2265625 0.3671875 0.228515625 0.369140625 0.23046875 0.3671875 0.228515625 0.369140625 0.2265625 0.3671875 0.224609375 0.369140625 0.22265625 0.369140625 0.220703125 0.37109375 0.21875 0.373046875 0.220703125 0.37109375 0.21875 0.369140625 0.220703125 0.3671875 0.21875
1 0.146484375 0.201171875 0.14453125 0.203125 0.14453125 0.20703125 0.146484375 0.208984375 0.14453125 0.2109375 0.146484375 0.208984375 0.1484375 0.208984375 0.150390625 0.2109375 0.1484375 0.208984375 0.150390625 0.20703125 0.150390625 0.201171875
1 0.56640625 0.173828125 0.564453125 0.17578125 0.5625 0.17578125 0.5625 0.177734375 0.564453125 0.1796875 0.5625 0.181640625 0.564453125 0.1796875 0.56640625 0.1796875 0.56640625 0.177734375 0.568359375 0.17578125 0.568359375 0.173828125
1 0.3828125 0.171875 0.375 0.1796875 0.376953125 0.177734375 0.380859375 0.181640625 0.380859375 0.177734375 0.3828125 0.17578125 0.384765625 0.177734375 0.384765625 0.1796875 0.384765625 0.177734375 0.38671875 0.17578125 0.388671875 0.177734375 0.38671875 0.17578125 0.388671875 0.173828125 0.38671875 0.173828125 0.38671875 0.17578125 0.384765625 0.177734375 0.380859375 0.173828125
1 0.5078125 0.09375 0.50390625 0.09765625 0.49609375 0.09765625 0.49609375 0.099609375 0.498046875 0.1015625 0.49609375 0.103515625 0.498046875 0.10546875 0.49609375 0.103515625 0.498046875 0.1015625 0.501953125 0.1015625 0.50390625 0.103515625 0.501953125 0.10546875 0.50390625 0.103515625 0.505859375 0.103515625 0.50390625 0.103515625 0.501953125 0.1015625 0.501953125 0.099609375
1 0.7890625 0.080078125 0.7890625 0.08203125 0.787109375 0.083984375 0.78515625 0.083984375 0.78515625 0.0859375 0.783203125 0.087890625 0.78515625 0.0859375 0.787109375 0.087890625 0.787109375 0.091796875 0.791015625 0.087890625 0.79296875 0.08984375 0.791015625 0.087890625 0.791015625 0.0859375 0.79296875 0.083984375 0.791015625 0.0859375 0.7890625 0.0859375 0.787109375 0.083984375 0.791015625 0.080078125
