0 0.173828125 0.5546875 0.17578125 0.556640625 0.173828125 0.55859375 0.173828125 0.560546875 0.1796875 0.560546875 0.181640625 0.55859375 0.1796875 0.55859375 0.177734375 0.556640625 0.17578125 0.556640625
0 0.828125 0.486328125 0.826171875 0.48828125 0.826171875 0.4921875 0.82421875 0.494140625 0.822265625 0.494140625 0.82421875 0.494140625 0.826171875 0.49609375 0.828125 0.494140625 0.828125 0.4921875 0.83203125 0.48828125 0.830078125 0.48828125
0 0.76171875 0.376953125 0.7578125 0.380859375 0.7578125 0.3828125 0.755859375 0.384765625 0.75390625 0.384765625 0.75390625 0.38671875 0.755859375 0.388671875 0.7578125 0.388671875 0.7578125 0.38671875 0.755859375 0.384765625 0.7578125 0.3828125 0.759765625 0.3828125 0.76171875 0.384765625 0.76171875 0.38671875 0.76171875 0.384765625 0.759765625 0.3828125 0.76171875 0.380859375 0.759765625 0.37890625
0 0.033203125 0.25 0.03515625 0.251953125 0.033203125 0.25390625 0.03515625 0.255859375 0.033203125 0.2578125 0.03515625 0.255859375 0.0390625 0.255859375 0.041015625 0.25390625 0.041015625 0.251953125 0.04296875 0.25 0.041015625 0.251953125 0.0390625 0.251953125 0.037109375 0.25 0.03515625 0.251953125
0 0.216796875 0.236328125 0.21484375 0.23828125 0.212890625 0.23828125 0.21484375 0.23828125 0.216796875 0.240234375 0.216796875 0.244140625 0.220703125 0.248046875 0.21875 0.24609375 0.220703125 0.244140625 0.21875 0.2421875 0.220703125 0.240234375
0 0.337890625 0.21875 0.3359375 0.220703125 0.333984375 0.220703125 0.33203125 0.22265625 0.330078125 0.22265625 0.328125 0.220703125 0.330078125 0.22265625 0.328125 0.224609375 0.330078125 0.22265625 0.33203125 0.22265625 0.333984375 0.224609375 0.330078125 0.228515625 0.33203125 0.23046875 0.333984375 0.23046875 0.33203125 0.23046875 0.330078125 0.228515625 0.33203125 0.2265625 0.3359375 0.2265625 0.337890625 0.228515625 0.3359375 0.2265625 0.33984375 0.22265625 0.337890625 0.22265625 0.3359375 0.220703125
0 0.271484375 0.203125 0.2734375 0.205078125 0.275390625 0.203125 0.27734375 0.205078125 0.27734375 0.20703125 0.2734375 0.2109375 0.275390625 0.208984375 0.279296875 0.208984375 0.28125 0.2109375 0.27734375 0.21484375 0.279296875 0.216796875 0.283203125 0.212890625 0.28515625 0.212890625 0.283203125 0.212890625 0.28125 0.2109375 0.28125 0.20703125 0.279296875 0.205078125 0.27734375 0.205078125 0.275390625 0.203125 0.2734375 0.205078125
0 0.54296875 0.1953125 0.541015625 0.197265625 0.5390625 0.197265625 0.541015625 0.19921875 0.541015625 0.201171875 0.54296875 0.201171875 0.544921875 0.19921875 0.544921875 0.1953125
0 0.91015625 0.080078125 0.91015625 0.08203125 0.916015625 0.087890625 0.9140625 0.0859375 0.916015625 0.083984375 0.916015625 0.08203125 0.9140625 0.080078125
1 0.173828125 0.5546875 0.17578125 0.556640625 0.173828125 0.55859375 0.173828125 0.560546875 0.1796875 0.560546875 0.181640625 0.55859375 0.1796875 0.55859375 0.177734375 0.556640625 0.17578125 0.556640625
1 0.828125 0.486328125 0.826171875 0.48828125 0.826171875 0.4921875 0.82421875 0.494140625 0.822265625 0.494140625 0.82421875 0.494140625 0.826171875 0.49609375 0.828125 0.494140625 0.828125 0.4921875 0.83203125 0.48828125 0.830078125 0.48828125
1 0.76171875 0.376953125 0.7578125 0.380859375 0.7578125 0.3828125 0.755859375 0.384765625 0.75390625 0.384765625 0.75390625 0.38671875 0.755859375 0.388671875 0.7578125 0.388671875 0.7578125 0.38671875 0.755859375 0.384765625 0.7578125 0.3828125 0.759765625 0.3828125 0.76171875 0.384765625 0.76171875 0.38671875 0.76171875 0.384765625 0.759765625 0.3828125 0.76171875 0.380859375 0.759765625 0.37890625
1 0.033203125 0.25 0.03515625 0.251953125 0.033203125 0.25390625 0.03515625 0.255859375 0.033203125 0.2578125 0.03515625 0.255859375 0.0390625 0.255859375 0.041015625 0.25390625 0.041015625 0.251953125 0.04296875 0.25 0.041015625 0.251953125 0.0390625 0.251953125 0.037109375 0.25 0.03515625 0.251953125
1 0.216796875 0.236328125 0.21484375 0.23828125 0.212890625 0.23828125 0.21484375 0.23828125 0.216796875 0.240234375 0.216796875 0.244140625 0.220703125 0.248046875 0.21875 0.24609375 0.220703125 0.244140625 0.21875 0.2421875 0.220703125 0.240234375
1 0.337890625 0.21875 0.3359375 0.220703125 0.333984375 0.220703125 0.33203125 0.22265625 0.330078125 0.22265625 0.328125 0.220703125 0.330078125 0.22265625 0.328125 0.224609375 0.330078125 0.22265625 0.33203125 0.22265625 0.333984375 0.224609375 0.330078125 0.228515625 0.33203125 0.23046875 0.333984375 0.23046875 0.33203125 0.23046875 0.330078125 0.228515625 0.33203125 0.2265625 0.3359375 0.2265625 0.337890625 0.228515625 0.3359375 0.2265625 0.33984375 0.22265625 0.337890625 0.22265625 0.3359375 0.220703125
1 0.271484375 0.203125 0.2734375 0.205078125 0.275390625 0.203125 0.27734375 0.205078125 0.27734375 0.20703125 0.2734375 0.2109375 0.275390625 0.208984375 0.279296875 0.208984375 0.28125 0.2109375 0.27734375 0.21484375 0.279296875 0.216796875 0.283203125 0.212890625 0.28515625 0.212890625 0.283203125 0.212890625 0.28125 0.2109375 0.28125 0.20703125 0.279296875 0.205078125 0.27734375 0.205078125 0.275390625 0.203125 0.2734375 0.205078125
1 0.54296875 0.1953125 0.541015625 0.197265625 0.5390625 0.197265625 0.541015625 0.19921875 0.541015625 0.201171875 0.54296875 0.201171875 0.544921875 0.19921875 0.544921875 0.1953125
1 0.91015625 0.080078125 0.91015625 0.08203125 0.916015625 0.087890625 0.9140625 0.0859375 0.916015625 0.083984375 0.916015625 0.08203125 0.9140625 0.080078125
