0 0.08984375 0.9765625 0.08984375 0.98046875 0.087890625 0.982421875 0.087890625 0.984375 0.0859375 0.986328125 0.083984375 0.986328125 0.091796875 0.986328125 0.091796875 0.982421875 0.08984375 0.98046875 0.08984375 0.978515625 0.091796875 0.9765625
0 0.33203125 0.740234375 0.330078125 0.7421875 0.33203125 0.744140625 0.33203125 0.74609375 0.337890625 0.74609375 0.337890625 0.744140625 0.33984375 0.7421875 0.337890625 0.740234375 0.3359375 0.7421875 0.333984375 0.7421875
0 0.2109375 0.671875 0.208984375 0.673828125 0.20703125 0.673828125 0.208984375 0.673828125 0.2109375 0.67578125 0.2109375 0.677734375 0.208984375 0.6796875 0.20703125 0.677734375 0.205078125 0.677734375 0.20703125 0.677734375 0.208984375 0.6796875 0.20703125 0.681640625 0.205078125 0.681640625 0.205078125 0.6875 0.20703125 0.689453125 0.208984375 0.6875 0.2109375 0.689453125 0.212890625 0.689453125 0.2109375 0.689453125 0.208984375 0.6875 0.208984375 0.685546875 0.20703125 0.68359375 0.20703125 0.681640625 0.2109375 0.677734375 0.2109375 0.67578125 0.208984375 0.673828125
0 0.021484375 0.3125 0.01953125 0.314453125 0.021484375 0.31640625 0.01953125 0.318359375 0.017578125 0.318359375 0.01953125 0.318359375 0.021484375 0.3203125 0.0234375 0.3203125 0.025390625 0.322265625 0.0234375 0.3203125 0.021484375 0.3203125 0.01953125 0.318359375 0.021484375 0.31640625 0.0234375 0.31640625 0.025390625 0.314453125 0.02734375 0.314453125 0.029296875 0.31640625 0.02734375 0.318359375 0.029296875 0.318359375 0.029296875 0.31640625 0.025390625 0.3125
0 0.40234375 0.265625 0.400390625 0.267578125 0.39453125 0.267578125 0.39453125 0.26953125 0.392578125 0.271484375 0.39453125 0.2734375 0.390625 0.27734375 0.392578125 0.275390625 0.39453125 0.275390625 0.396484375 0.27734375 0.39453125 0.279296875 0.396484375 0.27734375 0.3984375 0.279296875 0.400390625 0.27734375 0.3984375 0.279296875 0.39453125 0.275390625 0.396484375 0.2734375 0.400390625 0.2734375 0.404296875 0.26953125 0.40234375 0.26953125 0.400390625 0.267578125
0 0.486328125 0.099609375 0.484375 0.1015625 0.48046875 0.1015625 0.48046875 0.103515625 0.478515625 0.10546875 0.48046875 0.107421875 0.486328125 0.107421875 0.490234375 0.103515625
1 0.08984375 0.9765625 0.08984375 0.98046875 0.087890625 0.982421875 0.087890625 0.984375 0.0859375 0.986328125 0.083984375 0.986328125 0.091796875 0.986328125 0.091796875 0.982421875 0.08984375 0.98046875 0.08984375 0.978515625 0.091796875 0.9765625
1 0.33203125 0.740234375 0.330078125 0.7421875 0.33203125 0.744140625 0.33203125 0.74609375 0.337890625 0.74609375 0.337890625 0.744140625 0.33984375 0.7421875 0.337890625 0.740234375 0.3359375 0.7421875 0.333984375 0.7421875
1 0.2109375 0.671875 0.208984375 0.673828125 0.20703125 0.673828125 0.208984375 0.673828125 0.2109375 0.67578125 0.2109375 0.677734375 0.208984375 0.6796875 0.20703125 0.677734375 0.205078125 0.677734375 0.20703125 0.677734375 0.208984375 0.6796875 0.20703125 0.681640625 0.205078125 0.681640625 0.205078125 0.6875 0.20703125 0.689453125 0.208984375 0.6875 0.2109375 0.689453125 0.212890625 0.689453125 0.2109375 0.689453125 0.208984375 0.6875 0.208984375 0.685546875 0.20703125 0.68359375 0.20703125 0.681640625 0.2109375 0.677734375 0.2109375 0.67578125 0.208984375 0.673828125
1 0.021484375 0.3125 0.01953125 0.314453125 0.021484375 0.31640625 0.01953125 0.318359375 0.017578125 0.318359375 0.01953125 0.318359375 0.021484375 0.3203125 0.0234375 0.3203125 0.025390625 0.322265625 0.0234375 0.3203125 0.021484375 0.3203125 0.01953125 0.318359375 0.021484375 0.31640625 0.0234375 0.31640625 0.025390625 0.314453125 0.02734375 0.314453125 0.029296875 0.31640625 0.02734375 0.318359375 0.029296875 0.318359375 0.029296875 0.31640625 0.025390625 0.3125
1 0.40234375 0.265625 0.400390625 0.267578125 0.39453125 0.267578125 0.39453125 0.26953125 0.392578125 0.271484375 0.39453125 0.2734375 0.390625 0.27734375 0.392578125 0.275390625 0.39453125 0.275390625 0.396484375 0.27734375 0.39453125 0.279296875 0.396484375 0.27734375 0.3984375 0.279296875 0.400390625 0.27734375 0.3984375 0.279296875 0.39453125 0.275390625 0.396484375 0.2734375 0.400390625 0.2734375 0.404296875 0.26953125 0.40234375 0.26953125 0.400390625 0.267578125
1 0.486328125 0.099609375 0.484375 0.1015625 0.48046875 0.1015625 0.48046875 0.103515625 0.478515625 0.10546875 0.48046875 0.107421875 0.486328125 0.107421875 0.490234375 0.103515625
