0 0.369140625 0.25 0.3671875 0.251953125 0.365234375 0.251953125 0.3671875 0.25390625 0.365234375 0.255859375 0.3671875 0.2578125 0.3671875 0.255859375 0.369140625 0.25390625 0.37109375 0.255859375 0.37109375 0.2578125 0.37109375 0.255859375 0.373046875 0.25390625
0 0.052734375 0.2265625 0.05078125 0.228515625 0.048828125 0.228515625 0.046875 0.23046875 0.048828125 0.232421875 0.046875 0.23046875 0.048828125 0.228515625 0.05078125 0.228515625 0.0546875 0.232421875 0.056640625 0.23046875 0.05859375 0.232421875 0.060546875 0.23046875 0.05859375 0.232421875 0.056640625 0.23046875 0.056640625 0.2265625
0 0.474609375 0.177734375 0.47265625 0.1796875 0.47265625 0.181640625 0.470703125 0.18359375 0.47265625 0.181640625 0.474609375 0.181640625 0.4765625 0.18359375 0.478515625 0.181640625 0.482421875 0.185546875 0.48046875 0.18359375 0.48046875 0.181640625 0.478515625 0.1796875 0.48046875 0.177734375
0 0.001953125 0.15625 0.00390625 0.158203125 0.001953125 0.16015625 0.0 0.16015625 0.001953125 0.162109375 0.0 0.1640625 0.001953125 0.166015625 0.001953125 0.16796875 0.0 0.169921875 0.001953125 0.16796875 0.00390625 0.169921875 0.0078125 0.166015625 0.005859375 0.1640625 0.0078125 0.162109375 0.009765625 0.162109375 0.0078125 0.162109375 0.005859375 0.16015625 0.0078125 0.158203125 0.009765625 0.158203125 0.009765625 0.15625 0.005859375 0.16015625
0 0.419921875 0.033203125 0.41796875 0.03515625 0.416015625 0.03515625 0.41796875 0.03515625 0.419921875 0.037109375 0.419921875 0.041015625 0.423828125 0.041015625 0.423828125 0.0390625 0.421875 0.037109375 0.423828125 0.03515625 0.421875 0.033203125
1 0.369140625 0.25 0.3671875 0.251953125 0.365234375 0.251953125 0.3671875 0.25390625 0.365234375 0.255859375 0.3671875 0.2578125 0.3671875 0.255859375 0.369140625 0.25390625 0.37109375 0.255859375 0.37109375 0.2578125 0.37109375 0.255859375 0.373046875 0.25390625
1 0.052734375 0.2265625 0.05078125 0.228515625 0.048828125 0.228515625 0.046875 0.23046875 0.048828125 0.232421875 0.046875 0.23046875 0.048828125 0.228515625 0.05078125 0.228515625 0.0546875 0.232421875 0.056640625 0.23046875 0.05859375 0.232421875 0.060546875 0.23046875 0.05859375 0.232421875 0.056640625 0.23046875 0.056640625 0.2265625
1 0.474609375 0.177734375 0.47265625 0.1796875 0.47265625 0.181640625 0.470703125 0.18359375 0.47265625 0.181640625 0.474609375 0.181640625 0.4765625 0.18359375 0.478515625 0.181640625 0.482421875 0.185546875 0.48046875 0.18359375 0.48046875 0.181640625 0.478515625 0.1796875 0.48046875 0.177734375
1 0.001953125 0.15625 0.00390625 0.158203125 0.001953125 0.16015625 0.0 0.16015625 0.001953125 0.162109375 0.0 0.1640625 0.001953125 0.166015625 0.001953125 0.16796875 0.0 0.169921875 0.001953125 0.16796875 0.00390625 0.169921875 0.0078125 0.166015625 0.005859375 0.1640625 0.0078125 0.162109375 0.009765625 0.162109375 0.0078125 0.162109375 0.005859375 0.16015625 0.0078125 0.158203125 0.009765625 0.158203125 0.009765625 0.15625 0.005859375 0.16015625
1 0.419921875 0.033203125 0.41796875 0.03515625 0.416015625 0.03515625 0.41796875 0.03515625 0.419921875 0.037109375 0.419921875 0.041015625 0.423828125 0.041015625 0.423828125 0.0390625 0.421875 0.037109375 0.423828125 0.03515625 0.421875 0.033203125
