0 0.08984375 0.626953125 0.0859375 0.630859375 0.083984375 0.62890625 0.08203125 0.630859375 0.083984375 0.62890625 0.087890625 0.6328125 0.087890625 0.634765625 0.08984375 0.634765625 0.091796875 0.63671875 0.091796875 0.630859375 0.08984375 0.630859375 0.087890625 0.62890625
0 0.056640625 0.36328125 0.052734375 0.3671875 0.052734375 0.369140625 0.05078125 0.37109375 0.052734375 0.369140625 0.0546875 0.37109375 0.056640625 0.369140625 0.05859375 0.369140625 0.05859375 0.365234375
0 0.048828125 0.296875 0.046875 0.298828125 0.052734375 0.3046875 0.056640625 0.30078125 0.056640625 0.298828125 0.0546875 0.296875 0.052734375 0.298828125 0.05078125 0.298828125
0 0.33203125 0.251953125 0.330078125 0.25390625 0.330078125 0.255859375 0.328125 0.2578125 0.33203125 0.26171875 0.33984375 0.26171875 0.341796875 0.263671875 0.337890625 0.259765625 0.337890625 0.2578125 0.333984375 0.2578125 0.330078125 0.25390625 0.33203125 0.251953125 0.333984375 0.251953125 0.3359375 0.25390625 0.337890625 0.251953125 0.33984375 0.25390625 0.33984375 0.251953125 0.337890625 0.251953125 0.3359375 0.25390625 0.333984375 0.251953125
0 0.03515625 0.173828125 0.037109375 0.17578125 0.037109375 0.177734375 0.041015625 0.181640625 0.04296875 0.1796875 0.04296875 0.17578125 0.041015625 0.17578125 0.0390625 0.173828125 0.037109375 0.17578125
1 0.08984375 0.626953125 0.0859375 0.630859375 0.083984375 0.62890625 0.08203125 0.630859375 0.083984375 0.62890625 0.087890625 0.6328125 0.087890625 0.634765625 0.08984375 0.634765625 0.091796875 0.63671875 0.091796875 0.630859375 0.08984375 0.630859375 0.087890625 0.62890625
1 0.056640625 0.36328125 0.052734375 0.3671875 0.052734375 0.369140625 0.05078125 0.37109375 0.052734375 0.369140625 0.0546875 0.37109375 0.056640625 0.369140625 0.05859375 0.369140625 0.05859375 0.365234375
1 0.048828125 0.296875 0.046875 0.298828125 0.052734375 0.3046875 0.056640625 0.30078125 0.056640625 0.298828125 0.0546875 0.296875 0.052734375 0.298828125 0.05078125 0.298828125
1 0.33203125 0.251953125 0.330078125 0.25390625 0.330078125 0.255859375 0.328125 0.2578125 0.33203125 0.26171875 0.33984375 0.26171875 0.341796875 0.263671875 0.337890625 0.259765625 0.337890625 0.2578125 0.333984375 0.2578125 0.330078125 0.25390625 0.33203125 0.251953125 0.333984375 0.251953125 0.3359375 0.25390625 0.337890625 0.251953125 0.33984375 0.25390625 0.33984375 0.251953125 0.337890625 0.251953125 0.3359375 0.25390625 0.333984375 0.251953125
1 0.03515625 0.173828125 0.037109375 0.17578125 0.037109375 0.177734375 0.041015625 0.181640625 0.04296875 0.1796875 0.04296875 0.17578125 0.041015625 0.17578125 0.0390625 0.173828125 0.037109375 0.17578125
