0 0.962890625 0.359375 0.9609375 0.361328125 0.962890625 0.36328125 0.958984375 0.3671875 0.95703125 0.365234375 0.953125 0.369140625 0.955078125 0.37109375 0.95703125 0.369140625 0.958984375 0.37109375 0.958984375 0.369140625 0.9609375 0.3671875 0.9609375 0.365234375 0.962890625 0.36328125 0.9609375 0.361328125
0 0.072265625 0.11328125 0.068359375 0.1171875 0.068359375 0.119140625 0.06640625 0.12109375 0.068359375 0.119140625 0.0703125 0.12109375 0.072265625 0.119140625 0.07421875 0.119140625 0.07421875 0.115234375
0 0.6484375 0.046875 0.646484375 0.048828125 0.64453125 0.048828125 0.646484375 0.048828125 0.6484375 0.05078125 0.6484375 0.052734375 0.646484375 0.0546875 0.64453125 0.052734375 0.642578125 0.052734375 0.64453125 0.052734375 0.646484375 0.0546875 0.64453125 0.056640625 0.642578125 0.056640625 0.642578125 0.060546875 0.64453125 0.0625 0.64453125 0.064453125 0.646484375 0.064453125 0.65234375 0.05859375 0.654296875 0.060546875 0.65234375 0.05859375 0.650390625 0.05859375 0.650390625 0.060546875 0.6484375 0.0625 0.64453125 0.05859375 0.64453125 0.056640625 0.6484375 0.052734375 0.6484375 0.05078125 0.646484375 0.048828125
0 0.27734375 0.033203125 0.275390625 0.03515625 0.2734375 0.03515625 0.275390625 0.03515625 0.27734375 0.037109375 0.27734375 0.0390625 0.271484375 0.044921875 0.275390625 0.041015625 0.279296875 0.041015625 0.28125 0.04296875 0.283203125 0.041015625 0.283203125 0.037109375 0.27734375 0.037109375 0.275390625 0.03515625
0 0.029296875 0.03125 0.02734375 0.033203125 0.025390625 0.033203125 0.029296875 0.037109375 0.029296875 0.0390625 0.02734375 0.041015625 0.03125 0.037109375 0.037109375 0.037109375 0.033203125 0.037109375 0.03125 0.03515625 0.033203125 0.033203125 0.03125 0.033203125
0 0.8046875 0.021484375 0.806640625 0.021484375 0.80859375 0.0234375 0.806640625 0.025390625 0.8046875 0.025390625 0.806640625 0.025390625 0.80859375 0.02734375 0.80859375 0.029296875 0.810546875 0.029296875 0.8125 0.02734375 0.8125 0.0234375 0.810546875 0.025390625 0.80859375 0.0234375 0.80859375 0.021484375
1 0.962890625 0.359375 0.9609375 0.361328125 0.962890625 0.36328125 0.958984375 0.3671875 0.95703125 0.365234375 0.953125 0.369140625 0.955078125 0.37109375 0.95703125 0.369140625 0.958984375 0.37109375 0.958984375 0.369140625 0.9609375 0.3671875 0.9609375 0.365234375 0.962890625 0.36328125 0.9609375 0.361328125
1 0.072265625 0.11328125 0.068359375 0.1171875 0.068359375 0.119140625 0.06640625 0.12109375 0.068359375 0.119140625 0.0703125 0.12109375 0.072265625 0.119140625 0.07421875 0.119140625 0.07421875 0.115234375
1 0.6484375 0.046875 0.646484375 0.048828125 0.64453125 0.048828125 0.646484375 0.048828125 0.6484375 0.05078125 0.6484375 0.052734375 0.646484375 0.0546875 0.64453125 0.052734375 0.642578125 0.052734375 0.64453125 0.052734375 0.646484375 0.0546875 0.64453125 0.056640625 0.642578125 0.056640625 0.642578125 0.060546875 0.64453125 0.0625 0.64453125 0.064453125 0.646484375 0.064453125 0.65234375 0.05859375 0.654296875 0.060546875 0.65234375 0.05859375 0.650390625 0.05859375 0.650390625 0.060546875 0.6484375 0.0625 0.64453125 0.05859375 0.64453125 0.056640625 0.6484375 0.052734375 0.6484375 0.05078125 0.646484375 0.048828125
1 0.27734375 0.033203125 0.275390625 0.03515625 0.2734375 0.03515625 0.275390625 0.03515625 0.27734375 0.037109375 0.27734375 0.0390625 0.271484375 0.044921875 0.275390625 0.041015625 0.279296875 0.041015625 0.28125 0.04296875 0.283203125 0.041015625 0.283203125 0.037109375 0.27734375 0.037109375 0.275390625 0.03515625
1 0.029296875 0.03125 0.02734375 0.033203125 0.025390625 0.033203125 0.029296875 0.037109375 0.029296875 0.0390625 0.02734375 0.041015625 0.03125 0.037109375 0.037109375 0.037109375 0.033203125 0.037109375 0.03125 0.03515625 0.033203125 0.033203125 0.03125 0.033203125
1 0.8046875 0.021484375 0.806640625 0.021484375 0.80859375 0.0234375 0.806640625 0.025390625 0.8046875 0.025390625 0.806640625 0.025390625 0.80859375 0.02734375 0.80859375 0.029296875 0.810546875 0.029296875 0.8125 0.02734375 0.8125 0.0234375 0.810546875 0.025390625 0.80859375 0.0234375 0.80859375 0.021484375
