0 0.12890625 0.46484375 0.12890625 0.466796875 0.126953125 0.46875 0.126953125 0.47265625 0.12890625 0.47265625 0.130859375 0.474609375 0.12890625 0.4765625 0.126953125 0.4765625 0.12890625 0.4765625 0.130859375 0.474609375 0.1328125 0.4765625 0.1328125 0.478515625 0.130859375 0.48046875 0.12890625 0.48046875 0.130859375 0.48046875 0.1328125 0.482421875 0.130859375 0.48046875 0.1328125 0.478515625 0.1328125 0.4765625 0.12890625 0.47265625 0.12890625 0.470703125 0.1328125 0.466796875 0.134765625 0.46875 0.134765625 0.470703125 0.13671875 0.470703125 0.138671875 0.46875 0.13671875 0.470703125 0.130859375 0.46484375
0 0.232421875 0.353515625 0.228515625 0.357421875 0.2265625 0.357421875 0.224609375 0.359375 0.22265625 0.357421875 0.228515625 0.36328125 0.2265625 0.365234375 0.22265625 0.365234375 0.220703125 0.36328125 0.220703125 0.361328125 0.220703125 0.36328125 0.21875 0.365234375 0.21875 0.3671875 0.21875 0.365234375 0.220703125 0.36328125 0.22265625 0.365234375 0.2265625 0.365234375 0.23046875 0.361328125 0.232421875 0.361328125 0.232421875 0.359375 0.23046875 0.357421875 0.23046875 0.35546875
0 0.140625 0.109375 0.138671875 0.111328125 0.140625 0.11328125 0.140625 0.115234375 0.142578125 0.1171875 0.140625 0.119140625 0.138671875 0.119140625 0.13671875 0.12109375 0.1328125 0.12109375 0.13671875 0.12109375 0.140625 0.125 0.140625 0.126953125 0.14453125 0.123046875 0.146484375 0.125 0.146484375 0.126953125 0.14453125 0.12890625 0.146484375 0.126953125 0.146484375 0.125 0.14453125 0.123046875 0.146484375 0.12109375 0.14453125 0.123046875 0.140625 0.119140625 0.142578125 0.1171875 0.14453125 0.1171875 0.142578125 0.1171875 0.140625 0.115234375 0.140625 0.11328125 0.142578125 0.111328125
0 0.6640625 0.0703125 0.66015625 0.07421875 0.65625 0.07421875 0.66015625 0.078125 0.66015625 0.080078125 0.662109375 0.080078125 0.6640625 0.078125 0.662109375 0.076171875 0.662109375 0.072265625
0 0.265625 0.0546875 0.267578125 0.056640625 0.267578125 0.05859375 0.265625 0.060546875 0.265625 0.0625 0.267578125 0.0625 0.26953125 0.064453125 0.2734375 0.060546875 0.271484375 0.0625 0.26953125 0.060546875 0.26953125 0.056640625 0.267578125 0.056640625
1 0.12890625 0.46484375 0.12890625 0.466796875 0.126953125 0.46875 0.126953125 0.47265625 0.12890625 0.47265625 0.130859375 0.474609375 0.12890625 0.4765625 0.126953125 0.4765625 0.12890625 0.4765625 0.130859375 0.474609375 0.1328125 0.4765625 0.1328125 0.478515625 0.130859375 0.48046875 0.12890625 0.48046875 0.130859375 0.48046875 0.1328125 0.482421875 0.130859375 0.48046875 0.1328125 0.478515625 0.1328125 0.4765625 0.12890625 0.47265625 0.12890625 0.470703125 0.1328125 0.466796875 0.134765625 0.46875 0.134765625 0.470703125 0.13671875 0.470703125 0.138671875 0.46875 0.13671875 0.470703125 0.130859375 0.46484375
1 0.232421875 0.353515625 0.228515625 0.357421875 0.2265625 0.357421875 0.224609375 0.359375 0.22265625 0.357421875 0.228515625 0.36328125 0.2265625 0.365234375 0.22265625 0.365234375 0.220703125 0.36328125 0.220703125 0.361328125 0.220703125 0.36328125 0.21875 0.365234375 0.21875 0.3671875 0.21875 0.365234375 0.220703125 0.36328125 0.22265625 0.365234375 0.2265625 0.365234375 0.23046875 0.361328125 0.232421875 0.361328125 0.232421875 0.359375 0.23046875 0.357421875 0.23046875 0.35546875
1 0.140625 0.109375 0.138671875 0.111328125 0.140625 0.11328125 0.140625 0.115234375 0.142578125 0.1171875 0.140625 0.119140625 0.138671875 0.119140625 0.13671875 0.12109375 0.1328125 0.12109375 0.13671875 0.12109375 0.140625 0.125 0.140625 0.126953125 0.14453125 0.123046875 0.146484375 0.125 0.146484375 0.126953125 0.14453125 0.12890625 0.146484375 0.126953125 0.146484375 0.125 0.14453125 0.123046875 0.146484375 0.12109375 0.14453125 0.123046875 0.140625 0.119140625 0.142578125 0.1171875 0.14453125 0.1171875 0.142578125 0.1171875 0.140625 0.115234375 0.140625 0.11328125 0.142578125 0.111328125
1 0.6640625 0.0703125 0.66015625 0.07421875 0.65625 0.07421875 0.66015625 0.078125 0.66015625 0.080078125 0.662109375 0.080078125 0.6640625 0.078125 0.662109375 0.076171875 0.662109375 0.072265625
1 0.265625 0.0546875 0.267578125 0.056640625 0.267578125 0.05859375 0.265625 0.060546875 0.265625 0.0625 0.267578125 0.0625 0.26953125 0.064453125 0.2734375 0.060546875 0.271484375 0.0625 0.26953125 0.060546875 0.26953125 0.056640625 0.267578125 0.056640625
