0 0.8828125 0.2265625 0.884765625 0.2265625 0.88671875 0.228515625 0.884765625 0.23046875 0.88671875 0.232421875 0.88671875 0.234375 0.888671875 0.236328125 0.890625 0.236328125 0.892578125 0.234375 0.890625 0.232421875 0.892578125 0.23046875 0.896484375 0.23046875 0.892578125 0.23046875 0.890625 0.228515625 0.888671875 0.23046875 0.884765625 0.2265625
0 0.81640625 0.134765625 0.814453125 0.13671875 0.81640625 0.134765625 0.818359375 0.13671875 0.818359375 0.140625 0.8203125 0.142578125 0.822265625 0.142578125 0.822265625 0.13671875 0.82421875 0.134765625 0.826171875 0.13671875 0.82421875 0.134765625 0.822265625 0.134765625 0.8203125 0.13671875 0.818359375 0.13671875
0 0.154296875 0.048828125 0.15234375 0.05078125 0.150390625 0.05078125 0.15234375 0.05078125 0.154296875 0.052734375 0.154296875 0.056640625 0.15625 0.056640625 0.158203125 0.0546875 0.158203125 0.052734375
0 0.21875 0.046875 0.22265625 0.05078125 0.22265625 0.052734375 0.2265625 0.052734375 0.23046875 0.056640625 0.228515625 0.05859375 0.2265625 0.05859375 0.224609375 0.056640625 0.22265625 0.05859375 0.220703125 0.056640625 0.220703125 0.05859375 0.22265625 0.05859375 0.224609375 0.056640625 0.2265625 0.05859375 0.228515625 0.05859375 0.23046875 0.056640625 0.23046875 0.0546875 0.232421875 0.052734375 0.228515625 0.048828125 0.220703125 0.048828125
0 0.9296875 0.021484375 0.923828125 0.02734375 0.92578125 0.029296875 0.927734375 0.02734375 0.9296875 0.02734375 0.931640625 0.029296875 0.931640625 0.02734375 0.93359375 0.025390625 0.935546875 0.025390625 0.93359375 0.025390625
1 0.8828125 0.2265625 0.884765625 0.2265625 0.88671875 0.228515625 0.884765625 0.23046875 0.88671875 0.232421875 0.88671875 0.234375 0.888671875 0.236328125 0.890625 0.236328125 0.892578125 0.234375 0.890625 0.232421875 0.892578125 0.23046875 0.896484375 0.23046875 0.892578125 0.23046875 0.890625 0.228515625 0.888671875 0.23046875 0.884765625 0.2265625
1 0.81640625 0.134765625 0.814453125 0.13671875 0.81640625 0.134765625 0.818359375 0.13671875 0.818359375 0.140625 0.8203125 0.142578125 0.822265625 0.142578125 0.822265625 0.13671875 0.82421875 0.134765625 0.826171875 0.13671875 0.82421875 0.134765625 0.822265625 0.134765625 0.8203125 0.13671875 0.818359375 0.13671875
1 0.154296875 0.048828125 0.15234375 0.05078125 0.150390625 0.05078125 0.15234375 0.05078125 0.154296875 0.052734375 0.154296875 0.056640625 0.15625 0.056640625 0.158203125 0.0546875 0.158203125 0.052734375
1 0.21875 0.046875 0.22265625 0.05078125 0.22265625 0.052734375 0.2265625 0.052734375 0.23046875 0.056640625 0.228515625 0.05859375 0.2265625 0.05859375 0.224609375 0.056640625 0.22265625 0.05859375 0.220703125 0.056640625 0.220703125 0.05859375 0.22265625 0.05859375 0.224609375 0.056640625 0.2265625 0.05859375 0.228515625 0.05859375 0.23046875 0.056640625 0.23046875 0.0546875 0.232421875 0.052734375 0.228515625 0.048828125 0.220703125 0.048828125
1 0.9296875 0.021484375 0.923828125 0.02734375 0.92578125 0.029296875 0.927734375 0.02734375 0.9296875 0.02734375 0.931640625 0.029296875 0.931640625 0.02734375 0.93359375 0.025390625 0.935546875 0.025390625 0.93359375 0.025390625
