0 0.380859375 0.98828125 0.37890625 0.990234375 0.380859375 0.9921875 0.37890625 0.994140625 0.380859375 0.994140625 0.3828125 0.9921875 0.384765625 0.9921875 0.384765625 0.990234375 0.38671875 0.98828125
0 0.04296875 0.25 0.044921875 0.251953125 0.04296875 0.25390625 0.044921875 0.255859375 0.04296875 0.2578125 0.044921875 0.259765625 0.046875 0.259765625 0.044921875 0.259765625 0.04296875 0.2578125 0.044921875 0.255859375 0.048828125 0.255859375 0.048828125 0.25390625 0.05078125 0.251953125 0.044921875 0.251953125
0 0.029296875 0.07421875 0.02734375 0.076171875 0.02734375 0.078125 0.029296875 0.080078125 0.03125 0.078125 0.033203125 0.080078125 0.033203125 0.08203125 0.03125 0.083984375 0.029296875 0.083984375 0.033203125 0.083984375 0.033203125 0.080078125 0.03515625 0.078125 0.03515625 0.076171875 0.037109375 0.07421875 0.0390625 0.07421875
0 0.875 0.0 0.875 0.00390625 0.876953125 0.00390625 0.87890625 0.005859375 0.880859375 0.00390625 0.87890625 0.001953125 0.87890625 0.0
0 0.576171875 0.0 0.576171875 0.005859375 0.578125 0.005859375 0.580078125 0.00390625 0.580078125 0.0
1 0.380859375 0.98828125 0.37890625 0.990234375 0.380859375 0.9921875 0.37890625 0.994140625 0.380859375 0.994140625 0.3828125 0.9921875 0.384765625 0.9921875 0.384765625 0.990234375 0.38671875 0.98828125
1 0.04296875 0.25 0.044921875 0.251953125 0.04296875 0.25390625 0.044921875 0.255859375 0.04296875 0.2578125 0.044921875 0.259765625 0.046875 0.259765625 0.044921875 0.259765625 0.04296875 0.2578125 0.044921875 0.255859375 0.048828125 0.255859375 0.048828125 0.25390625 0.05078125 0.251953125 0.044921875 0.251953125
1 0.029296875 0.07421875 0.02734375 0.076171875 0.02734375 0.078125 0.029296875 0.080078125 0.03125 0.078125 0.033203125 0.080078125 0.033203125 0.08203125 0.03125 0.083984375 0.029296875 0.083984375 0.033203125 0.083984375 0.033203125 0.080078125 0.03515625 0.078125 0.03515625 0.076171875 0.037109375 0.07421875 0.0390625 0.07421875
1 0.875 0.0 0.875 0.00390625 0.876953125 0.00390625 0.87890625 0.005859375 0.880859375 0.00390625 0.87890625 0.001953125 0.87890625 0.0
1 0.576171875 0.0 0.576171875 0.005859375 0.578125 0.005859375 0.580078125 0.00390625 0.580078125 0.0
