0 0.951171875 0.484375 0.94921875 0.486328125 0.947265625 0.486328125 0.9453125 0.48828125 0.943359375 0.486328125 0.947265625 0.490234375 0.943359375 0.494140625 0.94140625 0.4921875 0.939453125 0.494140625 0.939453125 0.49609375 0.939453125 0.494140625 0.94140625 0.4921875 0.943359375 0.494140625 0.947265625 0.490234375 0.94921875 0.4921875 0.951171875 0.490234375 0.951171875 0.48828125 0.94921875 0.486328125
0 0.96875 0.375 0.970703125 0.376953125 0.96875 0.37890625 0.96875 0.380859375 0.970703125 0.3828125 0.97265625 0.380859375 0.9765625 0.384765625 0.978515625 0.3828125 0.98046875 0.384765625 0.98046875 0.38671875 0.98046875 0.384765625 0.978515625 0.3828125 0.9765625 0.384765625 0.97265625 0.380859375 0.9765625 0.376953125 0.974609375 0.37890625 0.97265625 0.376953125 0.970703125 0.376953125
0 0.5859375 0.21875 0.58203125 0.22265625 0.580078125 0.220703125 0.583984375 0.224609375 0.5859375 0.224609375 0.587890625 0.2265625 0.5859375 0.228515625 0.583984375 0.228515625 0.58203125 0.23046875 0.580078125 0.228515625 0.583984375 0.232421875 0.58203125 0.23046875 0.583984375 0.228515625 0.5859375 0.228515625 0.58984375 0.224609375 0.587890625 0.22265625 0.587890625 0.21875
0 0.677734375 0.162109375 0.6796875 0.162109375 0.681640625 0.1640625 0.677734375 0.16796875 0.677734375 0.171875 0.6796875 0.173828125 0.681640625 0.173828125 0.681640625 0.171875 0.68359375 0.169921875 0.6796875 0.166015625 0.681640625 0.1640625 0.6796875 0.162109375
0 0.505859375 0.111328125 0.50390625 0.11328125 0.501953125 0.11328125 0.501953125 0.1171875 0.50390625 0.119140625 0.5078125 0.115234375 0.5078125 0.11328125 0.509765625 0.111328125 0.5078125 0.11328125
1 0.951171875 0.484375 0.94921875 0.486328125 0.947265625 0.486328125 0.9453125 0.48828125 0.943359375 0.486328125 0.947265625 0.490234375 0.943359375 0.494140625 0.94140625 0.4921875 0.939453125 0.494140625 0.939453125 0.49609375 0.939453125 0.494140625 0.94140625 0.4921875 0.943359375 0.494140625 0.947265625 0.490234375 0.94921875 0.4921875 0.951171875 0.490234375 0.951171875 0.48828125 0.94921875 0.486328125
1 0.96875 0.375 0.970703125 0.376953125 0.96875 0.37890625 0.96875 0.380859375 0.970703125 0.3828125 0.97265625 0.380859375 0.9765625 0.384765625 0.978515625 0.3828125 0.98046875 0.384765625 0.98046875 0.38671875 0.98046875 0.384765625 0.978515625 0.3828125 0.9765625 0.384765625 0.97265625 0.380859375 0.9765625 0.376953125 0.974609375 0.37890625 0.97265625 0.376953125 0.970703125 0.376953125
1 0.5859375 0.21875 0.58203125 0.22265625 0.580078125 0.220703125 0.583984375 0.224609375 0.5859375 0.224609375 0.587890625 0.2265625 0.5859375 0.228515625 0.583984375 0.228515625 0.58203125 0.23046875 0.580078125 0.228515625 0.583984375 0.232421875 0.58203125 0.23046875 0.583984375 0.228515625 0.5859375 0.228515625 0.58984375 0.224609375 0.587890625 0.22265625 0.587890625 0.21875
1 0.677734375 0.162109375 0.6796875 0.162109375 0.681640625 0.1640625 0.677734375 0.16796875 0.677734375 0.171875 0.6796875 0.173828125 0.681640625 0.173828125 0.681640625 0.171875 0.68359375 0.169921875 0.6796875 0.166015625 0.681640625 0.1640625 0.6796875 0.162109375
1 0.505859375 0.111328125 0.50390625 0.11328125 0.501953125 0.11328125 0.501953125 0.1171875 0.50390625 0.119140625 0.5078125 0.115234375 0.5078125 0.11328125 0.509765625 0.111328125 0.5078125 0.11328125
