0 0.578125 0.359375 0.580078125 0.361328125 0.580078125 0.36328125 0.578125 0.365234375 0.578125 0.369140625 0.580078125 0.3671875 0.58203125 0.369140625 0.583984375 0.369140625 0.5859375 0.37109375 0.587890625 0.37109375 0.587890625 0.369140625 0.5859375 0.3671875 0.583984375 0.3671875 0.58203125 0.365234375 0.58203125 0.36328125 0.583984375 0.361328125 0.5859375 0.36328125 0.583984375 0.361328125 0.58203125 0.36328125
0 0.548828125 0.171875 0.546875 0.173828125 0.548828125 0.17578125 0.548828125 0.177734375 0.55078125 0.17578125 0.552734375 0.17578125 0.556640625 0.1796875 0.5546875 0.181640625 0.556640625 0.18359375 0.5546875 0.181640625 0.556640625 0.1796875 0.5546875 0.177734375 0.556640625 0.17578125 0.556640625 0.173828125 0.55859375 0.171875 0.560546875 0.173828125 0.55859375 0.171875 0.556640625 0.173828125 0.5546875 0.171875
0 0.419921875 0.0859375 0.41796875 0.087890625 0.416015625 0.087890625 0.416015625 0.09375 0.41796875 0.095703125 0.41796875 0.099609375 0.419921875 0.099609375 0.41796875 0.09765625 0.41796875 0.095703125 0.419921875 0.09375 0.419921875 0.091796875 0.41796875 0.08984375 0.41796875 0.087890625
0 0.244140625 0.033203125 0.24609375 0.03515625 0.244140625 0.037109375 0.2421875 0.037109375 0.240234375 0.03515625 0.23828125 0.03515625 0.240234375 0.03515625 0.2421875 0.037109375 0.244140625 0.037109375 0.248046875 0.041015625 0.24609375 0.04296875 0.25 0.0390625 0.25 0.037109375 0.251953125 0.03515625 0.24609375 0.03515625
0 0.783203125 0.021484375 0.783203125 0.0234375 0.78125 0.025390625 0.78515625 0.029296875 0.787109375 0.02734375 0.7890625 0.02734375 0.787109375 0.025390625 0.7890625 0.0234375 0.787109375 0.021484375 0.787109375 0.0234375 0.78515625 0.025390625 0.783203125 0.0234375
1 0.578125 0.359375 0.580078125 0.361328125 0.580078125 0.36328125 0.578125 0.365234375 0.578125 0.369140625 0.580078125 0.3671875 0.58203125 0.369140625 0.583984375 0.369140625 0.5859375 0.37109375 0.587890625 0.37109375 0.587890625 0.369140625 0.5859375 0.3671875 0.583984375 0.3671875 0.58203125 0.365234375 0.58203125 0.36328125 0.583984375 0.361328125 0.5859375 0.36328125 0.583984375 0.361328125 0.58203125 0.36328125
1 0.548828125 0.171875 0.546875 0.173828125 0.548828125 0.17578125 0.548828125 0.177734375 0.55078125 0.17578125 0.552734375 0.17578125 0.556640625 0.1796875 0.5546875 0.181640625 0.556640625 0.18359375 0.5546875 0.181640625 0.556640625 0.1796875 0.5546875 0.177734375 0.556640625 0.17578125 0.556640625 0.173828125 0.55859375 0.171875 0.560546875 0.173828125 0.55859375 0.171875 0.556640625 0.173828125 0.5546875 0.171875
1 0.419921875 0.0859375 0.41796875 0.087890625 0.416015625 0.087890625 0.416015625 0.09375 0.41796875 0.095703125 0.41796875 0.099609375 0.419921875 0.099609375 0.41796875 0.09765625 0.41796875 0.095703125 0.419921875 0.09375 0.419921875 0.091796875 0.41796875 0.08984375 0.41796875 0.087890625
1 0.244140625 0.033203125 0.24609375 0.03515625 0.244140625 0.037109375 0.2421875 0.037109375 0.240234375 0.03515625 0.23828125 0.03515625 0.240234375 0.03515625 0.2421875 0.037109375 0.244140625 0.037109375 0.248046875 0.041015625 0.24609375 0.04296875 0.25 0.0390625 0.25 0.037109375 0.251953125 0.03515625 0.24609375 0.03515625
1 0.783203125 0.021484375 0.783203125 0.0234375 0.78125 0.025390625 0.78515625 0.029296875 0.787109375 0.02734375 0.7890625 0.02734375 0.787109375 0.025390625 0.7890625 0.0234375 0.787109375 0.021484375 0.787109375 0.0234375 0.78515625 0.025390625 0.783203125 0.0234375
