0 0.826171875 0.359375 0.82421875 0.361328125 0.826171875 0.36328125 0.826171875 0.365234375 0.82421875 0.3671875 0.822265625 0.3671875 0.82421875 0.3671875 0.826171875 0.369140625 0.822265625 0.373046875 0.8203125 0.37109375 0.822265625 0.373046875 0.822265625 0.375 0.8203125 0.376953125 0.822265625 0.375 0.826171875 0.37890625 0.82421875 0.380859375 0.822265625 0.380859375 0.82421875 0.380859375 0.826171875 0.3828125 0.826171875 0.384765625 0.82421875 0.38671875 0.828125 0.390625 0.826171875 0.392578125 0.826171875 0.396484375 0.828125 0.3984375 0.826171875 0.400390625 0.828125 0.3984375 0.830078125 0.400390625 0.828125 0.3984375 0.828125 0.396484375 0.83203125 0.392578125 0.830078125 0.392578125 0.828125 0.390625 0.830078125 0.388671875 0.828125 0.390625 0.82421875 0.38671875 0.826171875 0.384765625 0.826171875 0.3828125 0.82421875 0.380859375 0.828125 0.376953125 0.83203125 0.380859375 0.833984375 0.380859375 0.83203125 0.380859375 0.830078125 0.37890625 0.83203125 0.376953125 0.830078125 0.375 0.830078125 0.373046875 0.826171875 0.369140625 0.828125 0.3671875 0.826171875 0.365234375 0.826171875 0.36328125 0.82421875 0.361328125
0 0.08984375 0.359375 0.08984375 0.36328125 0.091796875 0.365234375 0.095703125 0.361328125 0.099609375 0.361328125 0.095703125 0.361328125 0.09375 0.359375
0 0.263671875 0.3515625 0.26171875 0.353515625 0.26171875 0.357421875 0.265625 0.357421875 0.267578125 0.35546875 0.271484375 0.35546875 0.267578125 0.35546875
0 0.9921875 0.271484375 0.994140625 0.2734375 0.9921875 0.275390625 0.994140625 0.27734375 0.9921875 0.279296875 0.994140625 0.27734375 0.99609375 0.27734375 0.998046875 0.279296875 0.998046875 0.2734375 0.994140625 0.2734375
0 0.169921875 0.265625 0.16796875 0.267578125 0.166015625 0.267578125 0.169921875 0.271484375 0.169921875 0.2734375 0.16796875 0.275390625 0.171875 0.271484375 0.177734375 0.271484375 0.173828125 0.271484375 0.171875 0.26953125 0.173828125 0.267578125 0.171875 0.267578125
0 0.81640625 0.15625 0.814453125 0.158203125 0.814453125 0.162109375 0.81640625 0.1640625 0.814453125 0.162109375 0.81640625 0.16015625 0.818359375 0.16015625 0.8203125 0.162109375 0.8203125 0.16015625 0.818359375 0.158203125 0.8203125 0.15625
0 0.546875 0.1484375 0.548828125 0.150390625 0.548828125 0.15234375 0.544921875 0.15625 0.54296875 0.15625 0.546875 0.16015625 0.544921875 0.162109375 0.546875 0.1640625 0.546875 0.166015625 0.548828125 0.16796875 0.546875 0.169921875 0.548828125 0.16796875 0.546875 0.166015625 0.546875 0.1640625 0.548828125 0.162109375 0.55078125 0.162109375 0.548828125 0.162109375 0.546875 0.16015625 0.55078125 0.15625 0.552734375 0.158203125 0.55078125 0.15625 0.55078125 0.154296875 0.548828125 0.15234375 0.548828125 0.1484375
0 0.455078125 0.12890625 0.45703125 0.130859375 0.455078125 0.1328125 0.45703125 0.134765625 0.455078125 0.13671875 0.45703125 0.13671875 0.458984375 0.134765625 0.4609375 0.13671875 0.462890625 0.134765625 0.466796875 0.138671875 0.46484375 0.13671875 0.466796875 0.134765625 0.46484375 0.134765625 0.462890625 0.1328125 0.462890625 0.130859375 0.4609375 0.130859375 0.458984375 0.1328125
1 0.826171875 0.359375 0.82421875 0.361328125 0.826171875 0.36328125 0.826171875 0.365234375 0.82421875 0.3671875 0.822265625 0.3671875 0.82421875 0.3671875 0.826171875 0.369140625 0.822265625 0.373046875 0.8203125 0.37109375 0.822265625 0.373046875 0.822265625 0.375 0.8203125 0.376953125 0.822265625 0.375 0.826171875 0.37890625 0.82421875 0.380859375 0.822265625 0.380859375 0.82421875 0.380859375 0.826171875 0.3828125 0.826171875 0.384765625 0.82421875 0.38671875 0.828125 0.390625 0.826171875 0.392578125 0.826171875 0.396484375 0.828125 0.3984375 0.826171875 0.400390625 0.828125 0.3984375 0.830078125 0.400390625 0.828125 0.3984375 0.828125 0.396484375 0.83203125 0.392578125 0.830078125 0.392578125 0.828125 0.390625 0.830078125 0.388671875 0.828125 0.390625 0.82421875 0.38671875 0.826171875 0.384765625 0.826171875 0.3828125 0.82421875 0.380859375 0.828125 0.376953125 0.83203125 0.380859375 0.833984375 0.380859375 0.83203125 0.380859375 0.830078125 0.37890625 0.83203125 0.376953125 0.830078125 0.375 0.830078125 0.373046875 0.826171875 0.369140625 0.828125 0.3671875 0.826171875 0.365234375 0.826171875 0.36328125 0.82421875 0.361328125
1 0.08984375 0.359375 0.08984375 0.36328125 0.091796875 0.365234375 0.095703125 0.361328125 0.099609375 0.361328125 0.095703125 0.361328125 0.09375 0.359375
1 0.263671875 0.3515625 0.26171875 0.353515625 0.26171875 0.357421875 0.265625 0.357421875 0.267578125 0.35546875 0.271484375 0.35546875 0.267578125 0.35546875
1 0.9921875 0.271484375 0.994140625 0.2734375 0.9921875 0.275390625 0.994140625 0.27734375 0.9921875 0.279296875 0.994140625 0.27734375 0.99609375 0.27734375 0.998046875 0.279296875 0.998046875 0.2734375 0.994140625 0.2734375
1 0.169921875 0.265625 0.16796875 0.267578125 0.166015625 0.267578125 0.169921875 0.271484375 0.169921875 0.2734375 0.16796875 0.275390625 0.171875 0.271484375 0.177734375 0.271484375 0.173828125 0.271484375 0.171875 0.26953125 0.173828125 0.267578125 0.171875 0.267578125
1 0.81640625 0.15625 0.814453125 0.158203125 0.814453125 0.162109375 0.81640625 0.1640625 0.814453125 0.162109375 0.81640625 0.16015625 0.818359375 0.16015625 0.8203125 0.162109375 0.8203125 0.16015625 0.818359375 0.158203125 0.8203125 0.15625
1 0.546875 0.1484375 0.548828125 0.150390625 0.548828125 0.15234375 0.544921875 0.15625 0.54296875 0.15625 0.546875 0.16015625 0.544921875 0.162109375 0.546875 0.1640625 0.546875 0.166015625 0.548828125 0.16796875 0.546875 0.169921875 0.548828125 0.16796875 0.546875 0.166015625 0.546875 0.1640625 0.548828125 0.162109375 0.55078125 0.162109375 0.548828125 0.162109375 0.546875 0.16015625 0.55078125 0.15625 0.552734375 0.158203125 0.55078125 0.15625 0.55078125 0.154296875 0.548828125 0.15234375 0.548828125 0.1484375
1 0.455078125 0.12890625 0.45703125 0.130859375 0.455078125 0.1328125 0.45703125 0.134765625 0.455078125 0.13671875 0.45703125 0.13671875 0.458984375 0.134765625 0.4609375 0.13671875 0.462890625 0.134765625 0.466796875 0.138671875 0.46484375 0.13671875 0.466796875 0.134765625 0.46484375 0.134765625 0.462890625 0.1328125 0.462890625 0.130859375 0.4609375 0.130859375 0.458984375 0.1328125
