0 0.82421875 0.486328125 0.8203125 0.490234375 0.818359375 0.48828125 0.81640625 0.490234375 0.818359375 0.48828125 0.822265625 0.4921875 0.822265625 0.494140625 0.82421875 0.494140625 0.826171875 0.49609375 0.826171875 0.490234375 0.82421875 0.490234375 0.822265625 0.48828125
0 0.39453125 0.078125 0.392578125 0.080078125 0.390625 0.080078125 0.388671875 0.08203125 0.388671875 0.0859375 0.38671875 0.087890625 0.384765625 0.087890625 0.38671875 0.087890625 0.390625 0.091796875 0.392578125 0.08984375 0.388671875 0.0859375 0.390625 0.083984375 0.39453125 0.083984375 0.396484375 0.0859375 0.392578125 0.08203125 0.392578125 0.080078125 0.39453125 0.078125 0.396484375 0.080078125 0.3984375 0.078125 0.396484375 0.080078125
0 0.583984375 0.01953125 0.580078125 0.0234375 0.578125 0.021484375 0.5859375 0.029296875 0.583984375 0.02734375 0.587890625 0.0234375 0.58984375 0.025390625 0.58984375 0.02734375 0.591796875 0.02734375 0.58984375 0.025390625 0.591796875 0.0234375 0.58984375 0.025390625 0.587890625 0.0234375 0.587890625 0.021484375 0.587890625 0.0234375 0.5859375 0.025390625 0.583984375 0.0234375
0 0.83984375 0.0 0.841796875 0.001953125 0.83984375 0.00390625 0.837890625 0.00390625 0.8359375 0.005859375 0.8359375 0.0078125 0.837890625 0.009765625 0.83984375 0.009765625 0.841796875 0.01171875 0.83984375 0.013671875 0.841796875 0.01171875 0.83984375 0.009765625 0.841796875 0.0078125 0.841796875 0.005859375 0.83984375 0.00390625 0.841796875 0.001953125
0 0.5703125 0.0 0.56640625 0.00390625 0.5625 0.00390625 0.560546875 0.001953125 0.55859375 0.00390625 0.55859375 0.0078125 0.564453125 0.0078125 0.56640625 0.009765625 0.564453125 0.01171875 0.56640625 0.009765625 0.568359375 0.009765625 0.56640625 0.009765625 0.564453125 0.0078125 0.564453125 0.005859375
1 0.82421875 0.486328125 0.8203125 0.490234375 0.818359375 0.48828125 0.81640625 0.490234375 0.818359375 0.48828125 0.822265625 0.4921875 0.822265625 0.494140625 0.82421875 0.494140625 0.826171875 0.49609375 0.826171875 0.490234375 0.82421875 0.490234375 0.822265625 0.48828125
1 0.39453125 0.078125 0.392578125 0.080078125 0.390625 0.080078125 0.388671875 0.08203125 0.388671875 0.0859375 0.38671875 0.087890625 0.384765625 0.087890625 0.38671875 0.087890625 0.390625 0.091796875 0.392578125 0.08984375 0.388671875 0.0859375 0.390625 0.083984375 0.39453125 0.083984375 0.396484375 0.0859375 0.392578125 0.08203125 0.392578125 0.080078125 0.39453125 0.078125 0.396484375 0.080078125 0.3984375 0.078125 0.396484375 0.080078125
1 0.583984375 0.01953125 0.580078125 0.0234375 0.578125 0.021484375 0.5859375 0.029296875 0.583984375 0.02734375 0.587890625 0.0234375 0.58984375 0.025390625 0.58984375 0.02734375 0.591796875 0.02734375 0.58984375 0.025390625 0.591796875 0.0234375 0.58984375 0.025390625 0.587890625 0.0234375 0.587890625 0.021484375 0.587890625 0.0234375 0.5859375 0.025390625 0.583984375 0.0234375
1 0.83984375 0.0 0.841796875 0.001953125 0.83984375 0.00390625 0.837890625 0.00390625 0.8359375 0.005859375 0.8359375 0.0078125 0.837890625 0.009765625 0.83984375 0.009765625 0.841796875 0.01171875 0.83984375 0.013671875 0.841796875 0.01171875 0.83984375 0.009765625 0.841796875 0.0078125 0.841796875 0.005859375 0.83984375 0.00390625 0.841796875 0.001953125
1 0.5703125 0.0 0.56640625 0.00390625 0.5625 0.00390625 0.560546875 0.001953125 0.55859375 0.00390625 0.55859375 0.0078125 0.564453125 0.0078125 0.56640625 0.009765625 0.564453125 0.01171875 0.56640625 0.009765625 0.568359375 0.009765625 0.56640625 0.009765625 0.564453125 0.0078125 0.564453125 0.005859375
