0 0.01953125 0.708984375 0.017578125 0.7109375 0.01953125 0.712890625 0.01953125 0.71484375 0.017578125 0.716796875 0.0234375 0.716796875 0.025390625 0.71484375 0.025390625 0.712890625 0.02734375 0.7109375 0.025390625 0.712890625 0.0234375 0.712890625 0.021484375 0.7109375 0.0234375 0.708984375 0.021484375 0.7109375
0 0.0859375 0.578125 0.0859375 0.58203125 0.087890625 0.58203125 0.08984375 0.583984375 0.091796875 0.58203125 0.091796875 0.580078125 0.08984375 0.578125
0 0.19140625 0.46875 0.1875 0.47265625 0.189453125 0.474609375 0.189453125 0.4765625 0.189453125 0.474609375 0.19140625 0.47265625 0.193359375 0.474609375 0.193359375 0.4765625 0.1953125 0.474609375 0.193359375 0.47265625 0.1953125 0.470703125 0.193359375 0.470703125
0 0.3203125 0.09375 0.314453125 0.099609375 0.31640625 0.09765625 0.318359375 0.09765625 0.3203125 0.099609375 0.318359375 0.1015625 0.3203125 0.099609375 0.322265625 0.099609375 0.326171875 0.095703125 0.32421875 0.09765625 0.322265625 0.095703125 0.322265625 0.09375
0 0.4921875 0.03125 0.48828125 0.03515625 0.486328125 0.033203125 0.490234375 0.037109375 0.4921875 0.03515625 0.494140625 0.03515625 0.49609375 0.033203125 0.498046875 0.03515625 0.5 0.03515625 0.501953125 0.033203125 0.50390625 0.03515625 0.505859375 0.03515625 0.5078125 0.037109375 0.51171875 0.033203125 0.509765625 0.03515625 0.505859375 0.03125 0.5078125 0.033203125 0.505859375 0.03515625 0.50390625 0.03515625 0.5 0.03125 0.498046875 0.03125 0.494140625 0.03515625 0.4921875 0.03515625 0.490234375 0.033203125
1 0.01953125 0.708984375 0.017578125 0.7109375 0.01953125 0.712890625 0.01953125 0.71484375 0.017578125 0.716796875 0.0234375 0.716796875 0.025390625 0.71484375 0.025390625 0.712890625 0.02734375 0.7109375 0.025390625 0.712890625 0.0234375 0.712890625 0.021484375 0.7109375 0.0234375 0.708984375 0.021484375 0.7109375
1 0.0859375 0.578125 0.0859375 0.58203125 0.087890625 0.58203125 0.08984375 0.583984375 0.091796875 0.58203125 0.091796875 0.580078125 0.08984375 0.578125
1 0.19140625 0.46875 0.1875 0.47265625 0.189453125 0.474609375 0.189453125 0.4765625 0.189453125 0.474609375 0.19140625 0.47265625 0.193359375 0.474609375 0.193359375 0.4765625 0.1953125 0.474609375 0.193359375 0.47265625 0.1953125 0.470703125 0.193359375 0.470703125
1 0.3203125 0.09375 0.314453125 0.099609375 0.31640625 0.09765625 0.318359375 0.09765625 0.3203125 0.099609375 0.318359375 0.1015625 0.3203125 0.099609375 0.322265625 0.099609375 0.326171875 0.095703125 0.32421875 0.09765625 0.322265625 0.095703125 0.322265625 0.09375
1 0.4921875 0.03125 0.48828125 0.03515625 0.486328125 0.033203125 0.490234375 0.037109375 0.4921875 0.03515625 0.494140625 0.03515625 0.49609375 0.033203125 0.498046875 0.03515625 0.5 0.03515625 0.501953125 0.033203125 0.50390625 0.03515625 0.505859375 0.03515625 0.5078125 0.037109375 0.51171875 0.033203125 0.509765625 0.03515625 0.505859375 0.03125 0.5078125 0.033203125 0.505859375 0.03515625 0.50390625 0.03515625 0.5 0.03125 0.498046875 0.03125 0.494140625 0.03515625 0.4921875 0.03515625 0.490234375 0.033203125
