0 0.17578125 0.5390625 0.171875 0.54296875 0.169921875 0.541015625 0.16796875 0.54296875 0.1640625 0.54296875 0.16796875 0.54296875 0.171875 0.546875 0.171875 0.548828125 0.173828125 0.546875 0.173828125 0.544921875 0.17578125 0.54296875 0.173828125 0.541015625 0.17578125 0.5390625 0.177734375 0.5390625
0 0.0078125 0.40625 0.005859375 0.408203125 0.00390625 0.408203125 0.005859375 0.408203125 0.0078125 0.41015625 0.0078125 0.412109375 0.005859375 0.4140625 0.00390625 0.412109375 0.001953125 0.412109375 0.00390625 0.412109375 0.005859375 0.4140625 0.00390625 0.416015625 0.001953125 0.416015625 0.001953125 0.42578125 0.00390625 0.42578125 0.005859375 0.427734375 0.00390625 0.4296875 0.001953125 0.4296875 0.00390625 0.4296875 0.005859375 0.427734375 0.0078125 0.4296875 0.0078125 0.431640625 0.005859375 0.43359375 0.00390625 0.43359375 0.005859375 0.43359375 0.0078125 0.435546875 0.005859375 0.43359375 0.0078125 0.431640625 0.0078125 0.4296875 0.00390625 0.42578125 0.00390625 0.423828125 0.005859375 0.421875 0.005859375 0.419921875 0.00390625 0.41796875 0.00390625 0.416015625 0.0078125 0.412109375 0.0078125 0.41015625 0.005859375 0.408203125
0 0.228515625 0.189453125 0.2265625 0.19140625 0.224609375 0.19140625 0.224609375 0.193359375 0.2265625 0.1953125 0.2265625 0.197265625 0.23046875 0.193359375 0.232421875 0.1953125 0.23046875 0.193359375 0.232421875 0.19140625 0.23046875 0.193359375 0.228515625 0.19140625
0 0.130859375 0.140625 0.130859375 0.142578125 0.12890625 0.14453125 0.12890625 0.146484375 0.130859375 0.1484375 0.13671875 0.142578125 0.138671875 0.14453125 0.13671875 0.142578125 0.138671875 0.140625 0.13671875 0.142578125 0.134765625 0.140625
0 0.583984375 0.125 0.58203125 0.126953125 0.580078125 0.126953125 0.578125 0.12890625 0.580078125 0.12890625 0.58203125 0.130859375 0.5859375 0.130859375 0.5859375 0.12890625 0.583984375 0.126953125
0 0.630859375 0.1015625 0.6328125 0.1015625 0.634765625 0.103515625 0.6328125 0.10546875 0.630859375 0.10546875 0.6328125 0.10546875 0.634765625 0.107421875 0.638671875 0.107421875 0.640625 0.10546875 0.642578125 0.10546875 0.640625 0.103515625 0.638671875 0.103515625 0.63671875 0.1015625 0.634765625 0.103515625 0.6328125 0.1015625
0 0.18359375 0.064453125 0.1796875 0.068359375 0.177734375 0.06640625 0.17578125 0.068359375 0.177734375 0.06640625 0.181640625 0.0703125 0.181640625 0.072265625 0.18359375 0.072265625 0.185546875 0.07421875 0.185546875 0.068359375 0.18359375 0.068359375 0.181640625 0.06640625
1 0.17578125 0.5390625 0.171875 0.54296875 0.169921875 0.541015625 0.16796875 0.54296875 0.1640625 0.54296875 0.16796875 0.54296875 0.171875 0.546875 0.171875 0.548828125 0.173828125 0.546875 0.173828125 0.544921875 0.17578125 0.54296875 0.173828125 0.541015625 0.17578125 0.5390625 0.177734375 0.5390625
1 0.0078125 0.40625 0.005859375 0.408203125 0.00390625 0.408203125 0.005859375 0.408203125 0.0078125 0.41015625 0.0078125 0.412109375 0.005859375 0.4140625 0.00390625 0.412109375 0.001953125 0.412109375 0.00390625 0.412109375 0.005859375 0.4140625 0.00390625 0.416015625 0.001953125 0.416015625 0.001953125 0.42578125 0.00390625 0.42578125 0.005859375 0.427734375 0.00390625 0.4296875 0.001953125 0.4296875 0.00390625 0.4296875 0.005859375 0.427734375 0.0078125 0.4296875 0.0078125 0.431640625 0.005859375 0.43359375 0.00390625 0.43359375 0.005859375 0.43359375 0.0078125 0.435546875 0.005859375 0.43359375 0.0078125 0.431640625 0.0078125 0.4296875 0.00390625 0.42578125 0.00390625 0.423828125 0.005859375 0.421875 0.005859375 0.419921875 0.00390625 0.41796875 0.00390625 0.416015625 0.0078125 0.412109375 0.0078125 0.41015625 0.005859375 0.408203125
1 0.228515625 0.189453125 0.2265625 0.19140625 0.224609375 0.19140625 0.224609375 0.193359375 0.2265625 0.1953125 0.2265625 0.197265625 0.23046875 0.193359375 0.232421875 0.1953125 0.23046875 0.193359375 0.232421875 0.19140625 0.23046875 0.193359375 0.228515625 0.19140625
1 0.130859375 0.140625 0.130859375 0.142578125 0.12890625 0.14453125 0.12890625 0.146484375 0.130859375 0.1484375 0.13671875 0.142578125 0.138671875 0.14453125 0.13671875 0.142578125 0.138671875 0.140625 0.13671875 0.142578125 0.134765625 0.140625
1 0.583984375 0.125 0.58203125 0.126953125 0.580078125 0.126953125 0.578125 0.12890625 0.580078125 0.12890625 0.58203125 0.130859375 0.5859375 0.130859375 0.5859375 0.12890625 0.583984375 0.126953125
1 0.630859375 0.1015625 0.6328125 0.1015625 0.634765625 0.103515625 0.6328125 0.10546875 0.630859375 0.10546875 0.6328125 0.10546875 0.634765625 0.107421875 0.638671875 0.107421875 0.640625 0.10546875 0.642578125 0.10546875 0.640625 0.103515625 0.638671875 0.103515625 0.63671875 0.1015625 0.634765625 0.103515625 0.6328125 0.1015625
1 0.18359375 0.064453125 0.1796875 0.068359375 0.177734375 0.06640625 0.17578125 0.068359375 0.177734375 0.06640625 0.181640625 0.0703125 0.181640625 0.072265625 0.18359375 0.072265625 0.185546875 0.07421875 0.185546875 0.068359375 0.18359375 0.068359375 0.181640625 0.06640625
