0 0.990234375 0.5078125 0.98828125 0.509765625 0.98828125 0.513671875 0.994140625 0.513671875 0.994140625 0.509765625 0.9921875 0.5078125
0 0.84765625 0.19140625 0.845703125 0.193359375 0.84765625 0.1953125 0.845703125 0.197265625 0.845703125 0.19921875 0.84375 0.201171875 0.84765625 0.201171875 0.849609375 0.19921875 0.849609375 0.197265625 0.8515625 0.1953125 0.84765625 0.1953125 0.845703125 0.193359375 0.84765625 0.19140625 0.849609375 0.19140625
0 0.1640625 0.080078125 0.162109375 0.08203125 0.162109375 0.083984375 0.158203125 0.087890625 0.15625 0.0859375 0.16015625 0.08984375 0.1640625 0.0859375 0.166015625 0.0859375 0.16796875 0.083984375 0.166015625 0.083984375 0.1640625 0.08203125
0 0.591796875 0.078125 0.58984375 0.080078125 0.5859375 0.080078125 0.58984375 0.080078125 0.591796875 0.08203125 0.59375 0.08203125 0.595703125 0.083984375 0.595703125 0.0859375 0.599609375 0.0859375 0.59765625 0.0859375 0.595703125 0.083984375 0.59765625 0.08203125 0.599609375 0.08203125 0.59765625 0.08203125 0.595703125 0.080078125 0.595703125 0.078125
0 0.990234375 0.0625 0.9921875 0.064453125 0.990234375 0.06640625 0.990234375 0.068359375 0.98828125 0.0703125 0.986328125 0.0703125 0.98828125 0.0703125 0.990234375 0.068359375 0.994140625 0.072265625 0.994140625 0.07421875 0.99609375 0.07421875 0.998046875 0.072265625 0.998046875 0.068359375 0.99609375 0.06640625 0.998046875 0.064453125 0.99609375 0.06640625 0.994140625 0.064453125 0.9921875 0.064453125
1 0.990234375 0.5078125 0.98828125 0.509765625 0.98828125 0.513671875 0.994140625 0.513671875 0.994140625 0.509765625 0.9921875 0.5078125
1 0.84765625 0.19140625 0.845703125 0.193359375 0.84765625 0.1953125 0.845703125 0.197265625 0.845703125 0.19921875 0.84375 0.201171875 0.84765625 0.201171875 0.849609375 0.19921875 0.849609375 0.197265625 0.8515625 0.1953125 0.84765625 0.1953125 0.845703125 0.193359375 0.84765625 0.19140625 0.849609375 0.19140625
1 0.1640625 0.080078125 0.162109375 0.08203125 0.162109375 0.083984375 0.158203125 0.087890625 0.15625 0.0859375 0.16015625 0.08984375 0.1640625 0.0859375 0.166015625 0.0859375 0.16796875 0.083984375 0.166015625 0.083984375 0.1640625 0.08203125
1 0.591796875 0.078125 0.58984375 0.080078125 0.5859375 0.080078125 0.58984375 0.080078125 0.591796875 0.08203125 0.59375 0.08203125 0.595703125 0.083984375 0.595703125 0.0859375 0.599609375 0.0859375 0.59765625 0.0859375 0.595703125 0.083984375 0.59765625 0.08203125 0.599609375 0.08203125 0.59765625 0.08203125 0.595703125 0.080078125 0.595703125 0.078125
1 0.990234375 0.0625 0.9921875 0.064453125 0.990234375 0.06640625 0.990234375 0.068359375 0.98828125 0.0703125 0.986328125 0.0703125 0.98828125 0.0703125 0.990234375 0.068359375 0.994140625 0.072265625 0.994140625 0.07421875 0.99609375 0.07421875 0.998046875 0.072265625 0.998046875 0.068359375 0.99609375 0.06640625 0.998046875 0.064453125 0.99609375 0.06640625 0.994140625 0.064453125 0.9921875 0.064453125
