0 0.341796875 0.35546875 0.33984375 0.357421875 0.33984375 0.359375 0.341796875 0.361328125 0.34375 0.359375 0.345703125 0.361328125 0.345703125 0.36328125 0.34375 0.365234375 0.341796875 0.365234375 0.345703125 0.365234375 0.345703125 0.361328125 0.34765625 0.359375 0.34765625 0.357421875 0.349609375 0.35546875 0.3515625 0.35546875
0 0.53125 0.21875 0.53125 0.22265625 0.533203125 0.22265625 0.53515625 0.224609375 0.537109375 0.22265625 0.53515625 0.220703125 0.53515625 0.21875
0 0.345703125 0.1875 0.34375 0.189453125 0.34375 0.19140625 0.345703125 0.193359375 0.345703125 0.197265625 0.345703125 0.1953125 0.34765625 0.193359375 0.3515625 0.197265625 0.349609375 0.1953125 0.349609375 0.189453125 0.34765625 0.189453125
0 0.25390625 0.16796875 0.25390625 0.169921875 0.255859375 0.171875 0.25390625 0.173828125 0.25390625 0.17578125 0.255859375 0.173828125 0.2578125 0.173828125 0.259765625 0.17578125 0.259765625 0.177734375 0.259765625 0.17578125 0.26171875 0.173828125 0.263671875 0.17578125 0.263671875 0.177734375 0.263671875 0.17578125 0.26171875 0.173828125 0.26171875 0.16796875 0.259765625 0.169921875 0.2578125 0.16796875 0.2578125 0.169921875 0.255859375 0.171875 0.25390625 0.169921875
0 0.11328125 0.15625 0.11328125 0.1640625 0.115234375 0.162109375 0.1171875 0.162109375 0.1171875 0.16015625 0.12109375 0.15625 0.119140625 0.158203125 0.1171875 0.158203125 0.115234375 0.15625
0 0.01953125 0.1015625 0.015625 0.10546875 0.013671875 0.10546875 0.01171875 0.107421875 0.013671875 0.107421875 0.015625 0.109375 0.015625 0.111328125 0.017578125 0.109375 0.017578125 0.107421875 0.01953125 0.10546875 0.017578125 0.103515625 0.01953125 0.1015625 0.021484375 0.1015625
0 0.171875 0.025390625 0.173828125 0.02734375 0.171875 0.029296875 0.173828125 0.03125 0.173828125 0.033203125 0.17578125 0.03125 0.177734375 0.033203125 0.177734375 0.029296875 0.17578125 0.02734375 0.17578125 0.025390625 0.173828125 0.02734375
0 0.091796875 0.017578125 0.08984375 0.01953125 0.087890625 0.01953125 0.08984375 0.01953125 0.091796875 0.021484375 0.091796875 0.025390625 0.095703125 0.025390625 0.095703125 0.0234375 0.09375 0.021484375 0.095703125 0.01953125 0.09375 0.017578125
1 0.341796875 0.35546875 0.33984375 0.357421875 0.33984375 0.359375 0.341796875 0.361328125 0.34375 0.359375 0.345703125 0.361328125 0.345703125 0.36328125 0.34375 0.365234375 0.341796875 0.365234375 0.345703125 0.365234375 0.345703125 0.361328125 0.34765625 0.359375 0.34765625 0.357421875 0.349609375 0.35546875 0.3515625 0.35546875
1 0.53125 0.21875 0.53125 0.22265625 0.533203125 0.22265625 0.53515625 0.224609375 0.537109375 0.22265625 0.53515625 0.220703125 0.53515625 0.21875
1 0.345703125 0.1875 0.34375 0.189453125 0.34375 0.19140625 0.345703125 0.193359375 0.345703125 0.197265625 0.345703125 0.1953125 0.34765625 0.193359375 0.3515625 0.197265625 0.349609375 0.1953125 0.349609375 0.189453125 0.34765625 0.189453125
1 0.25390625 0.16796875 0.25390625 0.169921875 0.255859375 0.171875 0.25390625 0.173828125 0.25390625 0.17578125 0.255859375 0.173828125 0.2578125 0.173828125 0.259765625 0.17578125 0.259765625 0.177734375 0.259765625 0.17578125 0.26171875 0.173828125 0.263671875 0.17578125 0.263671875 0.177734375 0.263671875 0.17578125 0.26171875 0.173828125 0.26171875 0.16796875 0.259765625 0.169921875 0.2578125 0.16796875 0.2578125 0.169921875 0.255859375 0.171875 0.25390625 0.169921875
1 0.11328125 0.15625 0.11328125 0.1640625 0.115234375 0.162109375 0.1171875 0.162109375 0.1171875 0.16015625 0.12109375 0.15625 0.119140625 0.158203125 0.1171875 0.158203125 0.115234375 0.15625
1 0.01953125 0.1015625 0.015625 0.10546875 0.013671875 0.10546875 0.01171875 0.107421875 0.013671875 0.107421875 0.015625 0.109375 0.015625 0.111328125 0.017578125 0.109375 0.017578125 0.107421875 0.01953125 0.10546875 0.017578125 0.103515625 0.01953125 0.1015625 0.021484375 0.1015625
1 0.171875 0.025390625 0.173828125 0.02734375 0.171875 0.029296875 0.173828125 0.03125 0.173828125 0.033203125 0.17578125 0.03125 0.177734375 0.033203125 0.177734375 0.029296875 0.17578125 0.02734375 0.17578125 0.025390625 0.173828125 0.02734375
1 0.091796875 0.017578125 0.08984375 0.01953125 0.087890625 0.01953125 0.08984375 0.01953125 0.091796875 0.021484375 0.091796875 0.025390625 0.095703125 0.025390625 0.095703125 0.0234375 0.09375 0.021484375 0.095703125 0.01953125 0.09375 0.017578125
