0 0.53515625 0.375 0.53515625 0.3828125 0.537109375 0.380859375 0.5390625 0.380859375 0.5390625 0.37890625 0.54296875 0.375 0.541015625 0.376953125 0.5390625 0.376953125 0.537109375 0.375
0 0.119140625 0.353515625 0.119140625 0.35546875 0.1171875 0.357421875 0.1171875 0.359375 0.119140625 0.361328125 0.12109375 0.359375 0.123046875 0.359375 0.123046875 0.357421875 0.12109375 0.35546875 0.123046875 0.353515625 0.12109375 0.35546875
0 0.69921875 0.298828125 0.69921875 0.30078125 0.697265625 0.302734375 0.693359375 0.302734375 0.69140625 0.3046875 0.69140625 0.310546875 0.697265625 0.310546875 0.69921875 0.30859375 0.701171875 0.30859375 0.69921875 0.306640625 0.69921875 0.3046875 0.697265625 0.302734375 0.69921875 0.30078125
0 0.48828125 0.296875 0.490234375 0.298828125 0.48828125 0.30078125 0.490234375 0.302734375 0.48828125 0.3046875 0.486328125 0.3046875 0.484375 0.306640625 0.486328125 0.30859375 0.484375 0.306640625 0.486328125 0.3046875 0.490234375 0.3046875 0.494140625 0.30859375 0.49609375 0.306640625 0.494140625 0.3046875 0.494140625 0.302734375 0.4921875 0.302734375 0.490234375 0.30078125 0.4921875 0.298828125 0.490234375 0.298828125
0 0.546875 0.1484375 0.548828125 0.150390625 0.548828125 0.15234375 0.54296875 0.158203125 0.5390625 0.158203125 0.54296875 0.158203125 0.544921875 0.16015625 0.546875 0.16015625 0.548828125 0.162109375 0.548828125 0.1640625 0.552734375 0.1640625 0.55078125 0.1640625 0.548828125 0.162109375 0.55078125 0.16015625 0.552734375 0.16015625 0.55078125 0.16015625 0.548828125 0.158203125 0.548828125 0.15625 0.55078125 0.154296875 0.552734375 0.15625 0.5546875 0.154296875 0.5546875 0.150390625 0.5546875 0.154296875 0.552734375 0.15625 0.548828125 0.15234375 0.548828125 0.1484375
0 0.3984375 0.05078125 0.3984375 0.0546875 0.396484375 0.056640625 0.39453125 0.0546875 0.39453125 0.052734375 0.39453125 0.0546875 0.392578125 0.056640625 0.390625 0.0546875 0.392578125 0.056640625 0.390625 0.05859375 0.392578125 0.05859375 0.392578125 0.056640625 0.39453125 0.0546875 0.3984375 0.05859375 0.396484375 0.060546875 0.404296875 0.052734375 0.40234375 0.0546875
0 0.779296875 0.009765625 0.77734375 0.01171875 0.76953125 0.01171875 0.771484375 0.013671875 0.771484375 0.015625 0.7734375 0.017578125 0.775390625 0.017578125 0.775390625 0.013671875
0 0.990234375 0.001953125 0.986328125 0.005859375 0.98828125 0.0078125 0.986328125 0.009765625 0.98828125 0.0078125 0.9921875 0.0078125 0.9921875 0.00390625
1 0.53515625 0.375 0.53515625 0.3828125 0.537109375 0.380859375 0.5390625 0.380859375 0.5390625 0.37890625 0.54296875 0.375 0.541015625 0.376953125 0.5390625 0.376953125 0.537109375 0.375
1 0.119140625 0.353515625 0.119140625 0.35546875 0.1171875 0.357421875 0.1171875 0.359375 0.119140625 0.361328125 0.12109375 0.359375 0.123046875 0.359375 0.123046875 0.357421875 0.12109375 0.35546875 0.123046875 0.353515625 0.12109375 0.35546875
1 0.69921875 0.298828125 0.69921875 0.30078125 0.697265625 0.302734375 0.693359375 0.302734375 0.69140625 0.3046875 0.69140625 0.310546875 0.697265625 0.310546875 0.69921875 0.30859375 0.701171875 0.30859375 0.69921875 0.306640625 0.69921875 0.3046875 0.697265625 0.302734375 0.69921875 0.30078125
1 0.48828125 0.296875 0.490234375 0.298828125 0.48828125 0.30078125 0.490234375 0.302734375 0.48828125 0.3046875 0.486328125 0.3046875 0.484375 0.306640625 0.486328125 0.30859375 0.484375 0.306640625 0.486328125 0.3046875 0.490234375 0.3046875 0.494140625 0.30859375 0.49609375 0.306640625 0.494140625 0.3046875 0.494140625 0.302734375 0.4921875 0.302734375 0.490234375 0.30078125 0.4921875 0.298828125 0.490234375 0.298828125
1 0.546875 0.1484375 0.548828125 0.150390625 0.548828125 0.15234375 0.54296875 0.158203125 0.5390625 0.158203125 0.54296875 0.158203125 0.544921875 0.16015625 0.546875 0.16015625 0.548828125 0.162109375 0.548828125 0.1640625 0.552734375 0.1640625 0.55078125 0.1640625 0.548828125 0.162109375 0.55078125 0.16015625 0.552734375 0.16015625 0.55078125 0.16015625 0.548828125 0.158203125 0.548828125 0.15625 0.55078125 0.154296875 0.552734375 0.15625 0.5546875 0.154296875 0.5546875 0.150390625 0.5546875 0.154296875 0.552734375 0.15625 0.548828125 0.15234375 0.548828125 0.1484375
1 0.3984375 0.05078125 0.3984375 0.0546875 0.396484375 0.056640625 0.39453125 0.0546875 0.39453125 0.052734375 0.39453125 0.0546875 0.392578125 0.056640625 0.390625 0.0546875 0.392578125 0.056640625 0.390625 0.05859375 0.392578125 0.05859375 0.392578125 0.056640625 0.39453125 0.0546875 0.3984375 0.05859375 0.396484375 0.060546875 0.404296875 0.052734375 0.40234375 0.0546875
1 0.779296875 0.009765625 0.77734375 0.01171875 0.76953125 0.01171875 0.771484375 0.013671875 0.771484375 0.015625 0.7734375 0.017578125 0.775390625 0.017578125 0.775390625 0.013671875
1 0.990234375 0.001953125 0.986328125 0.005859375 0.98828125 0.0078125 0.986328125 0.009765625 0.98828125 0.0078125 0.9921875 0.0078125 0.9921875 0.00390625
