0 0.271484375 0.2109375 0.26953125 0.212890625 0.271484375 0.21484375 0.271484375 0.216796875 0.2734375 0.21875 0.2734375 0.220703125 0.271484375 0.22265625 0.267578125 0.22265625 0.271484375 0.22265625 0.275390625 0.21875 0.279296875 0.21875 0.279296875 0.212890625 0.2734375 0.212890625
0 0.1640625 0.19921875 0.1640625 0.205078125 0.162109375 0.20703125 0.1640625 0.205078125 0.16796875 0.205078125 0.169921875 0.203125 0.171875 0.205078125 0.16796875 0.201171875 0.16796875 0.19921875 0.166015625 0.201171875
0 0.5546875 0.177734375 0.552734375 0.1796875 0.552734375 0.181640625 0.55078125 0.18359375 0.552734375 0.185546875 0.5546875 0.18359375 0.556640625 0.18359375 0.55859375 0.181640625 0.560546875 0.181640625 0.556640625 0.181640625 0.5546875 0.1796875
0 0.0078125 0.146484375 0.005859375 0.1484375 0.005859375 0.150390625 0.00390625 0.15234375 0.005859375 0.154296875 0.0078125 0.15234375 0.009765625 0.15234375 0.01171875 0.150390625 0.013671875 0.150390625 0.009765625 0.150390625 0.0078125 0.1484375
0 0.529296875 0.01171875 0.52734375 0.013671875 0.52734375 0.015625 0.525390625 0.017578125 0.52734375 0.01953125 0.525390625 0.021484375 0.5234375 0.021484375 0.525390625 0.021484375 0.529296875 0.017578125 0.53125 0.017578125 0.533203125 0.015625 0.53125 0.015625 0.529296875 0.013671875
0 0.927734375 0.0 0.92578125 0.001953125 0.9296875 0.005859375 0.9296875 0.0078125 0.9296875 0.005859375 0.931640625 0.00390625 0.93359375 0.005859375 0.931640625 0.00390625 0.931640625 0.0
1 0.271484375 0.2109375 0.26953125 0.212890625 0.271484375 0.21484375 0.271484375 0.216796875 0.2734375 0.21875 0.2734375 0.220703125 0.271484375 0.22265625 0.267578125 0.22265625 0.271484375 0.22265625 0.275390625 0.21875 0.279296875 0.21875 0.279296875 0.212890625 0.2734375 0.212890625
1 0.1640625 0.19921875 0.1640625 0.205078125 0.162109375 0.20703125 0.1640625 0.205078125 0.16796875 0.205078125 0.169921875 0.203125 0.171875 0.205078125 0.16796875 0.201171875 0.16796875 0.19921875 0.166015625 0.201171875
1 0.5546875 0.177734375 0.552734375 0.1796875 0.552734375 0.181640625 0.55078125 0.18359375 0.552734375 0.185546875 0.5546875 0.18359375 0.556640625 0.18359375 0.55859375 0.181640625 0.560546875 0.181640625 0.556640625 0.181640625 0.5546875 0.1796875
1 0.0078125 0.146484375 0.005859375 0.1484375 0.005859375 0.150390625 0.00390625 0.15234375 0.005859375 0.154296875 0.0078125 0.15234375 0.009765625 0.15234375 0.01171875 0.150390625 0.013671875 0.150390625 0.009765625 0.150390625 0.0078125 0.1484375
1 0.529296875 0.01171875 0.52734375 0.013671875 0.52734375 0.015625 0.525390625 0.017578125 0.52734375 0.01953125 0.525390625 0.021484375 0.5234375 0.021484375 0.525390625 0.021484375 0.529296875 0.017578125 0.53125 0.017578125 0.533203125 0.015625 0.53125 0.015625 0.529296875 0.013671875
1 0.927734375 0.0 0.92578125 0.001953125 0.9296875 0.005859375 0.9296875 0.0078125 0.9296875 0.005859375 0.931640625 0.00390625 0.93359375 0.005859375 0.931640625 0.00390625 0.931640625 0.0
