0 0.9765625 0.984375 0.978515625 0.986328125 0.9765625 0.98828125 0.974609375 0.98828125 0.970703125 0.9921875 0.97265625 0.994140625 0.97265625 0.998046875 0.974609375 0.998046875 0.978515625 0.994140625 0.98046875 0.99609375 0.9765625 0.9921875 0.974609375 0.9921875 0.97265625 0.990234375 0.974609375 0.98828125 0.9765625 0.98828125 0.978515625 0.986328125 0.98046875 0.98828125
0 0.15625 0.94140625 0.15625 0.943359375 0.154296875 0.9453125 0.150390625 0.9453125 0.150390625 0.94921875 0.1484375 0.951171875 0.150390625 0.94921875 0.15234375 0.951171875 0.158203125 0.951171875 0.158203125 0.9453125 0.15625 0.943359375
0 0.09765625 0.703125 0.09765625 0.7109375 0.099609375 0.708984375 0.1015625 0.708984375 0.1015625 0.70703125 0.10546875 0.703125 0.103515625 0.705078125 0.1015625 0.705078125 0.099609375 0.703125
0 0.052734375 0.64453125 0.048828125 0.6484375 0.046875 0.646484375 0.0546875 0.654296875 0.052734375 0.65234375 0.056640625 0.6484375 0.05859375 0.650390625 0.05859375 0.65234375 0.060546875 0.65234375 0.05859375 0.650390625 0.060546875 0.6484375 0.05859375 0.650390625 0.056640625 0.6484375 0.056640625 0.646484375 0.056640625 0.6484375 0.0546875 0.650390625 0.052734375 0.6484375
0 0.98046875 0.189453125 0.978515625 0.19140625 0.98046875 0.193359375 0.98046875 0.19921875 0.98046875 0.197265625 0.982421875 0.1953125 0.984375 0.1953125 0.986328125 0.197265625 0.984375 0.19921875 0.986328125 0.197265625 0.98828125 0.197265625 0.986328125 0.197265625 0.984375 0.1953125 0.984375 0.19140625 0.982421875 0.19140625
0 0.462890625 0.111328125 0.4609375 0.11328125 0.458984375 0.11328125 0.45703125 0.115234375 0.458984375 0.1171875 0.45703125 0.119140625 0.458984375 0.1171875 0.462890625 0.12109375 0.462890625 0.123046875 0.462890625 0.12109375 0.4609375 0.119140625 0.4609375 0.1171875 0.462890625 0.115234375 0.46484375 0.1171875 0.462890625 0.115234375 0.46484375 0.11328125
0 0.994140625 0.046875 0.990234375 0.05078125 0.9921875 0.052734375 0.990234375 0.0546875 0.98828125 0.0546875 0.990234375 0.0546875 0.9921875 0.056640625 0.990234375 0.05859375 0.98828125 0.05859375 0.98828125 0.060546875 0.9921875 0.056640625 0.99609375 0.060546875 0.994140625 0.05859375 0.99609375 0.056640625 0.998046875 0.056640625 0.99609375 0.0546875 0.998046875 0.052734375 0.99609375 0.05078125 0.99609375 0.048828125 0.998046875 0.046875 0.99609375 0.048828125
0 0.01953125 0.017578125 0.015625 0.021484375 0.015625 0.0234375 0.017578125 0.025390625 0.017578125 0.02734375 0.017578125 0.025390625 0.01953125 0.0234375 0.0234375 0.0234375 0.025390625 0.025390625 0.02734375 0.0234375 0.025390625 0.025390625 0.01953125 0.01953125 0.021484375 0.017578125
1 0.9765625 0.984375 0.978515625 0.986328125 0.9765625 0.98828125 0.974609375 0.98828125 0.970703125 0.9921875 0.97265625 0.994140625 0.97265625 0.998046875 0.974609375 0.998046875 0.978515625 0.994140625 0.98046875 0.99609375 0.9765625 0.9921875 0.974609375 0.9921875 0.97265625 0.990234375 0.974609375 0.98828125 0.9765625 0.98828125 0.978515625 0.986328125 0.98046875 0.98828125
1 0.15625 0.94140625 0.15625 0.943359375 0.154296875 0.9453125 0.150390625 0.9453125 0.150390625 0.94921875 0.1484375 0.951171875 0.150390625 0.94921875 0.15234375 0.951171875 0.158203125 0.951171875 0.158203125 0.9453125 0.15625 0.943359375
1 0.09765625 0.703125 0.09765625 0.7109375 0.099609375 0.708984375 0.1015625 0.708984375 0.1015625 0.70703125 0.10546875 0.703125 0.103515625 0.705078125 0.1015625 0.705078125 0.099609375 0.703125
1 0.052734375 0.64453125 0.048828125 0.6484375 0.046875 0.646484375 0.0546875 0.654296875 0.052734375 0.65234375 0.056640625 0.6484375 0.05859375 0.650390625 0.05859375 0.65234375 0.060546875 0.65234375 0.05859375 0.650390625 0.060546875 0.6484375 0.05859375 0.650390625 0.056640625 0.6484375 0.056640625 0.646484375 0.056640625 0.6484375 0.0546875 0.650390625 0.052734375 0.6484375
1 0.98046875 0.189453125 0.978515625 0.19140625 0.98046875 0.193359375 0.98046875 0.19921875 0.98046875 0.197265625 0.982421875 0.1953125 0.984375 0.1953125 0.986328125 0.197265625 0.984375 0.19921875 0.986328125 0.197265625 0.98828125 0.197265625 0.986328125 0.197265625 0.984375 0.1953125 0.984375 0.19140625 0.982421875 0.19140625
1 0.462890625 0.111328125 0.4609375 0.11328125 0.458984375 0.11328125 0.45703125 0.115234375 0.458984375 0.1171875 0.45703125 0.119140625 0.458984375 0.1171875 0.462890625 0.12109375 0.462890625 0.123046875 0.462890625 0.12109375 0.4609375 0.119140625 0.4609375 0.1171875 0.462890625 0.115234375 0.46484375 0.1171875 0.462890625 0.115234375 0.46484375 0.11328125
1 0.994140625 0.046875 0.990234375 0.05078125 0.9921875 0.052734375 0.990234375 0.0546875 0.98828125 0.0546875 0.990234375 0.0546875 0.9921875 0.056640625 0.990234375 0.05859375 0.98828125 0.05859375 0.98828125 0.060546875 0.9921875 0.056640625 0.99609375 0.060546875 0.994140625 0.05859375 0.99609375 0.056640625 0.998046875 0.056640625 0.99609375 0.0546875 0.998046875 0.052734375 0.99609375 0.05078125 0.99609375 0.048828125 0.998046875 0.046875 0.99609375 0.048828125
1 0.01953125 0.017578125 0.015625 0.021484375 0.015625 0.0234375 0.017578125 0.025390625 0.017578125 0.02734375 0.017578125 0.025390625 0.01953125 0.0234375 0.0234375 0.0234375 0.025390625 0.025390625 0.02734375 0.0234375 0.025390625 0.025390625 0.01953125 0.01953125 0.021484375 0.017578125
