0 0.31640625 0.974609375 0.314453125 0.9765625 0.31640625 0.978515625 0.3125 0.982421875 0.314453125 0.984375 0.314453125 0.990234375 0.3125 0.9921875 0.314453125 0.9921875 0.318359375 0.99609375 0.31640625 0.998046875 0.318359375 0.99609375 0.322265625 0.99609375 0.32421875 0.998046875 0.322265625 0.99609375 0.32421875 0.994140625 0.328125 0.994140625 0.328125 0.984375 0.326171875 0.982421875 0.326171875 0.98046875 0.3203125 0.98046875 0.318359375 0.978515625 0.31640625 0.978515625 0.314453125 0.9765625 0.31640625 0.974609375 0.318359375 0.974609375
0 0.8125 0.970703125 0.814453125 0.97265625 0.8125 0.974609375 0.806640625 0.974609375 0.8046875 0.9765625 0.802734375 0.9765625 0.8046875 0.978515625 0.8046875 0.98046875 0.810546875 0.98046875 0.8125 0.978515625 0.8125 0.974609375 0.814453125 0.97265625 0.81640625 0.97265625 0.814453125 0.97265625
0 0.244140625 0.9609375 0.2421875 0.962890625 0.2421875 0.966796875 0.240234375 0.96875 0.244140625 0.97265625 0.2421875 0.974609375 0.23828125 0.974609375 0.236328125 0.97265625 0.236328125 0.970703125 0.236328125 0.97265625 0.234375 0.974609375 0.234375 0.9765625 0.234375 0.974609375 0.236328125 0.97265625 0.23828125 0.974609375 0.2421875 0.974609375 0.24609375 0.970703125 0.248046875 0.970703125 0.25 0.96875 0.251953125 0.970703125 0.251953125 0.97265625 0.25 0.974609375 0.248046875 0.974609375 0.251953125 0.974609375 0.251953125 0.970703125 0.25390625 0.96875 0.251953125 0.966796875 0.25390625 0.96484375 0.251953125 0.962890625 0.25390625 0.9609375 0.255859375 0.9609375 0.25390625 0.9609375 0.25 0.96484375 0.248046875 0.962890625 0.24609375 0.962890625
0 0.033203125 0.953125 0.03125 0.955078125 0.029296875 0.955078125 0.03125 0.95703125 0.03125 0.9609375 0.033203125 0.962890625 0.041015625 0.962890625 0.04296875 0.96484375 0.041015625 0.962890625 0.041015625 0.9609375 0.04296875 0.958984375 0.044921875 0.9609375 0.04296875 0.958984375 0.04296875 0.95703125 0.041015625 0.955078125 0.04296875 0.953125
0 0.751953125 0.94921875 0.751953125 0.951171875 0.75 0.953125 0.75 0.95703125 0.751953125 0.95703125 0.75390625 0.958984375 0.755859375 0.95703125 0.755859375 0.94921875 0.75390625 0.951171875
0 0.015625 0.94921875 0.017578125 0.951171875 0.017578125 0.953125 0.015625 0.955078125 0.015625 0.95703125 0.017578125 0.958984375 0.01953125 0.958984375 0.01953125 0.953125
0 0.283203125 0.943359375 0.28515625 0.9453125 0.283203125 0.947265625 0.28125 0.947265625 0.279296875 0.9453125 0.28125 0.947265625 0.275390625 0.953125 0.2734375 0.951171875 0.2734375 0.94921875 0.275390625 0.947265625 0.2734375 0.94921875 0.2734375 0.951171875 0.27734375 0.955078125 0.27734375 0.95703125 0.279296875 0.958984375 0.279296875 0.9609375 0.28515625 0.9609375 0.2890625 0.96484375 0.287109375 0.962890625 0.2890625 0.9609375 0.291015625 0.9609375 0.29296875 0.962890625 0.291015625 0.9609375 0.294921875 0.95703125 0.29296875 0.955078125 0.294921875 0.953125 0.2890625 0.947265625 0.291015625 0.9453125 0.28515625 0.9453125
0 0.76953125 0.9375 0.771484375 0.939453125 0.76953125 0.94140625 0.771484375 0.943359375 0.771484375 0.9453125 0.76953125 0.947265625 0.771484375 0.94921875 0.775390625 0.94921875 0.77734375 0.951171875 0.775390625 0.94921875 0.77734375 0.947265625 0.779296875 0.947265625 0.775390625 0.943359375 0.771484375 0.943359375 0.76953125 0.94140625 0.771484375 0.939453125
0 0.140625 0.9375 0.138671875 0.939453125 0.138671875 0.943359375 0.140625 0.94140625 0.142578125 0.943359375 0.14453125 0.943359375 0.146484375 0.94140625 0.1484375 0.94140625 0.146484375 0.939453125 0.146484375 0.9375
0 0.255859375 0.935546875 0.25390625 0.9375 0.25390625 0.94140625 0.255859375 0.943359375 0.255859375 0.9453125 0.25390625 0.947265625 0.251953125 0.947265625 0.25 0.9453125 0.251953125 0.947265625 0.251953125 0.953125 0.251953125 0.94921875 0.2578125 0.943359375 0.26171875 0.947265625 0.263671875 0.9453125 0.26171875 0.947265625 0.259765625 0.9453125 0.259765625 0.943359375 0.26171875 0.94140625 0.26171875 0.9375 0.259765625 0.935546875
0 0.021484375 0.935546875 0.021484375 0.9375 0.017578125 0.94140625 0.021484375 0.9453125 0.01953125 0.947265625 0.021484375 0.9453125 0.025390625 0.94921875 0.0234375 0.951171875 0.0234375 0.953125 0.025390625 0.955078125 0.0234375 0.95703125 0.025390625 0.955078125 0.0234375 0.953125 0.0234375 0.951171875 0.02734375 0.947265625 0.02734375 0.9453125 0.029296875 0.943359375 0.029296875 0.939453125 0.025390625 0.935546875
0 0.744140625 0.931640625 0.744140625 0.93359375 0.7421875 0.935546875 0.7421875 0.9375 0.744140625 0.939453125 0.7421875 0.94140625 0.7421875 0.943359375 0.744140625 0.9453125 0.740234375 0.94921875 0.744140625 0.9453125 0.74609375 0.947265625 0.7421875 0.943359375 0.744140625 0.94140625 0.74609375 0.94140625 0.748046875 0.943359375 0.74609375 0.94140625 0.748046875 0.939453125 0.748046875 0.935546875 0.74609375 0.93359375 0.748046875 0.931640625 0.74609375 0.93359375
0 0.310546875 0.921875 0.30859375 0.923828125 0.310546875 0.92578125 0.310546875 0.927734375 0.30859375 0.9296875 0.306640625 0.9296875 0.30859375 0.9296875 0.310546875 0.931640625 0.306640625 0.935546875 0.3046875 0.93359375 0.306640625 0.935546875 0.306640625 0.939453125 0.3046875 0.94140625 0.306640625 0.94140625 0.30859375 0.943359375 0.314453125 0.943359375 0.314453125 0.94140625 0.31640625 0.939453125 0.314453125 0.9375 0.31640625 0.935546875 0.314453125 0.93359375 0.314453125 0.9296875 0.3125 0.9296875 0.310546875 0.927734375 0.310546875 0.92578125 0.30859375 0.923828125
0 0.349609375 0.919921875 0.34765625 0.921875 0.345703125 0.921875 0.34375 0.923828125 0.345703125 0.92578125 0.34375 0.927734375 0.345703125 0.92578125 0.34765625 0.92578125 0.349609375 0.927734375 0.353515625 0.927734375 0.35546875 0.92578125 0.35546875 0.921875 0.353515625 0.919921875
0 0.689453125 0.912109375 0.693359375 0.916015625 0.689453125 0.919921875 0.69140625 0.921875 0.689453125 0.923828125 0.69140625 0.92578125 0.689453125 0.927734375 0.689453125 0.9296875 0.6875 0.931640625 0.69140625 0.927734375 0.693359375 0.9296875 0.6953125 0.9296875 0.697265625 0.931640625 0.697265625 0.93359375 0.6953125 0.935546875 0.693359375 0.93359375 0.6953125 0.935546875 0.697265625 0.93359375 0.69921875 0.93359375 0.697265625 0.931640625 0.701171875 0.927734375 0.701171875 0.91796875 0.697265625 0.91796875 0.6953125 0.916015625 0.693359375 0.916015625
0 0.404296875 0.912109375 0.404296875 0.9140625 0.40234375 0.916015625 0.400390625 0.916015625 0.400390625 0.919921875 0.40234375 0.921875 0.40234375 0.923828125 0.40625 0.927734375 0.404296875 0.9296875 0.40625 0.927734375 0.404296875 0.92578125 0.408203125 0.921875 0.408203125 0.919921875 0.41015625 0.91796875 0.408203125 0.916015625 0.408203125 0.9140625 0.40625 0.9140625
0 0.462890625 0.90625 0.4609375 0.908203125 0.4609375 0.91015625 0.462890625 0.912109375 0.458984375 0.916015625 0.45703125 0.916015625 0.453125 0.912109375 0.455078125 0.91015625 0.453125 0.912109375 0.455078125 0.9140625 0.453125 0.916015625 0.451171875 0.916015625 0.44921875 0.91796875 0.4453125 0.91796875 0.44921875 0.91796875 0.451171875 0.919921875 0.44921875 0.921875 0.451171875 0.923828125 0.453125 0.923828125 0.455078125 0.92578125 0.455078125 0.923828125 0.45703125 0.921875 0.4609375 0.921875 0.462890625 0.919921875 0.4609375 0.921875 0.458984375 0.919921875 0.458984375 0.916015625 0.4609375 0.9140625 0.462890625 0.916015625 0.46484375 0.916015625 0.462890625 0.916015625 0.4609375 0.9140625 0.462890625 0.912109375 0.4609375 0.91015625 0.4609375 0.908203125 0.462890625 0.90625 0.46484375 0.908203125
0 0.107421875 0.90625 0.10546875 0.908203125 0.107421875 0.91015625 0.107421875 0.912109375 0.10546875 0.9140625 0.103515625 0.912109375 0.1015625 0.912109375 0.103515625 0.912109375 0.10546875 0.9140625 0.103515625 0.916015625 0.103515625 0.91796875 0.10546875 0.91796875 0.107421875 0.919921875 0.10546875 0.921875 0.107421875 0.923828125 0.109375 0.921875 0.111328125 0.923828125 0.111328125 0.92578125 0.11328125 0.92578125 0.115234375 0.923828125 0.119140625 0.923828125 0.12109375 0.921875 0.12109375 0.919921875 0.123046875 0.91796875 0.123046875 0.912109375 0.12109375 0.91015625 0.123046875 0.908203125 0.11328125 0.908203125 0.111328125 0.90625 0.109375 0.908203125
0 0.52734375 0.900390625 0.525390625 0.90234375 0.525390625 0.90625 0.5234375 0.908203125 0.525390625 0.91015625 0.5234375 0.912109375 0.5234375 0.9140625 0.51953125 0.91796875 0.5234375 0.9140625 0.5234375 0.912109375 0.52734375 0.908203125 0.529296875 0.91015625 0.529296875 0.912109375 0.52734375 0.9140625 0.533203125 0.908203125 0.537109375 0.908203125 0.533203125 0.908203125 0.53125 0.90625 0.533203125 0.904296875 0.53125 0.90234375 0.529296875 0.90234375
0 0.494140625 0.892578125 0.4921875 0.89453125 0.494140625 0.896484375 0.494140625 0.8984375 0.4921875 0.900390625 0.4921875 0.90625 0.494140625 0.908203125 0.49609375 0.90625 0.498046875 0.90625 0.501953125 0.90234375 0.50390625 0.904296875 0.501953125 0.90234375 0.501953125 0.900390625 0.5 0.8984375 0.5 0.896484375 0.498046875 0.896484375 0.49609375 0.8984375 0.4921875 0.89453125
0 0.693359375 0.888671875 0.69140625 0.890625 0.69140625 0.892578125 0.689453125 0.89453125 0.6953125 0.89453125 0.6953125 0.892578125 0.697265625 0.890625 0.6953125 0.888671875
0 0.744140625 0.88671875 0.7421875 0.888671875 0.744140625 0.890625 0.7421875 0.892578125 0.7421875 0.89453125 0.740234375 0.896484375 0.736328125 0.892578125 0.736328125 0.896484375 0.734375 0.8984375 0.734375 0.900390625 0.736328125 0.90234375 0.736328125 0.904296875 0.73828125 0.90234375 0.740234375 0.904296875 0.7421875 0.90234375 0.744140625 0.904296875 0.74609375 0.90234375 0.74609375 0.900390625 0.744140625 0.900390625 0.740234375 0.896484375 0.7421875 0.89453125 0.7421875 0.892578125 0.744140625 0.890625 0.74609375 0.892578125 0.7421875 0.888671875
0 0.306640625 0.88671875 0.3046875 0.888671875 0.3046875 0.892578125 0.302734375 0.89453125 0.30078125 0.892578125 0.298828125 0.892578125 0.296875 0.89453125 0.298828125 0.892578125 0.30078125 0.892578125 0.302734375 0.89453125 0.302734375 0.896484375 0.30078125 0.8984375 0.296875 0.8984375 0.30078125 0.8984375 0.302734375 0.896484375 0.3046875 0.8984375 0.3046875 0.900390625 0.30859375 0.900390625 0.310546875 0.90234375 0.310546875 0.900390625 0.3125 0.8984375 0.31640625 0.8984375 0.314453125 0.896484375 0.31640625 0.89453125 0.31640625 0.892578125 0.314453125 0.892578125 0.310546875 0.888671875 0.30859375 0.888671875
0 0.20703125 0.8828125 0.205078125 0.884765625 0.201171875 0.884765625 0.19921875 0.88671875 0.197265625 0.884765625 0.19921875 0.88671875 0.19921875 0.888671875 0.1953125 0.892578125 0.197265625 0.890625 0.201171875 0.89453125 0.19921875 0.896484375 0.197265625 0.896484375 0.19921875 0.896484375 0.201171875 0.8984375 0.201171875 0.900390625 0.19921875 0.90234375 0.201171875 0.904296875 0.19921875 0.90234375 0.201171875 0.900390625 0.201171875 0.8984375 0.203125 0.896484375 0.201171875 0.89453125 0.203125 0.892578125 0.205078125 0.892578125 0.208984375 0.896484375 0.212890625 0.896484375 0.21484375 0.89453125 0.216796875 0.896484375 0.216796875 0.8984375 0.216796875 0.896484375 0.21484375 0.89453125 0.21484375 0.892578125 0.21484375 0.89453125 0.212890625 0.896484375 0.208984375 0.896484375 0.20703125 0.89453125 0.2109375 0.890625 0.208984375 0.888671875 0.208984375 0.884765625
0 0.640625 0.875 0.642578125 0.876953125 0.640625 0.87890625 0.640625 0.8828125 0.64453125 0.88671875 0.642578125 0.884765625 0.64453125 0.8828125 0.646484375 0.8828125 0.64453125 0.880859375 0.64453125 0.87890625
0 0.146484375 0.87109375 0.146484375 0.873046875 0.142578125 0.876953125 0.14453125 0.87890625 0.142578125 0.880859375 0.140625 0.880859375 0.142578125 0.880859375 0.14453125 0.87890625 0.146484375 0.87890625 0.1484375 0.876953125 0.150390625 0.876953125 0.15234375 0.87890625 0.150390625 0.880859375 0.15234375 0.87890625 0.1484375 0.875 0.150390625 0.873046875 0.1484375 0.875 0.146484375 0.873046875
0 0.7265625 0.861328125 0.724609375 0.86328125 0.724609375 0.865234375 0.7265625 0.8671875 0.7265625 0.869140625 0.720703125 0.875 0.720703125 0.87890625 0.71875 0.880859375 0.720703125 0.8828125 0.720703125 0.884765625 0.71875 0.88671875 0.720703125 0.884765625 0.72265625 0.88671875 0.72265625 0.888671875 0.724609375 0.88671875 0.73046875 0.88671875 0.732421875 0.884765625 0.734375 0.884765625 0.734375 0.8828125 0.736328125 0.880859375 0.736328125 0.873046875 0.73828125 0.87109375 0.736328125 0.869140625 0.73828125 0.8671875 0.740234375 0.8671875 0.73828125 0.8671875 0.734375 0.87109375 0.732421875 0.869140625 0.728515625 0.869140625 0.7265625 0.8671875 0.728515625 0.865234375 0.7265625 0.865234375 0.724609375 0.86328125
0 0.603515625 0.84375 0.6015625 0.845703125 0.603515625 0.84765625 0.6015625 0.849609375 0.603515625 0.84765625 0.60546875 0.849609375 0.60546875 0.853515625 0.603515625 0.85546875 0.60546875 0.857421875 0.6015625 0.861328125 0.603515625 0.859375 0.607421875 0.86328125 0.60546875 0.865234375 0.603515625 0.865234375 0.60546875 0.865234375 0.607421875 0.8671875 0.607421875 0.869140625 0.60546875 0.87109375 0.607421875 0.873046875 0.609375 0.873046875 0.611328125 0.87109375 0.61328125 0.87109375 0.615234375 0.873046875 0.62109375 0.8671875 0.623046875 0.8671875 0.62109375 0.8671875 0.615234375 0.873046875 0.61328125 0.87109375 0.611328125 0.87109375 0.60546875 0.865234375 0.609375 0.861328125 0.615234375 0.8671875 0.619140625 0.86328125 0.6171875 0.861328125 0.619140625 0.859375 0.6171875 0.857421875 0.6171875 0.849609375 0.615234375 0.84765625 0.615234375 0.845703125 0.61328125 0.84765625 0.611328125 0.845703125 0.609375 0.845703125 0.60546875 0.849609375 0.6015625 0.845703125
1 0.31640625 0.974609375 0.314453125 0.9765625 0.31640625 0.978515625 0.3125 0.982421875 0.314453125 0.984375 0.314453125 0.990234375 0.3125 0.9921875 0.314453125 0.9921875 0.318359375 0.99609375 0.31640625 0.998046875 0.318359375 0.99609375 0.322265625 0.99609375 0.32421875 0.998046875 0.322265625 0.99609375 0.32421875 0.994140625 0.328125 0.994140625 0.328125 0.984375 0.326171875 0.982421875 0.326171875 0.98046875 0.3203125 0.98046875 0.318359375 0.978515625 0.31640625 0.978515625 0.314453125 0.9765625 0.31640625 0.974609375 0.318359375 0.974609375
1 0.8125 0.970703125 0.814453125 0.97265625 0.8125 0.974609375 0.806640625 0.974609375 0.8046875 0.9765625 0.802734375 0.9765625 0.8046875 0.978515625 0.8046875 0.98046875 0.810546875 0.98046875 0.8125 0.978515625 0.8125 0.974609375 0.814453125 0.97265625 0.81640625 0.97265625 0.814453125 0.97265625
1 0.244140625 0.9609375 0.2421875 0.962890625 0.2421875 0.966796875 0.240234375 0.96875 0.244140625 0.97265625 0.2421875 0.974609375 0.23828125 0.974609375 0.236328125 0.97265625 0.236328125 0.970703125 0.236328125 0.97265625 0.234375 0.974609375 0.234375 0.9765625 0.234375 0.974609375 0.236328125 0.97265625 0.23828125 0.974609375 0.2421875 0.974609375 0.24609375 0.970703125 0.248046875 0.970703125 0.25 0.96875 0.251953125 0.970703125 0.251953125 0.97265625 0.25 0.974609375 0.248046875 0.974609375 0.251953125 0.974609375 0.251953125 0.970703125 0.25390625 0.96875 0.251953125 0.966796875 0.25390625 0.96484375 0.251953125 0.962890625 0.25390625 0.9609375 0.255859375 0.9609375 0.25390625 0.9609375 0.25 0.96484375 0.248046875 0.962890625 0.24609375 0.962890625
1 0.033203125 0.953125 0.03125 0.955078125 0.029296875 0.955078125 0.03125 0.95703125 0.03125 0.9609375 0.033203125 0.962890625 0.041015625 0.962890625 0.04296875 0.96484375 0.041015625 0.962890625 0.041015625 0.9609375 0.04296875 0.958984375 0.044921875 0.9609375 0.04296875 0.958984375 0.04296875 0.95703125 0.041015625 0.955078125 0.04296875 0.953125
1 0.751953125 0.94921875 0.751953125 0.951171875 0.75 0.953125 0.75 0.95703125 0.751953125 0.95703125 0.75390625 0.958984375 0.755859375 0.95703125 0.755859375 0.94921875 0.75390625 0.951171875
1 0.015625 0.94921875 0.017578125 0.951171875 0.017578125 0.953125 0.015625 0.955078125 0.015625 0.95703125 0.017578125 0.958984375 0.01953125 0.958984375 0.01953125 0.953125
1 0.283203125 0.943359375 0.28515625 0.9453125 0.283203125 0.947265625 0.28125 0.947265625 0.279296875 0.9453125 0.28125 0.947265625 0.275390625 0.953125 0.2734375 0.951171875 0.2734375 0.94921875 0.275390625 0.947265625 0.2734375 0.94921875 0.2734375 0.951171875 0.27734375 0.955078125 0.27734375 0.95703125 0.279296875 0.958984375 0.279296875 0.9609375 0.28515625 0.9609375 0.2890625 0.96484375 0.287109375 0.962890625 0.2890625 0.9609375 0.291015625 0.9609375 0.29296875 0.962890625 0.291015625 0.9609375 0.294921875 0.95703125 0.29296875 0.955078125 0.294921875 0.953125 0.2890625 0.947265625 0.291015625 0.9453125 0.28515625 0.9453125
1 0.76953125 0.9375 0.771484375 0.939453125 0.76953125 0.94140625 0.771484375 0.943359375 0.771484375 0.9453125 0.76953125 0.947265625 0.771484375 0.94921875 0.775390625 0.94921875 0.77734375 0.951171875 0.775390625 0.94921875 0.77734375 0.947265625 0.779296875 0.947265625 0.775390625 0.943359375 0.771484375 0.943359375 0.76953125 0.94140625 0.771484375 0.939453125
1 0.140625 0.9375 0.138671875 0.939453125 0.138671875 0.943359375 0.140625 0.94140625 0.142578125 0.943359375 0.14453125 0.943359375 0.146484375 0.94140625 0.1484375 0.94140625 0.146484375 0.939453125 0.146484375 0.9375
1 0.255859375 0.935546875 0.25390625 0.9375 0.25390625 0.94140625 0.255859375 0.943359375 0.255859375 0.9453125 0.25390625 0.947265625 0.251953125 0.947265625 0.25 0.9453125 0.251953125 0.947265625 0.251953125 0.953125 0.251953125 0.94921875 0.2578125 0.943359375 0.26171875 0.947265625 0.263671875 0.9453125 0.26171875 0.947265625 0.259765625 0.9453125 0.259765625 0.943359375 0.26171875 0.94140625 0.26171875 0.9375 0.259765625 0.935546875
1 0.021484375 0.935546875 0.021484375 0.9375 0.017578125 0.94140625 0.021484375 0.9453125 0.01953125 0.947265625 0.021484375 0.9453125 0.025390625 0.94921875 0.0234375 0.951171875 0.0234375 0.953125 0.025390625 0.955078125 0.0234375 0.95703125 0.025390625 0.955078125 0.0234375 0.953125 0.0234375 0.951171875 0.02734375 0.947265625 0.02734375 0.9453125 0.029296875 0.943359375 0.029296875 0.939453125 0.025390625 0.935546875
1 0.744140625 0.931640625 0.744140625 0.93359375 0.7421875 0.935546875 0.7421875 0.9375 0.744140625 0.939453125 0.7421875 0.94140625 0.7421875 0.943359375 0.744140625 0.9453125 0.740234375 0.94921875 0.744140625 0.9453125 0.74609375 0.947265625 0.7421875 0.943359375 0.744140625 0.94140625 0.74609375 0.94140625 0.748046875 0.943359375 0.74609375 0.94140625 0.748046875 0.939453125 0.748046875 0.935546875 0.74609375 0.93359375 0.748046875 0.931640625 0.74609375 0.93359375
1 0.310546875 0.921875 0.30859375 0.923828125 0.310546875 0.92578125 0.310546875 0.927734375 0.30859375 0.9296875 0.306640625 0.9296875 0.30859375 0.9296875 0.310546875 0.931640625 0.306640625 0.935546875 0.3046875 0.93359375 0.306640625 0.935546875 0.306640625 0.939453125 0.3046875 0.94140625 0.306640625 0.94140625 0.30859375 0.943359375 0.314453125 0.943359375 0.314453125 0.94140625 0.31640625 0.939453125 0.314453125 0.9375 0.31640625 0.935546875 0.314453125 0.93359375 0.314453125 0.9296875 0.3125 0.9296875 0.310546875 0.927734375 0.310546875 0.92578125 0.30859375 0.923828125
1 0.349609375 0.919921875 0.34765625 0.921875 0.345703125 0.921875 0.34375 0.923828125 0.345703125 0.92578125 0.34375 0.927734375 0.345703125 0.92578125 0.34765625 0.92578125 0.349609375 0.927734375 0.353515625 0.927734375 0.35546875 0.92578125 0.35546875 0.921875 0.353515625 0.919921875
1 0.689453125 0.912109375 0.693359375 0.916015625 0.689453125 0.919921875 0.69140625 0.921875 0.689453125 0.923828125 0.69140625 0.92578125 0.689453125 0.927734375 0.689453125 0.9296875 0.6875 0.931640625 0.69140625 0.927734375 0.693359375 0.9296875 0.6953125 0.9296875 0.697265625 0.931640625 0.697265625 0.93359375 0.6953125 0.935546875 0.693359375 0.93359375 0.6953125 0.935546875 0.697265625 0.93359375 0.69921875 0.93359375 0.697265625 0.931640625 0.701171875 0.927734375 0.701171875 0.91796875 0.697265625 0.91796875 0.6953125 0.916015625 0.693359375 0.916015625
1 0.404296875 0.912109375 0.404296875 0.9140625 0.40234375 0.916015625 0.400390625 0.916015625 0.400390625 0.919921875 0.40234375 0.921875 0.40234375 0.923828125 0.40625 0.927734375 0.404296875 0.9296875 0.40625 0.927734375 0.404296875 0.92578125 0.408203125 0.921875 0.408203125 0.919921875 0.41015625 0.91796875 0.408203125 0.916015625 0.408203125 0.9140625 0.40625 0.9140625
1 0.462890625 0.90625 0.4609375 0.908203125 0.4609375 0.91015625 0.462890625 0.912109375 0.458984375 0.916015625 0.45703125 0.916015625 0.453125 0.912109375 0.455078125 0.91015625 0.453125 0.912109375 0.455078125 0.9140625 0.453125 0.916015625 0.451171875 0.916015625 0.44921875 0.91796875 0.4453125 0.91796875 0.44921875 0.91796875 0.451171875 0.919921875 0.44921875 0.921875 0.451171875 0.923828125 0.453125 0.923828125 0.455078125 0.92578125 0.455078125 0.923828125 0.45703125 0.921875 0.4609375 0.921875 0.462890625 0.919921875 0.4609375 0.921875 0.458984375 0.919921875 0.458984375 0.916015625 0.4609375 0.9140625 0.462890625 0.916015625 0.46484375 0.916015625 0.462890625 0.916015625 0.4609375 0.9140625 0.462890625 0.912109375 0.4609375 0.91015625 0.4609375 0.908203125 0.462890625 0.90625 0.46484375 0.908203125
1 0.107421875 0.90625 0.10546875 0.908203125 0.107421875 0.91015625 0.107421875 0.912109375 0.10546875 0.9140625 0.103515625 0.912109375 0.1015625 0.912109375 0.103515625 0.912109375 0.10546875 0.9140625 0.103515625 0.916015625 0.103515625 0.91796875 0.10546875 0.91796875 0.107421875 0.919921875 0.10546875 0.921875 0.107421875 0.923828125 0.109375 0.921875 0.111328125 0.923828125 0.111328125 0.92578125 0.11328125 0.92578125 0.115234375 0.923828125 0.119140625 0.923828125 0.12109375 0.921875 0.12109375 0.919921875 0.123046875 0.91796875 0.123046875 0.912109375 0.12109375 0.91015625 0.123046875 0.908203125 0.11328125 0.908203125 0.111328125 0.90625 0.109375 0.908203125
1 0.52734375 0.900390625 0.525390625 0.90234375 0.525390625 0.90625 0.5234375 0.908203125 0.525390625 0.91015625 0.5234375 0.912109375 0.5234375 0.9140625 0.51953125 0.91796875 0.5234375 0.9140625 0.5234375 0.912109375 0.52734375 0.908203125 0.529296875 0.91015625 0.529296875 0.912109375 0.52734375 0.9140625 0.533203125 0.908203125 0.537109375 0.908203125 0.533203125 0.908203125 0.53125 0.90625 0.533203125 0.904296875 0.53125 0.90234375 0.529296875 0.90234375
1 0.494140625 0.892578125 0.4921875 0.89453125 0.494140625 0.896484375 0.494140625 0.8984375 0.4921875 0.900390625 0.4921875 0.90625 0.494140625 0.908203125 0.49609375 0.90625 0.498046875 0.90625 0.501953125 0.90234375 0.50390625 0.904296875 0.501953125 0.90234375 0.501953125 0.900390625 0.5 0.8984375 0.5 0.896484375 0.498046875 0.896484375 0.49609375 0.8984375 0.4921875 0.89453125
1 0.693359375 0.888671875 0.69140625 0.890625 0.69140625 0.892578125 0.689453125 0.89453125 0.6953125 0.89453125 0.6953125 0.892578125 0.697265625 0.890625 0.6953125 0.888671875
1 0.744140625 0.88671875 0.7421875 0.888671875 0.744140625 0.890625 0.7421875 0.892578125 0.7421875 0.89453125 0.740234375 0.896484375 0.736328125 0.892578125 0.736328125 0.896484375 0.734375 0.8984375 0.734375 0.900390625 0.736328125 0.90234375 0.736328125 0.904296875 0.73828125 0.90234375 0.740234375 0.904296875 0.7421875 0.90234375 0.744140625 0.904296875 0.74609375 0.90234375 0.74609375 0.900390625 0.744140625 0.900390625 0.740234375 0.896484375 0.7421875 0.89453125 0.7421875 0.892578125 0.744140625 0.890625 0.74609375 0.892578125 0.7421875 0.888671875
1 0.306640625 0.88671875 0.3046875 0.888671875 0.3046875 0.892578125 0.302734375 0.89453125 0.30078125 0.892578125 0.298828125 0.892578125 0.296875 0.89453125 0.298828125 0.892578125 0.30078125 0.892578125 0.302734375 0.89453125 0.302734375 0.896484375 0.30078125 0.8984375 0.296875 0.8984375 0.30078125 0.8984375 0.302734375 0.896484375 0.3046875 0.8984375 0.3046875 0.900390625 0.30859375 0.900390625 0.310546875 0.90234375 0.310546875 0.900390625 0.3125 0.8984375 0.31640625 0.8984375 0.314453125 0.896484375 0.31640625 0.89453125 0.31640625 0.892578125 0.314453125 0.892578125 0.310546875 0.888671875 0.30859375 0.888671875
1 0.20703125 0.8828125 0.205078125 0.884765625 0.201171875 0.884765625 0.19921875 0.88671875 0.197265625 0.884765625 0.19921875 0.88671875 0.19921875 0.888671875 0.1953125 0.892578125 0.197265625 0.890625 0.201171875 0.89453125 0.19921875 0.896484375 0.197265625 0.896484375 0.19921875 0.896484375 0.201171875 0.8984375 0.201171875 0.900390625 0.19921875 0.90234375 0.201171875 0.904296875 0.19921875 0.90234375 0.201171875 0.900390625 0.201171875 0.8984375 0.203125 0.896484375 0.201171875 0.89453125 0.203125 0.892578125 0.205078125 0.892578125 0.208984375 0.896484375 0.212890625 0.896484375 0.21484375 0.89453125 0.216796875 0.896484375 0.216796875 0.8984375 0.216796875 0.896484375 0.21484375 0.89453125 0.21484375 0.892578125 0.21484375 0.89453125 0.212890625 0.896484375 0.208984375 0.896484375 0.20703125 0.89453125 0.2109375 0.890625 0.208984375 0.888671875 0.208984375 0.884765625
1 0.640625 0.875 0.642578125 0.876953125 0.640625 0.87890625 0.640625 0.8828125 0.64453125 0.88671875 0.642578125 0.884765625 0.64453125 0.8828125 0.646484375 0.8828125 0.64453125 0.880859375 0.64453125 0.87890625
1 0.146484375 0.87109375 0.146484375 0.873046875 0.142578125 0.876953125 0.14453125 0.87890625 0.142578125 0.880859375 0.140625 0.880859375 0.142578125 0.880859375 0.14453125 0.87890625 0.146484375 0.87890625 0.1484375 0.876953125 0.150390625 0.876953125 0.15234375 0.87890625 0.150390625 0.880859375 0.15234375 0.87890625 0.1484375 0.875 0.150390625 0.873046875 0.1484375 0.875 0.146484375 0.873046875
1 0.7265625 0.861328125 0.724609375 0.86328125 0.724609375 0.865234375 0.7265625 0.8671875 0.7265625 0.869140625 0.720703125 0.875 0.720703125 0.87890625 0.71875 0.880859375 0.720703125 0.8828125 0.720703125 0.884765625 0.71875 0.88671875 0.720703125 0.884765625 0.72265625 0.88671875 0.72265625 0.888671875 0.724609375 0.88671875 0.73046875 0.88671875 0.732421875 0.884765625 0.734375 0.884765625 0.734375 0.8828125 0.736328125 0.880859375 0.736328125 0.873046875 0.73828125 0.87109375 0.736328125 0.869140625 0.73828125 0.8671875 0.740234375 0.8671875 0.73828125 0.8671875 0.734375 0.87109375 0.732421875 0.869140625 0.728515625 0.869140625 0.7265625 0.8671875 0.728515625 0.865234375 0.7265625 0.865234375 0.724609375 0.86328125
1 0.603515625 0.84375 0.6015625 0.845703125 0.603515625 0.84765625 0.6015625 0.849609375 0.603515625 0.84765625 0.60546875 0.849609375 0.60546875 0.853515625 0.603515625 0.85546875 0.60546875 0.857421875 0.6015625 0.861328125 0.603515625 0.859375 0.607421875 0.86328125 0.60546875 0.865234375 0.603515625 0.865234375 0.60546875 0.865234375 0.607421875 0.8671875 0.607421875 0.869140625 0.60546875 0.87109375 0.607421875 0.873046875 0.609375 0.873046875 0.611328125 0.87109375 0.61328125 0.87109375 0.615234375 0.873046875 0.62109375 0.8671875 0.623046875 0.8671875 0.62109375 0.8671875 0.615234375 0.873046875 0.61328125 0.87109375 0.611328125 0.87109375 0.60546875 0.865234375 0.609375 0.861328125 0.615234375 0.8671875 0.619140625 0.86328125 0.6171875 0.861328125 0.619140625 0.859375 0.6171875 0.857421875 0.6171875 0.849609375 0.615234375 0.84765625 0.615234375 0.845703125 0.61328125 0.84765625 0.611328125 0.845703125 0.609375 0.845703125 0.60546875 0.849609375 0.6015625 0.845703125
