0 0.916015625 0.59375 0.91796875 0.595703125 0.91796875 0.59765625 0.919921875 0.599609375 0.91796875 0.6015625 0.916015625 0.6015625 0.912109375 0.59765625 0.912109375 0.595703125 0.912109375 0.59765625 0.9140625 0.599609375 0.91015625 0.603515625 0.912109375 0.603515625 0.9140625 0.60546875 0.916015625 0.60546875 0.91796875 0.603515625 0.91796875 0.6015625 0.919921875 0.599609375 0.91796875 0.59765625 0.91796875 0.595703125
0 0.9609375 0.552734375 0.958984375 0.5546875 0.955078125 0.5546875 0.953125 0.556640625 0.953125 0.55859375 0.958984375 0.55859375 0.9609375 0.556640625 0.958984375 0.5546875
0 0.935546875 0.421875 0.93359375 0.423828125 0.935546875 0.42578125 0.935546875 0.427734375 0.93359375 0.4296875 0.931640625 0.4296875 0.93359375 0.4296875 0.935546875 0.431640625 0.931640625 0.435546875 0.9296875 0.43359375 0.931640625 0.435546875 0.931640625 0.439453125 0.927734375 0.443359375 0.9296875 0.44140625 0.93359375 0.4453125 0.939453125 0.4453125 0.943359375 0.44140625 0.9453125 0.443359375 0.94140625 0.439453125 0.94140625 0.435546875 0.943359375 0.43359375 0.9453125 0.43359375 0.9375 0.43359375 0.935546875 0.431640625 0.9375 0.4296875 0.939453125 0.4296875 0.9375 0.4296875 0.935546875 0.427734375 0.935546875 0.42578125 0.93359375 0.423828125
0 0.904296875 0.359375 0.90234375 0.361328125 0.90234375 0.36328125 0.900390625 0.365234375 0.8984375 0.365234375 0.896484375 0.36328125 0.89453125 0.365234375 0.896484375 0.3671875 0.896484375 0.369140625 0.900390625 0.373046875 0.90234375 0.37109375 0.90234375 0.361328125
0 0.84375 0.28125 0.83984375 0.28515625 0.83984375 0.2890625 0.84375 0.2890625 0.845703125 0.291015625 0.84375 0.29296875 0.841796875 0.29296875 0.84375 0.29296875 0.845703125 0.291015625 0.84375 0.2890625 0.845703125 0.287109375 0.845703125 0.28515625 0.84375 0.28515625 0.841796875 0.283203125
0 0.876953125 0.189453125 0.873046875 0.193359375 0.87109375 0.193359375 0.87109375 0.1953125 0.875 0.1953125 0.876953125 0.197265625 0.876953125 0.19921875 0.876953125 0.193359375 0.87890625 0.19140625
0 0.01953125 0.17578125 0.017578125 0.177734375 0.021484375 0.181640625 0.01953125 0.18359375 0.021484375 0.18359375 0.0234375 0.185546875 0.025390625 0.185546875 0.025390625 0.1796875 0.0234375 0.177734375 0.0234375 0.1796875 0.021484375 0.181640625 0.017578125 0.177734375
0 0.8828125 0.14453125 0.884765625 0.146484375 0.8828125 0.1484375 0.8828125 0.150390625 0.88671875 0.150390625 0.888671875 0.15234375 0.888671875 0.150390625 0.890625 0.1484375 0.892578125 0.1484375 0.890625 0.1484375 0.888671875 0.146484375 0.890625 0.14453125 0.892578125 0.14453125 0.888671875 0.14453125 0.88671875 0.146484375 0.884765625 0.146484375
1 0.916015625 0.59375 0.91796875 0.595703125 0.91796875 0.59765625 0.919921875 0.599609375 0.91796875 0.6015625 0.916015625 0.6015625 0.912109375 0.59765625 0.912109375 0.595703125 0.912109375 0.59765625 0.9140625 0.599609375 0.91015625 0.603515625 0.912109375 0.603515625 0.9140625 0.60546875 0.916015625 0.60546875 0.91796875 0.603515625 0.91796875 0.6015625 0.919921875 0.599609375 0.91796875 0.59765625 0.91796875 0.595703125
1 0.9609375 0.552734375 0.958984375 0.5546875 0.955078125 0.5546875 0.953125 0.556640625 0.953125 0.55859375 0.958984375 0.55859375 0.9609375 0.556640625 0.958984375 0.5546875
1 0.935546875 0.421875 0.93359375 0.423828125 0.935546875 0.42578125 0.935546875 0.427734375 0.93359375 0.4296875 0.931640625 0.4296875 0.93359375 0.4296875 0.935546875 0.431640625 0.931640625 0.435546875 0.9296875 0.43359375 0.931640625 0.435546875 0.931640625 0.439453125 0.927734375 0.443359375 0.9296875 0.44140625 0.93359375 0.4453125 0.939453125 0.4453125 0.943359375 0.44140625 0.9453125 0.443359375 0.94140625 0.439453125 0.94140625 0.435546875 0.943359375 0.43359375 0.9453125 0.43359375 0.9375 0.43359375 0.935546875 0.431640625 0.9375 0.4296875 0.939453125 0.4296875 0.9375 0.4296875 0.935546875 0.427734375 0.935546875 0.42578125 0.93359375 0.423828125
1 0.904296875 0.359375 0.90234375 0.361328125 0.90234375 0.36328125 0.900390625 0.365234375 0.8984375 0.365234375 0.896484375 0.36328125 0.89453125 0.365234375 0.896484375 0.3671875 0.896484375 0.369140625 0.900390625 0.373046875 0.90234375 0.37109375 0.90234375 0.361328125
1 0.84375 0.28125 0.83984375 0.28515625 0.83984375 0.2890625 0.84375 0.2890625 0.845703125 0.291015625 0.84375 0.29296875 0.841796875 0.29296875 0.84375 0.29296875 0.845703125 0.291015625 0.84375 0.2890625 0.845703125 0.287109375 0.845703125 0.28515625 0.84375 0.28515625 0.841796875 0.283203125
1 0.876953125 0.189453125 0.873046875 0.193359375 0.87109375 0.193359375 0.87109375 0.1953125 0.875 0.1953125 0.876953125 0.197265625 0.876953125 0.19921875 0.876953125 0.193359375 0.87890625 0.19140625
1 0.01953125 0.17578125 0.017578125 0.177734375 0.021484375 0.181640625 0.01953125 0.18359375 0.021484375 0.18359375 0.0234375 0.185546875 0.025390625 0.185546875 0.025390625 0.1796875 0.0234375 0.177734375 0.0234375 0.1796875 0.021484375 0.181640625 0.017578125 0.177734375
1 0.8828125 0.14453125 0.884765625 0.146484375 0.8828125 0.1484375 0.8828125 0.150390625 0.88671875 0.150390625 0.888671875 0.15234375 0.888671875 0.150390625 0.890625 0.1484375 0.892578125 0.1484375 0.890625 0.1484375 0.888671875 0.146484375 0.890625 0.14453125 0.892578125 0.14453125 0.888671875 0.14453125 0.88671875 0.146484375 0.884765625 0.146484375
