0 0.955078125 0.609375 0.95703125 0.611328125 0.958984375 0.611328125 0.9609375 0.61328125 0.958984375 0.615234375 0.95703125 0.615234375 0.955078125 0.6171875 0.955078125 0.619140625 0.95703125 0.62109375 0.9609375 0.62109375 0.9609375 0.619140625 0.962890625 0.6171875 0.96484375 0.619140625 0.962890625 0.6171875 0.9609375 0.619140625 0.958984375 0.6171875 0.958984375 0.615234375 0.9609375 0.61328125 0.958984375 0.611328125 0.95703125 0.611328125
0 0.771484375 0.59375 0.76953125 0.595703125 0.767578125 0.595703125 0.765625 0.59765625 0.765625 0.599609375 0.767578125 0.599609375 0.76953125 0.6015625 0.771484375 0.6015625 0.76953125 0.599609375 0.771484375 0.59765625 0.7734375 0.59765625 0.77734375 0.6015625 0.775390625 0.603515625 0.77734375 0.60546875 0.775390625 0.603515625 0.77734375 0.6015625 0.779296875 0.6015625 0.77734375 0.599609375 0.775390625 0.599609375 0.7734375 0.59765625 0.77734375 0.59375 0.779296875 0.595703125 0.77734375 0.59375 0.7734375 0.59765625 0.771484375 0.595703125
0 0.76953125 0.4375 0.771484375 0.439453125 0.76953125 0.44140625 0.771484375 0.443359375 0.76953125 0.4453125 0.767578125 0.4453125 0.765625 0.447265625 0.767578125 0.44921875 0.765625 0.447265625 0.767578125 0.4453125 0.771484375 0.4453125 0.775390625 0.44921875 0.77734375 0.447265625 0.775390625 0.4453125 0.775390625 0.443359375 0.7734375 0.443359375 0.771484375 0.44140625 0.7734375 0.439453125 0.771484375 0.439453125
0 0.53125 0.392578125 0.529296875 0.39453125 0.529296875 0.3984375 0.52734375 0.400390625 0.525390625 0.400390625 0.52734375 0.400390625 0.529296875 0.40234375 0.53125 0.400390625 0.529296875 0.3984375 0.53125 0.396484375 0.533203125 0.396484375 0.533203125 0.39453125 0.53515625 0.392578125
0 0.921875 0.375 0.921875 0.376953125 0.923828125 0.37890625 0.927734375 0.375 0.9296875 0.376953125 0.9296875 0.380859375 0.927734375 0.3828125 0.927734375 0.384765625 0.93359375 0.384765625 0.935546875 0.38671875 0.93359375 0.388671875 0.935546875 0.38671875 0.93359375 0.384765625 0.935546875 0.3828125 0.93359375 0.3828125 0.931640625 0.380859375 0.93359375 0.37890625 0.931640625 0.380859375 0.9296875 0.37890625 0.9296875 0.376953125 0.931640625 0.375 0.9296875 0.376953125 0.927734375 0.375
0 0.9375 0.236328125 0.935546875 0.23828125 0.935546875 0.2421875 0.93359375 0.244140625 0.931640625 0.244140625 0.93359375 0.244140625 0.935546875 0.24609375 0.9375 0.244140625 0.935546875 0.2421875 0.9375 0.240234375 0.939453125 0.240234375 0.939453125 0.23828125 0.94140625 0.236328125
0 0.578125 0.220703125 0.578125 0.2265625 0.580078125 0.2265625 0.58203125 0.228515625 0.580078125 0.23046875 0.583984375 0.2265625 0.5859375 0.228515625 0.587890625 0.2265625 0.5859375 0.228515625 0.58203125 0.224609375 0.58203125 0.22265625 0.580078125 0.22265625
1 0.955078125 0.609375 0.95703125 0.611328125 0.958984375 0.611328125 0.9609375 0.61328125 0.958984375 0.615234375 0.95703125 0.615234375 0.955078125 0.6171875 0.955078125 0.619140625 0.95703125 0.62109375 0.9609375 0.62109375 0.9609375 0.619140625 0.962890625 0.6171875 0.96484375 0.619140625 0.962890625 0.6171875 0.9609375 0.619140625 0.958984375 0.6171875 0.958984375 0.615234375 0.9609375 0.61328125 0.958984375 0.611328125 0.95703125 0.611328125
1 0.771484375 0.59375 0.76953125 0.595703125 0.767578125 0.595703125 0.765625 0.59765625 0.765625 0.599609375 0.767578125 0.599609375 0.76953125 0.6015625 0.771484375 0.6015625 0.76953125 0.599609375 0.771484375 0.59765625 0.7734375 0.59765625 0.77734375 0.6015625 0.775390625 0.603515625 0.77734375 0.60546875 0.775390625 0.603515625 0.77734375 0.6015625 0.779296875 0.6015625 0.77734375 0.599609375 0.775390625 0.599609375 0.7734375 0.59765625 0.77734375 0.59375 0.779296875 0.595703125 0.77734375 0.59375 0.7734375 0.59765625 0.771484375 0.595703125
1 0.76953125 0.4375 0.771484375 0.439453125 0.76953125 0.44140625 0.771484375 0.443359375 0.76953125 0.4453125 0.767578125 0.4453125 0.765625 0.447265625 0.767578125 0.44921875 0.765625 0.447265625 0.767578125 0.4453125 0.771484375 0.4453125 0.775390625 0.44921875 0.77734375 0.447265625 0.775390625 0.4453125 0.775390625 0.443359375 0.7734375 0.443359375 0.771484375 0.44140625 0.7734375 0.439453125 0.771484375 0.439453125
1 0.53125 0.392578125 0.529296875 0.39453125 0.529296875 0.3984375 0.52734375 0.400390625 0.525390625 0.400390625 0.52734375 0.400390625 0.529296875 0.40234375 0.53125 0.400390625 0.529296875 0.3984375 0.53125 0.396484375 0.533203125 0.396484375 0.533203125 0.39453125 0.53515625 0.392578125
1 0.921875 0.375 0.921875 0.376953125 0.923828125 0.37890625 0.927734375 0.375 0.9296875 0.376953125 0.9296875 0.380859375 0.927734375 0.3828125 0.927734375 0.384765625 0.93359375 0.384765625 0.935546875 0.38671875 0.93359375 0.388671875 0.935546875 0.38671875 0.93359375 0.384765625 0.935546875 0.3828125 0.93359375 0.3828125 0.931640625 0.380859375 0.93359375 0.37890625 0.931640625 0.380859375 0.9296875 0.37890625 0.9296875 0.376953125 0.931640625 0.375 0.9296875 0.376953125 0.927734375 0.375
1 0.9375 0.236328125 0.935546875 0.23828125 0.935546875 0.2421875 0.93359375 0.244140625 0.931640625 0.244140625 0.93359375 0.244140625 0.935546875 0.24609375 0.9375 0.244140625 0.935546875 0.2421875 0.9375 0.240234375 0.939453125 0.240234375 0.939453125 0.23828125 0.94140625 0.236328125
1 0.578125 0.220703125 0.578125 0.2265625 0.580078125 0.2265625 0.58203125 0.228515625 0.580078125 0.23046875 0.583984375 0.2265625 0.5859375 0.228515625 0.587890625 0.2265625 0.5859375 0.228515625 0.58203125 0.224609375 0.58203125 0.22265625 0.580078125 0.22265625
