0 0.203125 0.3359375 0.205078125 0.337890625 0.205078125 0.33984375 0.19921875 0.345703125 0.1953125 0.345703125 0.19921875 0.345703125 0.201171875 0.34765625 0.203125 0.34765625 0.205078125 0.349609375 0.203125 0.3515625 0.203125 0.353515625 0.201171875 0.35546875 0.203125 0.357421875 0.205078125 0.35546875 0.203125 0.353515625 0.203125 0.3515625 0.205078125 0.349609375 0.20703125 0.349609375 0.205078125 0.349609375 0.203125 0.34765625 0.20703125 0.34375 0.208984375 0.345703125 0.20703125 0.34375 0.20703125 0.341796875 0.205078125 0.33984375 0.205078125 0.3359375
0 0.078125 0.099609375 0.078125 0.1015625 0.083984375 0.107421875 0.087890625 0.107421875 0.08984375 0.10546875 0.087890625 0.103515625 0.08984375 0.1015625 0.087890625 0.103515625 0.083984375 0.103515625 0.08203125 0.10546875 0.078125 0.1015625
0 0.591796875 0.087890625 0.58984375 0.08984375 0.58203125 0.08984375 0.583984375 0.091796875 0.583984375 0.09375 0.5859375 0.095703125 0.587890625 0.095703125 0.587890625 0.091796875
0 0.4375 0.052734375 0.439453125 0.0546875 0.439453125 0.05859375 0.4375 0.060546875 0.443359375 0.060546875 0.4453125 0.05859375 0.447265625 0.060546875 0.4453125 0.05859375 0.44921875 0.0546875 0.451171875 0.056640625 0.44921875 0.0546875 0.447265625 0.056640625 0.4453125 0.056640625 0.443359375 0.0546875 0.443359375 0.052734375 0.443359375 0.0546875 0.44140625 0.056640625
0 0.2578125 0.015625 0.255859375 0.017578125 0.25390625 0.017578125 0.255859375 0.017578125 0.2578125 0.01953125 0.2578125 0.021484375 0.255859375 0.0234375 0.25390625 0.021484375 0.251953125 0.021484375 0.25390625 0.021484375 0.255859375 0.0234375 0.25390625 0.025390625 0.251953125 0.025390625 0.251953125 0.033203125 0.25390625 0.03515625 0.251953125 0.037109375 0.25390625 0.03515625 0.255859375 0.03515625 0.2578125 0.033203125 0.259765625 0.033203125 0.2578125 0.03125 0.26171875 0.02734375 0.263671875 0.029296875 0.26171875 0.02734375 0.259765625 0.02734375 0.259765625 0.029296875 0.2578125 0.03125 0.25390625 0.02734375 0.25390625 0.025390625 0.2578125 0.021484375 0.2578125 0.01953125 0.255859375 0.017578125
1 0.203125 0.3359375 0.205078125 0.337890625 0.205078125 0.33984375 0.19921875 0.345703125 0.1953125 0.345703125 0.19921875 0.345703125 0.201171875 0.34765625 0.203125 0.34765625 0.205078125 0.349609375 0.203125 0.3515625 0.203125 0.353515625 0.201171875 0.35546875 0.203125 0.357421875 0.205078125 0.35546875 0.203125 0.353515625 0.203125 0.3515625 0.205078125 0.349609375 0.20703125 0.349609375 0.205078125 0.349609375 0.203125 0.34765625 0.20703125 0.34375 0.208984375 0.345703125 0.20703125 0.34375 0.20703125 0.341796875 0.205078125 0.33984375 0.205078125 0.3359375
1 0.078125 0.099609375 0.078125 0.1015625 0.083984375 0.107421875 0.087890625 0.107421875 0.08984375 0.10546875 0.087890625 0.103515625 0.08984375 0.1015625 0.087890625 0.103515625 0.083984375 0.103515625 0.08203125 0.10546875 0.078125 0.1015625
1 0.591796875 0.087890625 0.58984375 0.08984375 0.58203125 0.08984375 0.583984375 0.091796875 0.583984375 0.09375 0.5859375 0.095703125 0.587890625 0.095703125 0.587890625 0.091796875
1 0.4375 0.052734375 0.439453125 0.0546875 0.439453125 0.05859375 0.4375 0.060546875 0.443359375 0.060546875 0.4453125 0.05859375 0.447265625 0.060546875 0.4453125 0.05859375 0.44921875 0.0546875 0.451171875 0.056640625 0.44921875 0.0546875 0.447265625 0.056640625 0.4453125 0.056640625 0.443359375 0.0546875 0.443359375 0.052734375 0.443359375 0.0546875 0.44140625 0.056640625
1 0.2578125 0.015625 0.255859375 0.017578125 0.25390625 0.017578125 0.255859375 0.017578125 0.2578125 0.01953125 0.2578125 0.021484375 0.255859375 0.0234375 0.25390625 0.021484375 0.251953125 0.021484375 0.25390625 0.021484375 0.255859375 0.0234375 0.25390625 0.025390625 0.251953125 0.025390625 0.251953125 0.033203125 0.25390625 0.03515625 0.251953125 0.037109375 0.25390625 0.03515625 0.255859375 0.03515625 0.2578125 0.033203125 0.259765625 0.033203125 0.2578125 0.03125 0.26171875 0.02734375 0.263671875 0.029296875 0.26171875 0.02734375 0.259765625 0.02734375 0.259765625 0.029296875 0.2578125 0.03125 0.25390625 0.02734375 0.25390625 0.025390625 0.2578125 0.021484375 0.2578125 0.01953125 0.255859375 0.017578125
