0 0.06640625 0.7421875 0.06640625 0.744140625 0.064453125 0.74609375 0.064453125 0.751953125 0.06640625 0.75 0.068359375 0.751953125 0.068359375 0.75 0.0703125 0.748046875 0.072265625 0.75 0.072265625 0.751953125 0.072265625 0.75 0.0703125 0.748046875 0.0703125 0.74609375 0.068359375 0.744140625 0.068359375 0.7421875
0 0.080078125 0.64453125 0.08203125 0.646484375 0.08203125 0.6484375 0.083984375 0.6484375 0.0859375 0.650390625 0.087890625 0.650390625 0.0859375 0.6484375 0.087890625 0.646484375 0.0859375 0.64453125
0 0.189453125 0.583984375 0.1875 0.5859375 0.189453125 0.587890625 0.189453125 0.58984375 0.19140625 0.58984375 0.193359375 0.591796875 0.1953125 0.58984375 0.197265625 0.591796875 0.193359375 0.587890625 0.1953125 0.5859375 0.197265625 0.5859375 0.1953125 0.5859375 0.193359375 0.583984375 0.19140625 0.5859375
0 0.98828125 0.26171875 0.990234375 0.26171875 0.9921875 0.263671875 0.9921875 0.267578125 0.990234375 0.26953125 0.9921875 0.267578125 0.994140625 0.26953125 0.99609375 0.267578125 0.99609375 0.263671875 0.994140625 0.26171875 0.9921875 0.263671875 0.990234375 0.26171875
0 0.2265625 0.25 0.2265625 0.25390625 0.23046875 0.2578125 0.232421875 0.2578125 0.23046875 0.255859375 0.23046875 0.25 0.228515625 0.251953125
1 0.06640625 0.7421875 0.06640625 0.744140625 0.064453125 0.74609375 0.064453125 0.751953125 0.06640625 0.75 0.068359375 0.751953125 0.068359375 0.75 0.0703125 0.748046875 0.072265625 0.75 0.072265625 0.751953125 0.072265625 0.75 0.0703125 0.748046875 0.0703125 0.74609375 0.068359375 0.744140625 0.068359375 0.7421875
1 0.080078125 0.64453125 0.08203125 0.646484375 0.08203125 0.6484375 0.083984375 0.6484375 0.0859375 0.650390625 0.087890625 0.650390625 0.0859375 0.6484375 0.087890625 0.646484375 0.0859375 0.64453125
1 0.189453125 0.583984375 0.1875 0.5859375 0.189453125 0.587890625 0.189453125 0.58984375 0.19140625 0.58984375 0.193359375 0.591796875 0.1953125 0.58984375 0.197265625 0.591796875 0.193359375 0.587890625 0.1953125 0.5859375 0.197265625 0.5859375 0.1953125 0.5859375 0.193359375 0.583984375 0.19140625 0.5859375
1 0.98828125 0.26171875 0.990234375 0.26171875 0.9921875 0.263671875 0.9921875 0.267578125 0.990234375 0.26953125 0.9921875 0.267578125 0.994140625 0.26953125 0.99609375 0.267578125 0.99609375 0.263671875 0.994140625 0.26171875 0.9921875 0.263671875 0.990234375 0.26171875
1 0.2265625 0.25 0.2265625 0.25390625 0.23046875 0.2578125 0.232421875 0.2578125 0.23046875 0.255859375 0.23046875 0.25 0.228515625 0.251953125
