0 0.974609375 0.892578125 0.97265625 0.89453125 0.97265625 0.896484375 0.974609375 0.8984375 0.97265625 0.900390625 0.978515625 0.89453125 0.978515625 0.892578125
0 0.048828125 0.330078125 0.046875 0.33203125 0.04296875 0.33203125 0.04296875 0.333984375 0.044921875 0.3359375 0.04296875 0.337890625 0.044921875 0.33984375 0.04296875 0.337890625 0.044921875 0.3359375 0.046875 0.3359375 0.048828125 0.337890625 0.048828125 0.33984375 0.048828125 0.333984375 0.05078125 0.33203125
0 0.625 0.083984375 0.62890625 0.087890625 0.626953125 0.08984375 0.62890625 0.091796875 0.626953125 0.08984375 0.62890625 0.087890625 0.630859375 0.087890625 0.6328125 0.08984375 0.63671875 0.08984375 0.638671875 0.091796875 0.63671875 0.08984375 0.63671875 0.087890625 0.634765625 0.0859375 0.630859375 0.0859375 0.62890625 0.087890625
0 0.646484375 0.0625 0.64453125 0.064453125 0.646484375 0.0625 0.6484375 0.064453125 0.6484375 0.06640625 0.646484375 0.068359375 0.64453125 0.068359375 0.64453125 0.0703125 0.646484375 0.072265625 0.64453125 0.07421875 0.646484375 0.07421875 0.6484375 0.072265625 0.6484375 0.0703125 0.650390625 0.068359375 0.65234375 0.068359375 0.650390625 0.068359375 0.6484375 0.06640625 0.65234375 0.0625 0.650390625 0.064453125 0.6484375 0.064453125
0 0.927734375 0.03125 0.92578125 0.033203125 0.927734375 0.03125 0.9296875 0.033203125 0.9296875 0.03515625 0.927734375 0.037109375 0.92578125 0.037109375 0.92578125 0.0390625 0.927734375 0.041015625 0.92578125 0.04296875 0.927734375 0.04296875 0.9296875 0.041015625 0.9296875 0.0390625 0.931640625 0.037109375 0.93359375 0.037109375 0.931640625 0.037109375 0.9296875 0.03515625 0.93359375 0.03125 0.931640625 0.033203125 0.9296875 0.033203125
1 0.974609375 0.892578125 0.97265625 0.89453125 0.97265625 0.896484375 0.974609375 0.8984375 0.97265625 0.900390625 0.978515625 0.89453125 0.978515625 0.892578125
1 0.048828125 0.330078125 0.046875 0.33203125 0.04296875 0.33203125 0.04296875 0.333984375 0.044921875 0.3359375 0.04296875 0.337890625 0.044921875 0.33984375 0.04296875 0.337890625 0.044921875 0.3359375 0.046875 0.3359375 0.048828125 0.337890625 0.048828125 0.33984375 0.048828125 0.333984375 0.05078125 0.33203125
1 0.625 0.083984375 0.62890625 0.087890625 0.626953125 0.08984375 0.62890625 0.091796875 0.626953125 0.08984375 0.62890625 0.087890625 0.630859375 0.087890625 0.6328125 0.08984375 0.63671875 0.08984375 0.638671875 0.091796875 0.63671875 0.08984375 0.63671875 0.087890625 0.634765625 0.0859375 0.630859375 0.0859375 0.62890625 0.087890625
1 0.646484375 0.0625 0.64453125 0.064453125 0.646484375 0.0625 0.6484375 0.064453125 0.6484375 0.06640625 0.646484375 0.068359375 0.64453125 0.068359375 0.64453125 0.0703125 0.646484375 0.072265625 0.64453125 0.07421875 0.646484375 0.07421875 0.6484375 0.072265625 0.6484375 0.0703125 0.650390625 0.068359375 0.65234375 0.068359375 0.650390625 0.068359375 0.6484375 0.06640625 0.65234375 0.0625 0.650390625 0.064453125 0.6484375 0.064453125
1 0.927734375 0.03125 0.92578125 0.033203125 0.927734375 0.03125 0.9296875 0.033203125 0.9296875 0.03515625 0.927734375 0.037109375 0.92578125 0.037109375 0.92578125 0.0390625 0.927734375 0.041015625 0.92578125 0.04296875 0.927734375 0.04296875 0.9296875 0.041015625 0.9296875 0.0390625 0.931640625 0.037109375 0.93359375 0.037109375 0.931640625 0.037109375 0.9296875 0.03515625 0.93359375 0.03125 0.931640625 0.033203125 0.9296875 0.033203125
