0 0.326171875 0.421875 0.32421875 0.423828125 0.326171875 0.42578125 0.326171875 0.427734375 0.32421875 0.4296875 0.322265625 0.4296875 0.32421875 0.4296875 0.326171875 0.431640625 0.322265625 0.435546875 0.3203125 0.43359375 0.322265625 0.435546875 0.3203125 0.4375 0.3203125 0.439453125 0.322265625 0.44140625 0.3203125 0.439453125 0.3203125 0.4375 0.322265625 0.435546875 0.326171875 0.439453125 0.326171875 0.4375 0.328125 0.435546875 0.328125 0.43359375 0.32421875 0.4296875 0.326171875 0.427734375 0.326171875 0.42578125 0.32421875 0.423828125
0 0.904296875 0.236328125 0.90234375 0.23828125 0.900390625 0.23828125 0.90234375 0.23828125 0.904296875 0.240234375 0.904296875 0.244140625 0.908203125 0.248046875 0.90625 0.24609375 0.908203125 0.244140625 0.90625 0.2421875 0.908203125 0.240234375
0 0.353515625 0.2109375 0.3515625 0.212890625 0.353515625 0.21484375 0.353515625 0.216796875 0.357421875 0.216796875 0.357421875 0.212890625 0.35546875 0.212890625
0 0.0859375 0.203125 0.083984375 0.205078125 0.0859375 0.20703125 0.08203125 0.2109375 0.0859375 0.20703125 0.08984375 0.2109375 0.08984375 0.208984375 0.091796875 0.20703125 0.091796875 0.205078125 0.087890625 0.205078125
0 0.794921875 0.189453125 0.79296875 0.19140625 0.794921875 0.193359375 0.79296875 0.1953125 0.79296875 0.197265625 0.796875 0.197265625 0.796875 0.193359375 0.798828125 0.19140625 0.80078125 0.19140625 0.798828125 0.19140625 0.796875 0.189453125
0 0.302734375 0.142578125 0.3046875 0.14453125 0.3046875 0.146484375 0.306640625 0.1484375 0.306640625 0.150390625 0.310546875 0.146484375 0.306640625 0.142578125 0.3046875 0.14453125
0 0.142578125 0.111328125 0.140625 0.11328125 0.14453125 0.1171875 0.146484375 0.115234375 0.150390625 0.119140625 0.1484375 0.12109375 0.150390625 0.123046875 0.1484375 0.12109375 0.150390625 0.119140625 0.1484375 0.1171875 0.1484375 0.115234375 0.146484375 0.11328125 0.146484375 0.111328125 0.14453125 0.11328125
0 0.810546875 0.099609375 0.810546875 0.1015625 0.80859375 0.103515625 0.810546875 0.103515625 0.8125 0.10546875 0.814453125 0.103515625 0.814453125 0.099609375
0 0.341796875 0.064453125 0.33984375 0.06640625 0.33984375 0.0703125 0.34375 0.0703125 0.34375 0.068359375 0.345703125 0.06640625 0.34375 0.06640625
0 0.8828125 0.0546875 0.884765625 0.0546875 0.88671875 0.056640625 0.884765625 0.05859375 0.88671875 0.060546875 0.884765625 0.0625 0.88671875 0.064453125 0.88671875 0.068359375 0.888671875 0.068359375 0.88671875 0.06640625 0.88671875 0.064453125 0.890625 0.060546875 0.892578125 0.060546875 0.890625 0.05859375 0.888671875 0.05859375 0.884765625 0.0546875
0 0.630859375 0.0 0.62890625 0.001953125 0.62890625 0.00390625 0.630859375 0.00390625 0.6328125 0.005859375 0.6328125 0.0078125 0.63671875 0.01171875 0.634765625 0.009765625 0.63671875 0.0078125 0.634765625 0.005859375 0.63671875 0.00390625 0.63671875 0.001953125 0.63671875 0.00390625 0.634765625 0.005859375 0.6328125 0.005859375 0.630859375 0.00390625 0.6328125 0.001953125 0.6328125 0.0
1 0.326171875 0.421875 0.32421875 0.423828125 0.326171875 0.42578125 0.326171875 0.427734375 0.32421875 0.4296875 0.322265625 0.4296875 0.32421875 0.4296875 0.326171875 0.431640625 0.322265625 0.435546875 0.3203125 0.43359375 0.322265625 0.435546875 0.3203125 0.4375 0.3203125 0.439453125 0.322265625 0.44140625 0.3203125 0.439453125 0.3203125 0.4375 0.322265625 0.435546875 0.326171875 0.439453125 0.326171875 0.4375 0.328125 0.435546875 0.328125 0.43359375 0.32421875 0.4296875 0.326171875 0.427734375 0.326171875 0.42578125 0.32421875 0.423828125
1 0.904296875 0.236328125 0.90234375 0.23828125 0.900390625 0.23828125 0.90234375 0.23828125 0.904296875 0.240234375 0.904296875 0.244140625 0.908203125 0.248046875 0.90625 0.24609375 0.908203125 0.244140625 0.90625 0.2421875 0.908203125 0.240234375
1 0.353515625 0.2109375 0.3515625 0.212890625 0.353515625 0.21484375 0.353515625 0.216796875 0.357421875 0.216796875 0.357421875 0.212890625 0.35546875 0.212890625
1 0.0859375 0.203125 0.083984375 0.205078125 0.0859375 0.20703125 0.08203125 0.2109375 0.0859375 0.20703125 0.08984375 0.2109375 0.08984375 0.208984375 0.091796875 0.20703125 0.091796875 0.205078125 0.087890625 0.205078125
1 0.794921875 0.189453125 0.79296875 0.19140625 0.794921875 0.193359375 0.79296875 0.1953125 0.79296875 0.197265625 0.796875 0.197265625 0.796875 0.193359375 0.798828125 0.19140625 0.80078125 0.19140625 0.798828125 0.19140625 0.796875 0.189453125
1 0.302734375 0.142578125 0.3046875 0.14453125 0.3046875 0.146484375 0.306640625 0.1484375 0.306640625 0.150390625 0.310546875 0.146484375 0.306640625 0.142578125 0.3046875 0.14453125
1 0.142578125 0.111328125 0.140625 0.11328125 0.14453125 0.1171875 0.146484375 0.115234375 0.150390625 0.119140625 0.1484375 0.12109375 0.150390625 0.123046875 0.1484375 0.12109375 0.150390625 0.119140625 0.1484375 0.1171875 0.1484375 0.115234375 0.146484375 0.11328125 0.146484375 0.111328125 0.14453125 0.11328125
1 0.810546875 0.099609375 0.810546875 0.1015625 0.80859375 0.103515625 0.810546875 0.103515625 0.8125 0.10546875 0.814453125 0.103515625 0.814453125 0.099609375
1 0.341796875 0.064453125 0.33984375 0.06640625 0.33984375 0.0703125 0.34375 0.0703125 0.34375 0.068359375 0.345703125 0.06640625 0.34375 0.06640625
1 0.8828125 0.0546875 0.884765625 0.0546875 0.88671875 0.056640625 0.884765625 0.05859375 0.88671875 0.060546875 0.884765625 0.0625 0.88671875 0.064453125 0.88671875 0.068359375 0.888671875 0.068359375 0.88671875 0.06640625 0.88671875 0.064453125 0.890625 0.060546875 0.892578125 0.060546875 0.890625 0.05859375 0.888671875 0.05859375 0.884765625 0.0546875
1 0.630859375 0.0 0.62890625 0.001953125 0.62890625 0.00390625 0.630859375 0.00390625 0.6328125 0.005859375 0.6328125 0.0078125 0.63671875 0.01171875 0.634765625 0.009765625 0.63671875 0.0078125 0.634765625 0.005859375 0.63671875 0.00390625 0.63671875 0.001953125 0.63671875 0.00390625 0.634765625 0.005859375 0.6328125 0.005859375 0.630859375 0.00390625 0.6328125 0.001953125 0.6328125 0.0
