0 0.822265625 0.494140625 0.822265625 0.49609375 0.8203125 0.498046875 0.8203125 0.5 0.822265625 0.5 0.826171875 0.50390625 0.82421875 0.501953125 0.82421875 0.5 0.826171875 0.498046875 0.82421875 0.49609375 0.826171875 0.494140625 0.82421875 0.49609375
0 0.12890625 0.130859375 0.12890625 0.138671875 0.130859375 0.138671875 0.1328125 0.13671875 0.134765625 0.13671875 0.13671875 0.138671875 0.1328125 0.134765625 0.1328125 0.1328125 0.130859375 0.1328125
0 0.474609375 0.099609375 0.474609375 0.1015625 0.47265625 0.103515625 0.46875 0.103515625 0.470703125 0.103515625 0.47265625 0.10546875 0.474609375 0.10546875 0.4765625 0.107421875 0.478515625 0.10546875 0.4765625 0.103515625 0.4765625 0.1015625
0 0.09765625 0.064453125 0.095703125 0.06640625 0.09765625 0.068359375 0.095703125 0.0703125 0.09765625 0.068359375 0.099609375 0.0703125 0.099609375 0.072265625 0.09765625 0.07421875 0.09765625 0.076171875 0.09765625 0.07421875 0.1015625 0.0703125 0.103515625 0.072265625 0.1015625 0.0703125 0.103515625 0.068359375 0.1015625 0.06640625 0.099609375 0.06640625
0 0.87890625 0.0 0.875 0.00390625 0.876953125 0.005859375 0.876953125 0.0078125 0.876953125 0.005859375 0.87890625 0.00390625 0.880859375 0.005859375 0.880859375 0.0078125 0.8828125 0.005859375 0.880859375 0.00390625 0.8828125 0.001953125 0.880859375 0.001953125
1 0.822265625 0.494140625 0.822265625 0.49609375 0.8203125 0.498046875 0.8203125 0.5 0.822265625 0.5 0.826171875 0.50390625 0.82421875 0.501953125 0.82421875 0.5 0.826171875 0.498046875 0.82421875 0.49609375 0.826171875 0.494140625 0.82421875 0.49609375
1 0.12890625 0.130859375 0.12890625 0.138671875 0.130859375 0.138671875 0.1328125 0.13671875 0.134765625 0.13671875 0.13671875 0.138671875 0.1328125 0.134765625 0.1328125 0.1328125 0.130859375 0.1328125
1 0.474609375 0.099609375 0.474609375 0.1015625 0.47265625 0.103515625 0.46875 0.103515625 0.470703125 0.103515625 0.47265625 0.10546875 0.474609375 0.10546875 0.4765625 0.107421875 0.478515625 0.10546875 0.4765625 0.103515625 0.4765625 0.1015625
1 0.09765625 0.064453125 0.095703125 0.06640625 0.09765625 0.068359375 0.095703125 0.0703125 0.09765625 0.068359375 0.099609375 0.0703125 0.099609375 0.072265625 0.09765625 0.07421875 0.09765625 0.076171875 0.09765625 0.07421875 0.1015625 0.0703125 0.103515625 0.072265625 0.1015625 0.0703125 0.103515625 0.068359375 0.1015625 0.06640625 0.099609375 0.06640625
1 0.87890625 0.0 0.875 0.00390625 0.876953125 0.005859375 0.876953125 0.0078125 0.876953125 0.005859375 0.87890625 0.00390625 0.880859375 0.005859375 0.880859375 0.0078125 0.8828125 0.005859375 0.880859375 0.00390625 0.8828125 0.001953125 0.880859375 0.001953125
