0 0.4453125 0.328125 0.44140625 0.33203125 0.439453125 0.330078125 0.443359375 0.333984375 0.4453125 0.33203125 0.447265625 0.33203125 0.44921875 0.330078125 0.455078125 0.3359375 0.458984375 0.33203125 0.455078125 0.328125 0.451171875 0.328125 0.447265625 0.33203125 0.4453125 0.33203125 0.443359375 0.330078125
0 0.203125 0.220703125 0.19921875 0.224609375 0.201171875 0.2265625 0.19921875 0.228515625 0.201171875 0.23046875 0.19921875 0.232421875 0.203125 0.228515625 0.203125 0.224609375 0.205078125 0.22265625 0.20703125 0.22265625 0.205078125 0.22265625
0 0.693359375 0.193359375 0.6953125 0.193359375 0.697265625 0.1953125 0.693359375 0.19921875 0.693359375 0.203125 0.6953125 0.205078125 0.697265625 0.205078125 0.697265625 0.203125 0.69921875 0.201171875 0.6953125 0.197265625 0.697265625 0.1953125 0.6953125 0.193359375
0 0.603515625 0.181640625 0.6015625 0.18359375 0.6015625 0.185546875 0.603515625 0.1875 0.6015625 0.189453125 0.603515625 0.1875 0.607421875 0.19140625 0.60546875 0.193359375 0.603515625 0.193359375 0.60546875 0.193359375 0.607421875 0.1953125 0.607421875 0.197265625 0.60546875 0.19921875 0.607421875 0.201171875 0.609375 0.19921875 0.607421875 0.197265625 0.607421875 0.1953125 0.60546875 0.193359375 0.607421875 0.19140625 0.609375 0.19140625 0.611328125 0.189453125 0.615234375 0.189453125 0.611328125 0.189453125 0.607421875 0.185546875 0.607421875 0.18359375 0.603515625 0.1875 0.6015625 0.185546875 0.6015625 0.18359375
0 0.2890625 0.162109375 0.283203125 0.16796875 0.28125 0.166015625 0.283203125 0.16796875 0.28125 0.169921875 0.283203125 0.16796875 0.28515625 0.169921875 0.2890625 0.169921875 0.2890625 0.16796875 0.291015625 0.166015625 0.291015625 0.1640625
0 0.20703125 0.15234375 0.20703125 0.154296875 0.205078125 0.15625 0.208984375 0.16015625 0.20703125 0.162109375 0.208984375 0.1640625 0.2109375 0.1640625 0.208984375 0.1640625 0.20703125 0.162109375 0.2109375 0.158203125 0.2109375 0.154296875 0.208984375 0.15234375
0 0.275390625 0.103515625 0.271484375 0.107421875 0.271484375 0.111328125 0.275390625 0.115234375 0.2734375 0.1171875 0.271484375 0.1171875 0.2734375 0.1171875 0.275390625 0.115234375 0.2734375 0.11328125 0.27734375 0.109375 0.27734375 0.107421875 0.279296875 0.10546875 0.27734375 0.107421875 0.275390625 0.10546875
0 0.083984375 0.015625 0.08203125 0.017578125 0.08203125 0.01953125 0.083984375 0.021484375 0.0859375 0.021484375 0.087890625 0.01953125 0.087890625 0.017578125 0.0859375 0.015625
0 0.44921875 0.001953125 0.4453125 0.005859375 0.443359375 0.00390625 0.443359375 0.005859375 0.44140625 0.0078125 0.44140625 0.009765625 0.443359375 0.01171875 0.44140625 0.013671875 0.443359375 0.01171875 0.4453125 0.01171875 0.447265625 0.013671875 0.4453125 0.01171875 0.447265625 0.009765625 0.4453125 0.0078125 0.4453125 0.005859375
1 0.4453125 0.328125 0.44140625 0.33203125 0.439453125 0.330078125 0.443359375 0.333984375 0.4453125 0.33203125 0.447265625 0.33203125 0.44921875 0.330078125 0.455078125 0.3359375 0.458984375 0.33203125 0.455078125 0.328125 0.451171875 0.328125 0.447265625 0.33203125 0.4453125 0.33203125 0.443359375 0.330078125
1 0.203125 0.220703125 0.19921875 0.224609375 0.201171875 0.2265625 0.19921875 0.228515625 0.201171875 0.23046875 0.19921875 0.232421875 0.203125 0.228515625 0.203125 0.224609375 0.205078125 0.22265625 0.20703125 0.22265625 0.205078125 0.22265625
1 0.693359375 0.193359375 0.6953125 0.193359375 0.697265625 0.1953125 0.693359375 0.19921875 0.693359375 0.203125 0.6953125 0.205078125 0.697265625 0.205078125 0.697265625 0.203125 0.69921875 0.201171875 0.6953125 0.197265625 0.697265625 0.1953125 0.6953125 0.193359375
1 0.603515625 0.181640625 0.6015625 0.18359375 0.6015625 0.185546875 0.603515625 0.1875 0.6015625 0.189453125 0.603515625 0.1875 0.607421875 0.19140625 0.60546875 0.193359375 0.603515625 0.193359375 0.60546875 0.193359375 0.607421875 0.1953125 0.607421875 0.197265625 0.60546875 0.19921875 0.607421875 0.201171875 0.609375 0.19921875 0.607421875 0.197265625 0.607421875 0.1953125 0.60546875 0.193359375 0.607421875 0.19140625 0.609375 0.19140625 0.611328125 0.189453125 0.615234375 0.189453125 0.611328125 0.189453125 0.607421875 0.185546875 0.607421875 0.18359375 0.603515625 0.1875 0.6015625 0.185546875 0.6015625 0.18359375
1 0.2890625 0.162109375 0.283203125 0.16796875 0.28125 0.166015625 0.283203125 0.16796875 0.28125 0.169921875 0.283203125 0.16796875 0.28515625 0.169921875 0.2890625 0.169921875 0.2890625 0.16796875 0.291015625 0.166015625 0.291015625 0.1640625
1 0.20703125 0.15234375 0.20703125 0.154296875 0.205078125 0.15625 0.208984375 0.16015625 0.20703125 0.162109375 0.208984375 0.1640625 0.2109375 0.1640625 0.208984375 0.1640625 0.20703125 0.162109375 0.2109375 0.158203125 0.2109375 0.154296875 0.208984375 0.15234375
1 0.275390625 0.103515625 0.271484375 0.107421875 0.271484375 0.111328125 0.275390625 0.115234375 0.2734375 0.1171875 0.271484375 0.1171875 0.2734375 0.1171875 0.275390625 0.115234375 0.2734375 0.11328125 0.27734375 0.109375 0.27734375 0.107421875 0.279296875 0.10546875 0.27734375 0.107421875 0.275390625 0.10546875
1 0.083984375 0.015625 0.08203125 0.017578125 0.08203125 0.01953125 0.083984375 0.021484375 0.0859375 0.021484375 0.087890625 0.01953125 0.087890625 0.017578125 0.0859375 0.015625
1 0.44921875 0.001953125 0.4453125 0.005859375 0.443359375 0.00390625 0.443359375 0.005859375 0.44140625 0.0078125 0.44140625 0.009765625 0.443359375 0.01171875 0.44140625 0.013671875 0.443359375 0.01171875 0.4453125 0.01171875 0.447265625 0.013671875 0.4453125 0.01171875 0.447265625 0.009765625 0.4453125 0.0078125 0.4453125 0.005859375
