0 0.3359375 0.3984375 0.337890625 0.3984375 0.33984375 0.400390625 0.337890625 0.40234375 0.33984375 0.404296875 0.33984375 0.40625 0.341796875 0.408203125 0.34375 0.408203125 0.345703125 0.40625 0.34375 0.404296875 0.345703125 0.40234375 0.349609375 0.40234375 0.345703125 0.40234375 0.34375 0.400390625 0.341796875 0.40234375 0.337890625 0.3984375
0 0.484375 0.18359375 0.484375 0.185546875 0.48046875 0.189453125 0.4765625 0.189453125 0.48046875 0.189453125 0.484375 0.193359375 0.486328125 0.19140625 0.486328125 0.185546875
0 0.794921875 0.142578125 0.79296875 0.14453125 0.794921875 0.146484375 0.79296875 0.1484375 0.79296875 0.150390625 0.796875 0.150390625 0.796875 0.146484375 0.798828125 0.14453125 0.80078125 0.14453125 0.798828125 0.14453125 0.796875 0.142578125
0 0.38671875 0.142578125 0.384765625 0.14453125 0.3828125 0.14453125 0.384765625 0.14453125 0.38671875 0.146484375 0.38671875 0.1484375 0.380859375 0.154296875 0.384765625 0.150390625 0.388671875 0.150390625 0.390625 0.15234375 0.392578125 0.150390625 0.392578125 0.146484375 0.38671875 0.146484375 0.384765625 0.14453125
0 0.5546875 0.1171875 0.5546875 0.119140625 0.552734375 0.12109375 0.552734375 0.125 0.556640625 0.125 0.55859375 0.123046875 0.55859375 0.12109375 0.556640625 0.119140625 0.556640625 0.1171875
1 0.3359375 0.3984375 0.337890625 0.3984375 0.33984375 0.400390625 0.337890625 0.40234375 0.33984375 0.404296875 0.33984375 0.40625 0.341796875 0.408203125 0.34375 0.408203125 0.345703125 0.40625 0.34375 0.404296875 0.345703125 0.40234375 0.349609375 0.40234375 0.345703125 0.40234375 0.34375 0.400390625 0.341796875 0.40234375 0.337890625 0.3984375
1 0.484375 0.18359375 0.484375 0.185546875 0.48046875 0.189453125 0.4765625 0.189453125 0.48046875 0.189453125 0.484375 0.193359375 0.486328125 0.19140625 0.486328125 0.185546875
1 0.794921875 0.142578125 0.79296875 0.14453125 0.794921875 0.146484375 0.79296875 0.1484375 0.79296875 0.150390625 0.796875 0.150390625 0.796875 0.146484375 0.798828125 0.14453125 0.80078125 0.14453125 0.798828125 0.14453125 0.796875 0.142578125
1 0.38671875 0.142578125 0.384765625 0.14453125 0.3828125 0.14453125 0.384765625 0.14453125 0.38671875 0.146484375 0.38671875 0.1484375 0.380859375 0.154296875 0.384765625 0.150390625 0.388671875 0.150390625 0.390625 0.15234375 0.392578125 0.150390625 0.392578125 0.146484375 0.38671875 0.146484375 0.384765625 0.14453125
1 0.5546875 0.1171875 0.5546875 0.119140625 0.552734375 0.12109375 0.552734375 0.125 0.556640625 0.125 0.55859375 0.123046875 0.55859375 0.12109375 0.556640625 0.119140625 0.556640625 0.1171875
