0 0.728515625 0.384765625 0.7265625 0.38671875 0.7265625 0.390625 0.728515625 0.392578125 0.728515625 0.396484375 0.736328125 0.396484375 0.736328125 0.39453125 0.73828125 0.392578125 0.736328125 0.390625 0.736328125 0.388671875 0.734375 0.38671875 0.732421875 0.38671875 0.73046875 0.388671875 0.73046875 0.390625 0.728515625 0.392578125 0.7265625 0.390625 0.7265625 0.38671875
0 0.666015625 0.34375 0.662109375 0.34765625 0.6640625 0.349609375 0.662109375 0.3515625 0.66015625 0.3515625 0.662109375 0.3515625 0.6640625 0.353515625 0.662109375 0.35546875 0.66015625 0.35546875 0.66015625 0.357421875 0.6640625 0.353515625 0.66796875 0.357421875 0.666015625 0.35546875 0.66796875 0.353515625 0.669921875 0.353515625 0.66796875 0.3515625 0.669921875 0.349609375 0.66796875 0.34765625 0.66796875 0.345703125 0.669921875 0.34375 0.66796875 0.345703125
0 0.130859375 0.298828125 0.1328125 0.30078125 0.126953125 0.306640625 0.126953125 0.30859375 0.1328125 0.30859375 0.13671875 0.3046875 0.138671875 0.306640625 0.13671875 0.3046875 0.13671875 0.298828125 0.134765625 0.298828125 0.1328125 0.30078125
0 0.56640625 0.2109375 0.564453125 0.212890625 0.564453125 0.21484375 0.5625 0.216796875 0.564453125 0.21875 0.5625 0.216796875 0.564453125 0.21484375 0.568359375 0.21484375 0.5703125 0.216796875 0.568359375 0.21875 0.568359375 0.22265625 0.568359375 0.21875 0.5703125 0.216796875 0.57421875 0.220703125 0.57421875 0.224609375 0.576171875 0.224609375 0.57421875 0.22265625 0.57421875 0.220703125 0.578125 0.216796875 0.580078125 0.216796875 0.576171875 0.212890625 0.578125 0.2109375 0.57421875 0.21484375 0.57421875 0.216796875 0.572265625 0.21875 0.568359375 0.21484375 0.568359375 0.212890625 0.5703125 0.2109375
0 0.890625 0.109375 0.892578125 0.111328125 0.892578125 0.11328125 0.890625 0.115234375 0.892578125 0.1171875 0.890625 0.119140625 0.892578125 0.119140625 0.89453125 0.12109375 0.892578125 0.123046875 0.896484375 0.119140625 0.900390625 0.123046875 0.900390625 0.12109375 0.8984375 0.12109375 0.896484375 0.119140625 0.8984375 0.1171875 0.900390625 0.1171875 0.8984375 0.1171875 0.896484375 0.115234375 0.8984375 0.11328125 0.89453125 0.109375 0.892578125 0.111328125
0 0.728515625 0.080078125 0.728515625 0.08203125 0.73046875 0.083984375 0.7265625 0.087890625 0.724609375 0.0859375 0.724609375 0.083984375 0.72265625 0.083984375 0.720703125 0.0859375 0.720703125 0.087890625 0.72265625 0.08984375 0.724609375 0.08984375 0.7265625 0.087890625 0.728515625 0.08984375 0.7265625 0.087890625 0.73046875 0.083984375 0.728515625 0.08203125
1 0.728515625 0.384765625 0.7265625 0.38671875 0.7265625 0.390625 0.728515625 0.392578125 0.728515625 0.396484375 0.736328125 0.396484375 0.736328125 0.39453125 0.73828125 0.392578125 0.736328125 0.390625 0.736328125 0.388671875 0.734375 0.38671875 0.732421875 0.38671875 0.73046875 0.388671875 0.73046875 0.390625 0.728515625 0.392578125 0.7265625 0.390625 0.7265625 0.38671875
1 0.666015625 0.34375 0.662109375 0.34765625 0.6640625 0.349609375 0.662109375 0.3515625 0.66015625 0.3515625 0.662109375 0.3515625 0.6640625 0.353515625 0.662109375 0.35546875 0.66015625 0.35546875 0.66015625 0.357421875 0.6640625 0.353515625 0.66796875 0.357421875 0.666015625 0.35546875 0.66796875 0.353515625 0.669921875 0.353515625 0.66796875 0.3515625 0.669921875 0.349609375 0.66796875 0.34765625 0.66796875 0.345703125 0.669921875 0.34375 0.66796875 0.345703125
1 0.130859375 0.298828125 0.1328125 0.30078125 0.126953125 0.306640625 0.126953125 0.30859375 0.1328125 0.30859375 0.13671875 0.3046875 0.138671875 0.306640625 0.13671875 0.3046875 0.13671875 0.298828125 0.134765625 0.298828125 0.1328125 0.30078125
1 0.56640625 0.2109375 0.564453125 0.212890625 0.564453125 0.21484375 0.5625 0.216796875 0.564453125 0.21875 0.5625 0.216796875 0.564453125 0.21484375 0.568359375 0.21484375 0.5703125 0.216796875 0.568359375 0.21875 0.568359375 0.22265625 0.568359375 0.21875 0.5703125 0.216796875 0.57421875 0.220703125 0.57421875 0.224609375 0.576171875 0.224609375 0.57421875 0.22265625 0.57421875 0.220703125 0.578125 0.216796875 0.580078125 0.216796875 0.576171875 0.212890625 0.578125 0.2109375 0.57421875 0.21484375 0.57421875 0.216796875 0.572265625 0.21875 0.568359375 0.21484375 0.568359375 0.212890625 0.5703125 0.2109375
1 0.890625 0.109375 0.892578125 0.111328125 0.892578125 0.11328125 0.890625 0.115234375 0.892578125 0.1171875 0.890625 0.119140625 0.892578125 0.119140625 0.89453125 0.12109375 0.892578125 0.123046875 0.896484375 0.119140625 0.900390625 0.123046875 0.900390625 0.12109375 0.8984375 0.12109375 0.896484375 0.119140625 0.8984375 0.1171875 0.900390625 0.1171875 0.8984375 0.1171875 0.896484375 0.115234375 0.8984375 0.11328125 0.89453125 0.109375 0.892578125 0.111328125
1 0.728515625 0.080078125 0.728515625 0.08203125 0.73046875 0.083984375 0.7265625 0.087890625 0.724609375 0.0859375 0.724609375 0.083984375 0.72265625 0.083984375 0.720703125 0.0859375 0.720703125 0.087890625 0.72265625 0.08984375 0.724609375 0.08984375 0.7265625 0.087890625 0.728515625 0.08984375 0.7265625 0.087890625 0.73046875 0.083984375 0.728515625 0.08203125
