0 0.109375 0.90625 0.111328125 0.908203125 0.109375 0.91015625 0.109375 0.912109375 0.107421875 0.9140625 0.109375 0.916015625 0.10546875 0.919921875 0.10546875 0.921875 0.107421875 0.923828125 0.1171875 0.923828125 0.115234375 0.923828125 0.11328125 0.921875 0.11328125 0.919921875 0.115234375 0.91796875 0.11328125 0.919921875 0.109375 0.916015625 0.111328125 0.9140625 0.11328125 0.9140625 0.111328125 0.9140625 0.109375 0.912109375 0.109375 0.91015625 0.111328125 0.908203125
0 0.09765625 0.708984375 0.09765625 0.716796875 0.099609375 0.716796875 0.1015625 0.71484375 0.103515625 0.71484375 0.10546875 0.716796875 0.1015625 0.712890625 0.1015625 0.7109375 0.099609375 0.7109375
0 0.29296875 0.5 0.291015625 0.501953125 0.29296875 0.50390625 0.2890625 0.5078125 0.2890625 0.51171875 0.291015625 0.51171875 0.29296875 0.513671875 0.29296875 0.51171875 0.296875 0.5078125 0.298828125 0.5078125 0.296875 0.5078125 0.294921875 0.505859375 0.296875 0.50390625 0.298828125 0.50390625 0.296875 0.50390625 0.294921875 0.501953125 0.296875 0.5 0.294921875 0.501953125
0 0.5 0.4453125 0.501953125 0.447265625 0.501953125 0.44921875 0.5 0.451171875 0.5 0.453125 0.501953125 0.453125 0.50390625 0.455078125 0.5078125 0.451171875 0.505859375 0.453125 0.50390625 0.451171875 0.50390625 0.447265625 0.501953125 0.447265625
0 0.59765625 0.2578125 0.59765625 0.259765625 0.595703125 0.26171875 0.595703125 0.267578125 0.59375 0.26953125 0.59765625 0.265625 0.599609375 0.265625 0.599609375 0.259765625
0 0.72265625 0.162109375 0.724609375 0.1640625 0.72265625 0.166015625 0.720703125 0.166015625 0.71875 0.1640625 0.720703125 0.166015625 0.71875 0.16796875 0.720703125 0.169921875 0.71875 0.16796875 0.720703125 0.166015625 0.72265625 0.166015625 0.7265625 0.169921875 0.73046875 0.169921875 0.732421875 0.16796875 0.73046875 0.166015625 0.7265625 0.166015625
0 0.505859375 0.16015625 0.50390625 0.162109375 0.5 0.162109375 0.501953125 0.1640625 0.5 0.166015625 0.505859375 0.166015625 0.505859375 0.1640625 0.5078125 0.162109375 0.509765625 0.1640625 0.51171875 0.162109375 0.509765625 0.1640625
1 0.109375 0.90625 0.111328125 0.908203125 0.109375 0.91015625 0.109375 0.912109375 0.107421875 0.9140625 0.109375 0.916015625 0.10546875 0.919921875 0.10546875 0.921875 0.107421875 0.923828125 0.1171875 0.923828125 0.115234375 0.923828125 0.11328125 0.921875 0.11328125 0.919921875 0.115234375 0.91796875 0.11328125 0.919921875 0.109375 0.916015625 0.111328125 0.9140625 0.11328125 0.9140625 0.111328125 0.9140625 0.109375 0.912109375 0.109375 0.91015625 0.111328125 0.908203125
1 0.09765625 0.708984375 0.09765625 0.716796875 0.099609375 0.716796875 0.1015625 0.71484375 0.103515625 0.71484375 0.10546875 0.716796875 0.1015625 0.712890625 0.1015625 0.7109375 0.099609375 0.7109375
1 0.29296875 0.5 0.291015625 0.501953125 0.29296875 0.50390625 0.2890625 0.5078125 0.2890625 0.51171875 0.291015625 0.51171875 0.29296875 0.513671875 0.29296875 0.51171875 0.296875 0.5078125 0.298828125 0.5078125 0.296875 0.5078125 0.294921875 0.505859375 0.296875 0.50390625 0.298828125 0.50390625 0.296875 0.50390625 0.294921875 0.501953125 0.296875 0.5 0.294921875 0.501953125
1 0.5 0.4453125 0.501953125 0.447265625 0.501953125 0.44921875 0.5 0.451171875 0.5 0.453125 0.501953125 0.453125 0.50390625 0.455078125 0.5078125 0.451171875 0.505859375 0.453125 0.50390625 0.451171875 0.50390625 0.447265625 0.501953125 0.447265625
1 0.59765625 0.2578125 0.59765625 0.259765625 0.595703125 0.26171875 0.595703125 0.267578125 0.59375 0.26953125 0.59765625 0.265625 0.599609375 0.265625 0.599609375 0.259765625
1 0.72265625 0.162109375 0.724609375 0.1640625 0.72265625 0.166015625 0.720703125 0.166015625 0.71875 0.1640625 0.720703125 0.166015625 0.71875 0.16796875 0.720703125 0.169921875 0.71875 0.16796875 0.720703125 0.166015625 0.72265625 0.166015625 0.7265625 0.169921875 0.73046875 0.169921875 0.732421875 0.16796875 0.73046875 0.166015625 0.7265625 0.166015625
1 0.505859375 0.16015625 0.50390625 0.162109375 0.5 0.162109375 0.501953125 0.1640625 0.5 0.166015625 0.505859375 0.166015625 0.505859375 0.1640625 0.5078125 0.162109375 0.509765625 0.1640625 0.51171875 0.162109375 0.509765625 0.1640625
