0 0.1328125 0.611328125 0.130859375 0.61328125 0.134765625 0.6171875 0.1328125 0.619140625 0.1328125 0.62109375 0.134765625 0.62109375 0.13671875 0.623046875 0.134765625 0.62109375 0.13671875 0.619140625 0.138671875 0.619140625 0.138671875 0.61328125 0.13671875 0.61328125 0.134765625 0.615234375 0.1328125 0.615234375 0.130859375 0.61328125
0 0.119140625 0.47265625 0.115234375 0.4765625 0.115234375 0.478515625 0.11328125 0.48046875 0.115234375 0.478515625 0.1171875 0.48046875 0.119140625 0.478515625 0.12109375 0.478515625 0.12109375 0.474609375
0 0.310546875 0.265625 0.30859375 0.267578125 0.30078125 0.267578125 0.296875 0.271484375 0.298828125 0.2734375 0.298828125 0.275390625 0.30078125 0.27734375 0.302734375 0.27734375 0.3046875 0.275390625 0.306640625 0.27734375 0.30859375 0.27734375 0.30859375 0.275390625 0.306640625 0.27734375 0.3046875 0.275390625 0.302734375 0.27734375 0.30078125 0.27734375 0.298828125 0.275390625 0.302734375 0.271484375 0.306640625 0.271484375 0.306640625 0.26953125
0 0.099609375 0.234375 0.1015625 0.236328125 0.09765625 0.240234375 0.095703125 0.23828125 0.095703125 0.236328125 0.09375 0.236328125 0.095703125 0.23828125 0.09375 0.240234375 0.095703125 0.23828125 0.09765625 0.240234375 0.09765625 0.2421875 0.09765625 0.240234375 0.099609375 0.23828125 0.1015625 0.240234375 0.1015625 0.244140625 0.10546875 0.240234375 0.107421875 0.2421875
0 0.615234375 0.03125 0.61328125 0.033203125 0.61328125 0.03515625 0.611328125 0.037109375 0.61328125 0.0390625 0.615234375 0.037109375 0.6171875 0.037109375 0.619140625 0.0390625 0.623046875 0.03515625 0.62109375 0.037109375 0.619140625 0.03515625 0.619140625 0.033203125 0.6171875 0.033203125
1 0.1328125 0.611328125 0.130859375 0.61328125 0.134765625 0.6171875 0.1328125 0.619140625 0.1328125 0.62109375 0.134765625 0.62109375 0.13671875 0.623046875 0.134765625 0.62109375 0.13671875 0.619140625 0.138671875 0.619140625 0.138671875 0.61328125 0.13671875 0.61328125 0.134765625 0.615234375 0.1328125 0.615234375 0.130859375 0.61328125
1 0.119140625 0.47265625 0.115234375 0.4765625 0.115234375 0.478515625 0.11328125 0.48046875 0.115234375 0.478515625 0.1171875 0.48046875 0.119140625 0.478515625 0.12109375 0.478515625 0.12109375 0.474609375
1 0.310546875 0.265625 0.30859375 0.267578125 0.30078125 0.267578125 0.296875 0.271484375 0.298828125 0.2734375 0.298828125 0.275390625 0.30078125 0.27734375 0.302734375 0.27734375 0.3046875 0.275390625 0.306640625 0.27734375 0.30859375 0.27734375 0.30859375 0.275390625 0.306640625 0.27734375 0.3046875 0.275390625 0.302734375 0.27734375 0.30078125 0.27734375 0.298828125 0.275390625 0.302734375 0.271484375 0.306640625 0.271484375 0.306640625 0.26953125
1 0.099609375 0.234375 0.1015625 0.236328125 0.09765625 0.240234375 0.095703125 0.23828125 0.095703125 0.236328125 0.09375 0.236328125 0.095703125 0.23828125 0.09375 0.240234375 0.095703125 0.23828125 0.09765625 0.240234375 0.09765625 0.2421875 0.09765625 0.240234375 0.099609375 0.23828125 0.1015625 0.240234375 0.1015625 0.244140625 0.10546875 0.240234375 0.107421875 0.2421875
1 0.615234375 0.03125 0.61328125 0.033203125 0.61328125 0.03515625 0.611328125 0.037109375 0.61328125 0.0390625 0.615234375 0.037109375 0.6171875 0.037109375 0.619140625 0.0390625 0.623046875 0.03515625 0.62109375 0.037109375 0.619140625 0.03515625 0.619140625 0.033203125 0.6171875 0.033203125
