0 0.4140625 0.15625 0.41015625 0.16015625 0.4140625 0.1640625 0.41015625 0.16796875 0.412109375 0.166015625 0.4140625 0.16796875 0.412109375 0.166015625 0.4140625 0.1640625 0.4140625 0.162109375 0.416015625 0.16015625 0.41796875 0.162109375 0.419921875 0.16015625 0.419921875 0.158203125 0.416015625 0.158203125
0 0.390625 0.115234375 0.392578125 0.115234375 0.39453125 0.1171875 0.390625 0.12109375 0.390625 0.125 0.392578125 0.125 0.39453125 0.126953125 0.396484375 0.125 0.39453125 0.123046875 0.39453125 0.12109375 0.3984375 0.1171875 0.396484375 0.119140625 0.392578125 0.115234375
0 0.505859375 0.0390625 0.5078125 0.0390625 0.509765625 0.041015625 0.5078125 0.04296875 0.505859375 0.04296875 0.5078125 0.04296875 0.509765625 0.044921875 0.509765625 0.046875 0.51171875 0.048828125 0.51171875 0.052734375 0.513671875 0.052734375 0.51171875 0.05078125 0.51171875 0.048828125 0.515625 0.044921875 0.517578125 0.044921875 0.517578125 0.041015625 0.515625 0.0390625 0.513671875 0.041015625 0.51171875 0.0390625 0.509765625 0.041015625 0.5078125 0.0390625
0 0.298828125 0.033203125 0.294921875 0.037109375 0.29296875 0.037109375 0.29296875 0.0390625 0.296875 0.0390625 0.298828125 0.041015625 0.298828125 0.04296875 0.298828125 0.037109375 0.30078125 0.03515625
0 0.8515625 0.0 0.8515625 0.00390625 0.849609375 0.005859375 0.853515625 0.009765625 0.857421875 0.009765625 0.86328125 0.00390625 0.865234375 0.005859375 0.859375 0.0
1 0.4140625 0.15625 0.41015625 0.16015625 0.4140625 0.1640625 0.41015625 0.16796875 0.412109375 0.166015625 0.4140625 0.16796875 0.412109375 0.166015625 0.4140625 0.1640625 0.4140625 0.162109375 0.416015625 0.16015625 0.41796875 0.162109375 0.419921875 0.16015625 0.419921875 0.158203125 0.416015625 0.158203125
1 0.390625 0.115234375 0.392578125 0.115234375 0.39453125 0.1171875 0.390625 0.12109375 0.390625 0.125 0.392578125 0.125 0.39453125 0.126953125 0.396484375 0.125 0.39453125 0.123046875 0.39453125 0.12109375 0.3984375 0.1171875 0.396484375 0.119140625 0.392578125 0.115234375
1 0.505859375 0.0390625 0.5078125 0.0390625 0.509765625 0.041015625 0.5078125 0.04296875 0.505859375 0.04296875 0.5078125 0.04296875 0.509765625 0.044921875 0.509765625 0.046875 0.51171875 0.048828125 0.51171875 0.052734375 0.513671875 0.052734375 0.51171875 0.05078125 0.51171875 0.048828125 0.515625 0.044921875 0.517578125 0.044921875 0.517578125 0.041015625 0.515625 0.0390625 0.513671875 0.041015625 0.51171875 0.0390625 0.509765625 0.041015625 0.5078125 0.0390625
1 0.298828125 0.033203125 0.294921875 0.037109375 0.29296875 0.037109375 0.29296875 0.0390625 0.296875 0.0390625 0.298828125 0.041015625 0.298828125 0.04296875 0.298828125 0.037109375 0.30078125 0.03515625
1 0.8515625 0.0 0.8515625 0.00390625 0.849609375 0.005859375 0.853515625 0.009765625 0.857421875 0.009765625 0.86328125 0.00390625 0.865234375 0.005859375 0.859375 0.0
