0 0.94140625 0.384765625 0.943359375 0.38671875 0.943359375 0.388671875 0.94140625 0.390625 0.9375 0.38671875 0.9375 0.388671875 0.93359375 0.392578125 0.9296875 0.392578125 0.93359375 0.392578125 0.935546875 0.39453125 0.9375 0.39453125 0.939453125 0.396484375 0.9375 0.3984375 0.9375 0.400390625 0.935546875 0.40234375 0.9375 0.404296875 0.939453125 0.40234375 0.9375 0.400390625 0.9375 0.3984375 0.939453125 0.396484375 0.94140625 0.396484375 0.939453125 0.396484375 0.9375 0.39453125 0.94140625 0.390625 0.943359375 0.392578125 0.94140625 0.390625 0.943359375 0.388671875 0.943359375 0.38671875
0 0.869140625 0.328125 0.865234375 0.33203125 0.8671875 0.333984375 0.865234375 0.3359375 0.86328125 0.3359375 0.865234375 0.3359375 0.8671875 0.337890625 0.865234375 0.33984375 0.86328125 0.33984375 0.86328125 0.341796875 0.8671875 0.337890625 0.87109375 0.341796875 0.869140625 0.33984375 0.87109375 0.337890625 0.873046875 0.337890625 0.87109375 0.3359375 0.873046875 0.333984375 0.87109375 0.33203125 0.87109375 0.330078125 0.873046875 0.328125 0.87109375 0.330078125
0 0.412109375 0.205078125 0.41015625 0.20703125 0.408203125 0.20703125 0.408203125 0.2109375 0.41015625 0.212890625 0.4140625 0.208984375 0.4140625 0.20703125 0.416015625 0.205078125 0.4140625 0.20703125
0 0.232421875 0.15625 0.23046875 0.158203125 0.232421875 0.16015625 0.232421875 0.162109375 0.23046875 0.1640625 0.228515625 0.1640625 0.23046875 0.1640625 0.232421875 0.166015625 0.228515625 0.169921875 0.2265625 0.16796875 0.228515625 0.169921875 0.228515625 0.171875 0.23046875 0.173828125 0.23046875 0.177734375 0.234375 0.177734375 0.232421875 0.177734375 0.23046875 0.17578125 0.23046875 0.173828125 0.232421875 0.171875 0.234375 0.173828125 0.236328125 0.171875 0.236328125 0.169921875 0.232421875 0.166015625 0.234375 0.1640625 0.232421875 0.162109375 0.232421875 0.16015625 0.23046875 0.158203125
0 0.5390625 0.142578125 0.541015625 0.14453125 0.541015625 0.146484375 0.544921875 0.150390625 0.546875 0.1484375 0.544921875 0.146484375 0.546875 0.14453125 0.548828125 0.14453125 0.546875 0.14453125 0.544921875 0.142578125 0.54296875 0.142578125 0.541015625 0.14453125
0 0.994140625 0.1015625 0.9921875 0.103515625 0.9921875 0.107421875 0.99609375 0.107421875 0.998046875 0.10546875 0.998046875 0.1015625
0 0.70703125 0.09375 0.70703125 0.095703125 0.708984375 0.095703125 0.7109375 0.09765625 0.708984375 0.099609375 0.70703125 0.099609375 0.708984375 0.099609375 0.7109375 0.1015625 0.708984375 0.103515625 0.712890625 0.107421875 0.71484375 0.10546875 0.716796875 0.107421875 0.71484375 0.10546875 0.71484375 0.103515625 0.716796875 0.1015625 0.71484375 0.099609375 0.716796875 0.09765625 0.71484375 0.09765625 0.712890625 0.095703125 0.71484375 0.09375 0.7109375 0.09765625
0 0.267578125 0.078125 0.265625 0.080078125 0.267578125 0.078125 0.26953125 0.080078125 0.271484375 0.080078125 0.2734375 0.08203125 0.271484375 0.083984375 0.271484375 0.0859375 0.26953125 0.087890625 0.267578125 0.087890625 0.265625 0.08984375 0.267578125 0.087890625 0.26953125 0.087890625 0.271484375 0.08984375 0.271484375 0.091796875 0.2734375 0.08984375 0.27734375 0.08984375 0.27734375 0.087890625 0.279296875 0.0859375 0.275390625 0.08203125 0.2734375 0.08203125 0.271484375 0.080078125 0.26953125 0.080078125
0 0.552734375 0.068359375 0.552734375 0.0703125 0.55078125 0.072265625 0.546875 0.072265625 0.548828125 0.072265625 0.55078125 0.07421875 0.552734375 0.07421875 0.5546875 0.076171875 0.556640625 0.07421875 0.5546875 0.072265625 0.5546875 0.0703125
0 0.451171875 0.064453125 0.44921875 0.06640625 0.447265625 0.06640625 0.44921875 0.06640625 0.451171875 0.068359375 0.451171875 0.072265625 0.455078125 0.072265625 0.455078125 0.0703125 0.453125 0.068359375 0.455078125 0.06640625 0.453125 0.064453125
0 0.431640625 0.064453125 0.4296875 0.06640625 0.4296875 0.068359375 0.427734375 0.0703125 0.42578125 0.0703125 0.4296875 0.07421875 0.431640625 0.072265625 0.431640625 0.068359375 0.4296875 0.06640625
1 0.94140625 0.384765625 0.943359375 0.38671875 0.943359375 0.388671875 0.94140625 0.390625 0.9375 0.38671875 0.9375 0.388671875 0.93359375 0.392578125 0.9296875 0.392578125 0.93359375 0.392578125 0.935546875 0.39453125 0.9375 0.39453125 0.939453125 0.396484375 0.9375 0.3984375 0.9375 0.400390625 0.935546875 0.40234375 0.9375 0.404296875 0.939453125 0.40234375 0.9375 0.400390625 0.9375 0.3984375 0.939453125 0.396484375 0.94140625 0.396484375 0.939453125 0.396484375 0.9375 0.39453125 0.94140625 0.390625 0.943359375 0.392578125 0.94140625 0.390625 0.943359375 0.388671875 0.943359375 0.38671875
1 0.869140625 0.328125 0.865234375 0.33203125 0.8671875 0.333984375 0.865234375 0.3359375 0.86328125 0.3359375 0.865234375 0.3359375 0.8671875 0.337890625 0.865234375 0.33984375 0.86328125 0.33984375 0.86328125 0.341796875 0.8671875 0.337890625 0.87109375 0.341796875 0.869140625 0.33984375 0.87109375 0.337890625 0.873046875 0.337890625 0.87109375 0.3359375 0.873046875 0.333984375 0.87109375 0.33203125 0.87109375 0.330078125 0.873046875 0.328125 0.87109375 0.330078125
1 0.412109375 0.205078125 0.41015625 0.20703125 0.408203125 0.20703125 0.408203125 0.2109375 0.41015625 0.212890625 0.4140625 0.208984375 0.4140625 0.20703125 0.416015625 0.205078125 0.4140625 0.20703125
1 0.232421875 0.15625 0.23046875 0.158203125 0.232421875 0.16015625 0.232421875 0.162109375 0.23046875 0.1640625 0.228515625 0.1640625 0.23046875 0.1640625 0.232421875 0.166015625 0.228515625 0.169921875 0.2265625 0.16796875 0.228515625 0.169921875 0.228515625 0.171875 0.23046875 0.173828125 0.23046875 0.177734375 0.234375 0.177734375 0.232421875 0.177734375 0.23046875 0.17578125 0.23046875 0.173828125 0.232421875 0.171875 0.234375 0.173828125 0.236328125 0.171875 0.236328125 0.169921875 0.232421875 0.166015625 0.234375 0.1640625 0.232421875 0.162109375 0.232421875 0.16015625 0.23046875 0.158203125
1 0.5390625 0.142578125 0.541015625 0.14453125 0.541015625 0.146484375 0.544921875 0.150390625 0.546875 0.1484375 0.544921875 0.146484375 0.546875 0.14453125 0.548828125 0.14453125 0.546875 0.14453125 0.544921875 0.142578125 0.54296875 0.142578125 0.541015625 0.14453125
1 0.994140625 0.1015625 0.9921875 0.103515625 0.9921875 0.107421875 0.99609375 0.107421875 0.998046875 0.10546875 0.998046875 0.1015625
1 0.70703125 0.09375 0.70703125 0.095703125 0.708984375 0.095703125 0.7109375 0.09765625 0.708984375 0.099609375 0.70703125 0.099609375 0.708984375 0.099609375 0.7109375 0.1015625 0.708984375 0.103515625 0.712890625 0.107421875 0.71484375 0.10546875 0.716796875 0.107421875 0.71484375 0.10546875 0.71484375 0.103515625 0.716796875 0.1015625 0.71484375 0.099609375 0.716796875 0.09765625 0.71484375 0.09765625 0.712890625 0.095703125 0.71484375 0.09375 0.7109375 0.09765625
1 0.267578125 0.078125 0.265625 0.080078125 0.267578125 0.078125 0.26953125 0.080078125 0.271484375 0.080078125 0.2734375 0.08203125 0.271484375 0.083984375 0.271484375 0.0859375 0.26953125 0.087890625 0.267578125 0.087890625 0.265625 0.08984375 0.267578125 0.087890625 0.26953125 0.087890625 0.271484375 0.08984375 0.271484375 0.091796875 0.2734375 0.08984375 0.27734375 0.08984375 0.27734375 0.087890625 0.279296875 0.0859375 0.275390625 0.08203125 0.2734375 0.08203125 0.271484375 0.080078125 0.26953125 0.080078125
1 0.552734375 0.068359375 0.552734375 0.0703125 0.55078125 0.072265625 0.546875 0.072265625 0.548828125 0.072265625 0.55078125 0.07421875 0.552734375 0.07421875 0.5546875 0.076171875 0.556640625 0.07421875 0.5546875 0.072265625 0.5546875 0.0703125
1 0.451171875 0.064453125 0.44921875 0.06640625 0.447265625 0.06640625 0.44921875 0.06640625 0.451171875 0.068359375 0.451171875 0.072265625 0.455078125 0.072265625 0.455078125 0.0703125 0.453125 0.068359375 0.455078125 0.06640625 0.453125 0.064453125
1 0.431640625 0.064453125 0.4296875 0.06640625 0.4296875 0.068359375 0.427734375 0.0703125 0.42578125 0.0703125 0.4296875 0.07421875 0.431640625 0.072265625 0.431640625 0.068359375 0.4296875 0.06640625
