0 0.693359375 0.890625 0.693359375 0.892578125 0.69140625 0.89453125 0.69140625 0.896484375 0.689453125 0.8984375 0.69140625 0.896484375 0.693359375 0.8984375 0.6953125 0.8984375 0.697265625 0.896484375 0.69921875 0.8984375 0.697265625 0.896484375 0.697265625 0.892578125 0.6953125 0.890625
0 0.4921875 0.765625 0.490234375 0.767578125 0.48828125 0.767578125 0.48828125 0.771484375 0.486328125 0.7734375 0.484375 0.771484375 0.486328125 0.7734375 0.486328125 0.775390625 0.486328125 0.7734375 0.48828125 0.771484375 0.490234375 0.7734375 0.490234375 0.775390625 0.4921875 0.7734375 0.494140625 0.775390625 0.49609375 0.7734375 0.498046875 0.7734375 0.498046875 0.76953125 0.494140625 0.765625
0 0.966796875 0.53515625 0.966796875 0.537109375 0.96484375 0.5390625 0.96484375 0.544921875 0.970703125 0.544921875 0.974609375 0.541015625 0.974609375 0.5390625 0.9765625 0.537109375 0.978515625 0.537109375 0.98046875 0.5390625 0.9765625 0.53515625 0.9765625 0.537109375 0.974609375 0.5390625 0.97265625 0.537109375 0.96875 0.537109375
0 0.9921875 0.33984375 0.9921875 0.34765625 0.994140625 0.349609375 0.99609375 0.34765625 0.998046875 0.34765625 0.998046875 0.34375 0.99609375 0.341796875 0.99609375 0.33984375 0.994140625 0.341796875
0 0.986328125 0.09765625 0.986328125 0.099609375 0.98828125 0.09765625 0.990234375 0.099609375 0.990234375 0.1015625 0.98828125 0.103515625 0.9921875 0.107421875 0.990234375 0.109375 0.990234375 0.111328125 0.98828125 0.11328125 0.990234375 0.115234375 0.98828125 0.1171875 0.990234375 0.115234375 0.9921875 0.1171875 0.9921875 0.115234375 0.994140625 0.11328125 0.99609375 0.11328125 0.998046875 0.111328125 0.998046875 0.107421875 0.99609375 0.10546875 0.99609375 0.103515625 0.99609375 0.10546875 0.994140625 0.107421875 0.9921875 0.107421875 0.98828125 0.103515625 0.990234375 0.1015625 0.9921875 0.1015625 0.98828125 0.09765625
0 0.69140625 0.046875 0.6875 0.05078125 0.685546875 0.048828125 0.681640625 0.048828125 0.681640625 0.05859375 0.6796875 0.060546875 0.681640625 0.05859375 0.68359375 0.060546875 0.6875 0.060546875 0.689453125 0.05859375 0.689453125 0.052734375 0.69140625 0.05078125 0.689453125 0.048828125
0 0.275390625 0.017578125 0.271484375 0.021484375 0.26953125 0.021484375 0.267578125 0.0234375 0.26953125 0.0234375 0.271484375 0.025390625 0.271484375 0.02734375 0.2734375 0.025390625 0.2734375 0.0234375 0.27734375 0.01953125 0.279296875 0.021484375
1 0.693359375 0.890625 0.693359375 0.892578125 0.69140625 0.89453125 0.69140625 0.896484375 0.689453125 0.8984375 0.69140625 0.896484375 0.693359375 0.8984375 0.6953125 0.8984375 0.697265625 0.896484375 0.69921875 0.8984375 0.697265625 0.896484375 0.697265625 0.892578125 0.6953125 0.890625
1 0.4921875 0.765625 0.490234375 0.767578125 0.48828125 0.767578125 0.48828125 0.771484375 0.486328125 0.7734375 0.484375 0.771484375 0.486328125 0.7734375 0.486328125 0.775390625 0.486328125 0.7734375 0.48828125 0.771484375 0.490234375 0.7734375 0.490234375 0.775390625 0.4921875 0.7734375 0.494140625 0.775390625 0.49609375 0.7734375 0.498046875 0.7734375 0.498046875 0.76953125 0.494140625 0.765625
1 0.966796875 0.53515625 0.966796875 0.537109375 0.96484375 0.5390625 0.96484375 0.544921875 0.970703125 0.544921875 0.974609375 0.541015625 0.974609375 0.5390625 0.9765625 0.537109375 0.978515625 0.537109375 0.98046875 0.5390625 0.9765625 0.53515625 0.9765625 0.537109375 0.974609375 0.5390625 0.97265625 0.537109375 0.96875 0.537109375
1 0.9921875 0.33984375 0.9921875 0.34765625 0.994140625 0.349609375 0.99609375 0.34765625 0.998046875 0.34765625 0.998046875 0.34375 0.99609375 0.341796875 0.99609375 0.33984375 0.994140625 0.341796875
1 0.986328125 0.09765625 0.986328125 0.099609375 0.98828125 0.09765625 0.990234375 0.099609375 0.990234375 0.1015625 0.98828125 0.103515625 0.9921875 0.107421875 0.990234375 0.109375 0.990234375 0.111328125 0.98828125 0.11328125 0.990234375 0.115234375 0.98828125 0.1171875 0.990234375 0.115234375 0.9921875 0.1171875 0.9921875 0.115234375 0.994140625 0.11328125 0.99609375 0.11328125 0.998046875 0.111328125 0.998046875 0.107421875 0.99609375 0.10546875 0.99609375 0.103515625 0.99609375 0.10546875 0.994140625 0.107421875 0.9921875 0.107421875 0.98828125 0.103515625 0.990234375 0.1015625 0.9921875 0.1015625 0.98828125 0.09765625
1 0.69140625 0.046875 0.6875 0.05078125 0.685546875 0.048828125 0.681640625 0.048828125 0.681640625 0.05859375 0.6796875 0.060546875 0.681640625 0.05859375 0.68359375 0.060546875 0.6875 0.060546875 0.689453125 0.05859375 0.689453125 0.052734375 0.69140625 0.05078125 0.689453125 0.048828125
1 0.275390625 0.017578125 0.271484375 0.021484375 0.26953125 0.021484375 0.267578125 0.0234375 0.26953125 0.0234375 0.271484375 0.025390625 0.271484375 0.02734375 0.2734375 0.025390625 0.2734375 0.0234375 0.27734375 0.01953125 0.279296875 0.021484375
