0 0.837890625 0.53515625 0.8359375 0.537109375 0.833984375 0.537109375 0.83203125 0.5390625 0.830078125 0.5390625 0.83203125 0.5390625 0.833984375 0.541015625 0.83203125 0.54296875 0.833984375 0.544921875 0.837890625 0.544921875 0.841796875 0.541015625 0.841796875 0.5390625 0.83984375 0.5390625 0.841796875 0.541015625 0.83984375 0.54296875 0.837890625 0.54296875 0.8359375 0.541015625 0.833984375 0.541015625 0.83203125 0.5390625 0.833984375 0.537109375 0.8359375 0.537109375
0 0.80078125 0.515625 0.8046875 0.51953125 0.80078125 0.5234375 0.802734375 0.525390625 0.8046875 0.525390625 0.806640625 0.5234375 0.80859375 0.525390625 0.810546875 0.525390625 0.810546875 0.521484375 0.806640625 0.521484375
0 0.498046875 0.078125 0.498046875 0.083984375 0.5 0.083984375 0.501953125 0.08203125 0.501953125 0.078125
0 0.48046875 0.0625 0.478515625 0.064453125 0.4765625 0.064453125 0.470703125 0.0703125 0.47265625 0.068359375 0.474609375 0.0703125 0.48046875 0.0703125 0.48046875 0.068359375 0.482421875 0.06640625 0.48046875 0.064453125
0 0.984375 0.0 0.982421875 0.001953125 0.984375 0.00390625 0.982421875 0.005859375 0.98046875 0.005859375 0.978515625 0.00390625 0.978515625 0.0078125 0.9765625 0.009765625 0.982421875 0.009765625 0.984375 0.0078125 0.986328125 0.0078125 0.984375 0.0078125 0.982421875 0.005859375 0.984375 0.00390625 0.986328125 0.00390625 0.984375 0.00390625 0.982421875 0.001953125
0 0.72265625 0.0 0.72265625 0.00390625 0.724609375 0.005859375 0.7265625 0.005859375 0.728515625 0.00390625 0.728515625 0.0
1 0.837890625 0.53515625 0.8359375 0.537109375 0.833984375 0.537109375 0.83203125 0.5390625 0.830078125 0.5390625 0.83203125 0.5390625 0.833984375 0.541015625 0.83203125 0.54296875 0.833984375 0.544921875 0.837890625 0.544921875 0.841796875 0.541015625 0.841796875 0.5390625 0.83984375 0.5390625 0.841796875 0.541015625 0.83984375 0.54296875 0.837890625 0.54296875 0.8359375 0.541015625 0.833984375 0.541015625 0.83203125 0.5390625 0.833984375 0.537109375 0.8359375 0.537109375
1 0.80078125 0.515625 0.8046875 0.51953125 0.80078125 0.5234375 0.802734375 0.525390625 0.8046875 0.525390625 0.806640625 0.5234375 0.80859375 0.525390625 0.810546875 0.525390625 0.810546875 0.521484375 0.806640625 0.521484375
1 0.498046875 0.078125 0.498046875 0.083984375 0.5 0.083984375 0.501953125 0.08203125 0.501953125 0.078125
1 0.48046875 0.0625 0.478515625 0.064453125 0.4765625 0.064453125 0.470703125 0.0703125 0.47265625 0.068359375 0.474609375 0.0703125 0.48046875 0.0703125 0.48046875 0.068359375 0.482421875 0.06640625 0.48046875 0.064453125
1 0.984375 0.0 0.982421875 0.001953125 0.984375 0.00390625 0.982421875 0.005859375 0.98046875 0.005859375 0.978515625 0.00390625 0.978515625 0.0078125 0.9765625 0.009765625 0.982421875 0.009765625 0.984375 0.0078125 0.986328125 0.0078125 0.984375 0.0078125 0.982421875 0.005859375 0.984375 0.00390625 0.986328125 0.00390625 0.984375 0.00390625 0.982421875 0.001953125
1 0.72265625 0.0 0.72265625 0.00390625 0.724609375 0.005859375 0.7265625 0.005859375 0.728515625 0.00390625 0.728515625 0.0
