0 0.47265625 0.978515625 0.470703125 0.98046875 0.470703125 0.986328125 0.46875 0.98828125 0.47265625 0.984375 0.474609375 0.984375 0.474609375 0.98046875 0.4765625 0.978515625 0.474609375 0.98046875
0 0.142578125 0.78515625 0.140625 0.787109375 0.140625 0.791015625 0.142578125 0.7890625 0.146484375 0.79296875 0.146484375 0.794921875 0.146484375 0.79296875 0.14453125 0.791015625 0.14453125 0.7890625 0.146484375 0.787109375 0.146484375 0.78515625
0 0.103515625 0.75 0.1015625 0.751953125 0.1015625 0.75390625 0.103515625 0.755859375 0.103515625 0.7578125 0.1015625 0.759765625 0.099609375 0.7578125 0.1015625 0.759765625 0.09765625 0.763671875 0.1015625 0.759765625 0.10546875 0.759765625 0.107421875 0.7578125 0.107421875 0.75390625 0.10546875 0.751953125 0.107421875 0.75 0.10546875 0.751953125
0 0.09765625 0.625 0.095703125 0.626953125 0.095703125 0.62890625 0.09375 0.630859375 0.095703125 0.6328125 0.095703125 0.634765625 0.09765625 0.63671875 0.099609375 0.63671875 0.1015625 0.634765625 0.103515625 0.634765625 0.099609375 0.630859375 0.1015625 0.62890625 0.1015625 0.626953125 0.1015625 0.62890625 0.09765625 0.6328125 0.095703125 0.6328125 0.09375 0.630859375 0.095703125 0.62890625 0.095703125 0.626953125
0 0.341796875 0.59375 0.337890625 0.59765625 0.3359375 0.595703125 0.333984375 0.59765625 0.33203125 0.59765625 0.330078125 0.595703125 0.33203125 0.59765625 0.33203125 0.599609375 0.333984375 0.6015625 0.33984375 0.6015625 0.337890625 0.599609375 0.33984375 0.59765625 0.33984375 0.595703125
0 0.08203125 0.451171875 0.080078125 0.453125 0.083984375 0.45703125 0.08203125 0.458984375 0.083984375 0.4609375 0.0859375 0.4609375 0.083984375 0.4609375 0.08203125 0.458984375 0.0859375 0.455078125 0.0859375 0.451171875
0 0.138671875 0.37890625 0.13671875 0.380859375 0.130859375 0.380859375 0.130859375 0.3828125 0.12890625 0.384765625 0.130859375 0.3828125 0.1328125 0.384765625 0.13671875 0.384765625 0.13671875 0.380859375
0 0.28515625 0.361328125 0.283203125 0.36328125 0.283203125 0.3671875 0.28515625 0.369140625 0.287109375 0.3671875 0.2890625 0.369140625 0.287109375 0.3671875 0.287109375 0.365234375 0.2890625 0.36328125 0.29296875 0.36328125 0.287109375 0.36328125
0 0.86328125 0.287109375 0.861328125 0.2890625 0.859375 0.2890625 0.861328125 0.2890625 0.86328125 0.287109375 0.865234375 0.2890625 0.865234375 0.29296875 0.8671875 0.29296875 0.869140625 0.291015625 0.873046875 0.294921875 0.876953125 0.294921875 0.876953125 0.291015625 0.875 0.2890625 0.875 0.291015625 0.873046875 0.29296875 0.87109375 0.29296875 0.869140625 0.291015625 0.87109375 0.2890625 0.869140625 0.287109375
0 0.138671875 0.2265625 0.13671875 0.228515625 0.13671875 0.232421875 0.1328125 0.236328125 0.134765625 0.234375 0.138671875 0.23828125 0.13671875 0.240234375 0.134765625 0.240234375 0.13671875 0.240234375 0.138671875 0.2421875 0.138671875 0.244140625 0.13671875 0.24609375 0.138671875 0.248046875 0.140625 0.24609375 0.138671875 0.244140625 0.138671875 0.2421875 0.13671875 0.240234375 0.138671875 0.23828125 0.140625 0.23828125 0.14453125 0.234375 0.14453125 0.232421875 0.146484375 0.23046875 0.1484375 0.23046875 0.146484375 0.23046875 0.14453125 0.228515625 0.146484375 0.2265625 0.1484375 0.2265625 0.146484375 0.2265625 0.14453125 0.228515625 0.142578125 0.2265625 0.140625 0.228515625
0 0.90625 0.15625 0.90625 0.16015625 0.908203125 0.162109375 0.908203125 0.1640625 0.908203125 0.162109375 0.912109375 0.158203125 0.91015625 0.15625
0 0.64453125 0.1328125 0.642578125 0.134765625 0.646484375 0.138671875 0.64453125 0.140625 0.646484375 0.138671875 0.6484375 0.140625 0.6484375 0.142578125 0.6484375 0.140625 0.65234375 0.13671875 0.650390625 0.134765625 0.65234375 0.1328125 0.654296875 0.1328125 0.65234375 0.1328125 0.650390625 0.134765625 0.6484375 0.134765625 0.646484375 0.13671875 0.64453125 0.13671875 0.642578125 0.134765625
0 0.08203125 0.111328125 0.080078125 0.11328125 0.078125 0.11328125 0.078125 0.119140625 0.08203125 0.123046875 0.080078125 0.12109375 0.08203125 0.119140625 0.080078125 0.1171875 0.08203125 0.115234375 0.083984375 0.115234375 0.08203125 0.11328125
0 0.845703125 0.109375 0.845703125 0.115234375 0.84375 0.1171875 0.845703125 0.1171875 0.849609375 0.11328125 0.849609375 0.109375 0.84765625 0.111328125
0 0.220703125 0.0625 0.224609375 0.06640625 0.22265625 0.068359375 0.220703125 0.068359375 0.22265625 0.068359375 0.224609375 0.0703125 0.224609375 0.072265625 0.2265625 0.07421875 0.228515625 0.07421875 0.2265625 0.072265625 0.228515625 0.0703125 0.228515625 0.068359375 0.2265625 0.068359375 0.224609375 0.06640625 0.224609375 0.064453125 0.2265625 0.0625 0.228515625 0.064453125 0.2265625 0.0625 0.224609375 0.064453125 0.22265625 0.064453125
0 0.8125 0.0390625 0.814453125 0.041015625 0.814453125 0.04296875 0.80859375 0.048828125 0.8046875 0.048828125 0.80859375 0.048828125 0.810546875 0.05078125 0.8125 0.05078125 0.814453125 0.052734375 0.8125 0.0546875 0.8125 0.056640625 0.810546875 0.05859375 0.8125 0.060546875 0.814453125 0.05859375 0.8125 0.056640625 0.8125 0.0546875 0.814453125 0.052734375 0.81640625 0.052734375 0.814453125 0.052734375 0.8125 0.05078125 0.81640625 0.046875 0.818359375 0.048828125 0.81640625 0.046875 0.81640625 0.044921875 0.814453125 0.04296875 0.814453125 0.0390625
0 0.880859375 0.015625 0.880859375 0.017578125 0.87890625 0.01953125 0.876953125 0.017578125 0.87890625 0.01953125 0.87890625 0.0234375 0.876953125 0.025390625 0.875 0.0234375 0.875 0.021484375 0.875 0.0234375 0.876953125 0.025390625 0.87890625 0.0234375 0.8828125 0.0234375 0.8828125 0.021484375 0.884765625 0.01953125
1 0.47265625 0.978515625 0.470703125 0.98046875 0.470703125 0.986328125 0.46875 0.98828125 0.47265625 0.984375 0.474609375 0.984375 0.474609375 0.98046875 0.4765625 0.978515625 0.474609375 0.98046875
1 0.142578125 0.78515625 0.140625 0.787109375 0.140625 0.791015625 0.142578125 0.7890625 0.146484375 0.79296875 0.146484375 0.794921875 0.146484375 0.79296875 0.14453125 0.791015625 0.14453125 0.7890625 0.146484375 0.787109375 0.146484375 0.78515625
1 0.103515625 0.75 0.1015625 0.751953125 0.1015625 0.75390625 0.103515625 0.755859375 0.103515625 0.7578125 0.1015625 0.759765625 0.099609375 0.7578125 0.1015625 0.759765625 0.09765625 0.763671875 0.1015625 0.759765625 0.10546875 0.759765625 0.107421875 0.7578125 0.107421875 0.75390625 0.10546875 0.751953125 0.107421875 0.75 0.10546875 0.751953125
1 0.09765625 0.625 0.095703125 0.626953125 0.095703125 0.62890625 0.09375 0.630859375 0.095703125 0.6328125 0.095703125 0.634765625 0.09765625 0.63671875 0.099609375 0.63671875 0.1015625 0.634765625 0.103515625 0.634765625 0.099609375 0.630859375 0.1015625 0.62890625 0.1015625 0.626953125 0.1015625 0.62890625 0.09765625 0.6328125 0.095703125 0.6328125 0.09375 0.630859375 0.095703125 0.62890625 0.095703125 0.626953125
1 0.341796875 0.59375 0.337890625 0.59765625 0.3359375 0.595703125 0.333984375 0.59765625 0.33203125 0.59765625 0.330078125 0.595703125 0.33203125 0.59765625 0.33203125 0.599609375 0.333984375 0.6015625 0.33984375 0.6015625 0.337890625 0.599609375 0.33984375 0.59765625 0.33984375 0.595703125
1 0.08203125 0.451171875 0.080078125 0.453125 0.083984375 0.45703125 0.08203125 0.458984375 0.083984375 0.4609375 0.0859375 0.4609375 0.083984375 0.4609375 0.08203125 0.458984375 0.0859375 0.455078125 0.0859375 0.451171875
1 0.138671875 0.37890625 0.13671875 0.380859375 0.130859375 0.380859375 0.130859375 0.3828125 0.12890625 0.384765625 0.130859375 0.3828125 0.1328125 0.384765625 0.13671875 0.384765625 0.13671875 0.380859375
1 0.28515625 0.361328125 0.283203125 0.36328125 0.283203125 0.3671875 0.28515625 0.369140625 0.287109375 0.3671875 0.2890625 0.369140625 0.287109375 0.3671875 0.287109375 0.365234375 0.2890625 0.36328125 0.29296875 0.36328125 0.287109375 0.36328125
1 0.86328125 0.287109375 0.861328125 0.2890625 0.859375 0.2890625 0.861328125 0.2890625 0.86328125 0.287109375 0.865234375 0.2890625 0.865234375 0.29296875 0.8671875 0.29296875 0.869140625 0.291015625 0.873046875 0.294921875 0.876953125 0.294921875 0.876953125 0.291015625 0.875 0.2890625 0.875 0.291015625 0.873046875 0.29296875 0.87109375 0.29296875 0.869140625 0.291015625 0.87109375 0.2890625 0.869140625 0.287109375
1 0.138671875 0.2265625 0.13671875 0.228515625 0.13671875 0.232421875 0.1328125 0.236328125 0.134765625 0.234375 0.138671875 0.23828125 0.13671875 0.240234375 0.134765625 0.240234375 0.13671875 0.240234375 0.138671875 0.2421875 0.138671875 0.244140625 0.13671875 0.24609375 0.138671875 0.248046875 0.140625 0.24609375 0.138671875 0.244140625 0.138671875 0.2421875 0.13671875 0.240234375 0.138671875 0.23828125 0.140625 0.23828125 0.14453125 0.234375 0.14453125 0.232421875 0.146484375 0.23046875 0.1484375 0.23046875 0.146484375 0.23046875 0.14453125 0.228515625 0.146484375 0.2265625 0.1484375 0.2265625 0.146484375 0.2265625 0.14453125 0.228515625 0.142578125 0.2265625 0.140625 0.228515625
1 0.90625 0.15625 0.90625 0.16015625 0.908203125 0.162109375 0.908203125 0.1640625 0.908203125 0.162109375 0.912109375 0.158203125 0.91015625 0.15625
1 0.64453125 0.1328125 0.642578125 0.134765625 0.646484375 0.138671875 0.64453125 0.140625 0.646484375 0.138671875 0.6484375 0.140625 0.6484375 0.142578125 0.6484375 0.140625 0.65234375 0.13671875 0.650390625 0.134765625 0.65234375 0.1328125 0.654296875 0.1328125 0.65234375 0.1328125 0.650390625 0.134765625 0.6484375 0.134765625 0.646484375 0.13671875 0.64453125 0.13671875 0.642578125 0.134765625
1 0.08203125 0.111328125 0.080078125 0.11328125 0.078125 0.11328125 0.078125 0.119140625 0.08203125 0.123046875 0.080078125 0.12109375 0.08203125 0.119140625 0.080078125 0.1171875 0.08203125 0.115234375 0.083984375 0.115234375 0.08203125 0.11328125
1 0.845703125 0.109375 0.845703125 0.115234375 0.84375 0.1171875 0.845703125 0.1171875 0.849609375 0.11328125 0.849609375 0.109375 0.84765625 0.111328125
1 0.220703125 0.0625 0.224609375 0.06640625 0.22265625 0.068359375 0.220703125 0.068359375 0.22265625 0.068359375 0.224609375 0.0703125 0.224609375 0.072265625 0.2265625 0.07421875 0.228515625 0.07421875 0.2265625 0.072265625 0.228515625 0.0703125 0.228515625 0.068359375 0.2265625 0.068359375 0.224609375 0.06640625 0.224609375 0.064453125 0.2265625 0.0625 0.228515625 0.064453125 0.2265625 0.0625 0.224609375 0.064453125 0.22265625 0.064453125
1 0.8125 0.0390625 0.814453125 0.041015625 0.814453125 0.04296875 0.80859375 0.048828125 0.8046875 0.048828125 0.80859375 0.048828125 0.810546875 0.05078125 0.8125 0.05078125 0.814453125 0.052734375 0.8125 0.0546875 0.8125 0.056640625 0.810546875 0.05859375 0.8125 0.060546875 0.814453125 0.05859375 0.8125 0.056640625 0.8125 0.0546875 0.814453125 0.052734375 0.81640625 0.052734375 0.814453125 0.052734375 0.8125 0.05078125 0.81640625 0.046875 0.818359375 0.048828125 0.81640625 0.046875 0.81640625 0.044921875 0.814453125 0.04296875 0.814453125 0.0390625
1 0.880859375 0.015625 0.880859375 0.017578125 0.87890625 0.01953125 0.876953125 0.017578125 0.87890625 0.01953125 0.87890625 0.0234375 0.876953125 0.025390625 0.875 0.0234375 0.875 0.021484375 0.875 0.0234375 0.876953125 0.025390625 0.87890625 0.0234375 0.8828125 0.0234375 0.8828125 0.021484375 0.884765625 0.01953125
