0 0.771484375 0.40625 0.76953125 0.408203125 0.767578125 0.408203125 0.767578125 0.41015625 0.765625 0.412109375 0.767578125 0.4140625 0.76953125 0.412109375 0.771484375 0.4140625 0.7734375 0.412109375 0.775390625 0.412109375 0.7734375 0.412109375 0.771484375 0.41015625 0.775390625 0.40625 0.7734375 0.408203125
0 0.958984375 0.3984375 0.95703125 0.400390625 0.958984375 0.40234375 0.958984375 0.40625 0.962890625 0.41015625 0.9609375 0.412109375 0.95703125 0.412109375 0.955078125 0.41015625 0.955078125 0.408203125 0.955078125 0.41015625 0.953125 0.412109375 0.953125 0.4140625 0.953125 0.412109375 0.955078125 0.41015625 0.95703125 0.412109375 0.9609375 0.412109375 0.96484375 0.408203125 0.96875 0.408203125 0.97265625 0.412109375 0.974609375 0.412109375 0.97265625 0.412109375 0.970703125 0.41015625 0.97265625 0.408203125 0.970703125 0.40625 0.970703125 0.400390625 0.96875 0.3984375 0.966796875 0.400390625 0.9609375 0.400390625
0 0.11328125 0.234375 0.111328125 0.236328125 0.111328125 0.23828125 0.109375 0.240234375 0.111328125 0.2421875 0.111328125 0.244140625 0.11328125 0.24609375 0.115234375 0.24609375 0.1171875 0.244140625 0.119140625 0.244140625 0.115234375 0.240234375 0.1171875 0.23828125 0.1171875 0.236328125 0.1171875 0.23828125 0.11328125 0.2421875 0.111328125 0.2421875 0.109375 0.240234375 0.111328125 0.23828125 0.111328125 0.236328125
0 0.626953125 0.1484375 0.625 0.150390625 0.625 0.154296875 0.62890625 0.154296875 0.630859375 0.15234375 0.6328125 0.15234375 0.630859375 0.15234375 0.62890625 0.150390625 0.630859375 0.1484375 0.6328125 0.1484375 0.630859375 0.1484375 0.62890625 0.150390625
0 0.798828125 0.125 0.802734375 0.12890625 0.802734375 0.130859375 0.8046875 0.1328125 0.802734375 0.134765625 0.80078125 0.134765625 0.802734375 0.134765625 0.8046875 0.1328125 0.806640625 0.1328125 0.810546875 0.13671875 0.80859375 0.134765625 0.80859375 0.130859375 0.806640625 0.12890625 0.80859375 0.126953125 0.806640625 0.12890625 0.802734375 0.12890625
1 0.771484375 0.40625 0.76953125 0.408203125 0.767578125 0.408203125 0.767578125 0.41015625 0.765625 0.412109375 0.767578125 0.4140625 0.76953125 0.412109375 0.771484375 0.4140625 0.7734375 0.412109375 0.775390625 0.412109375 0.7734375 0.412109375 0.771484375 0.41015625 0.775390625 0.40625 0.7734375 0.408203125
1 0.958984375 0.3984375 0.95703125 0.400390625 0.958984375 0.40234375 0.958984375 0.40625 0.962890625 0.41015625 0.9609375 0.412109375 0.95703125 0.412109375 0.955078125 0.41015625 0.955078125 0.408203125 0.955078125 0.41015625 0.953125 0.412109375 0.953125 0.4140625 0.953125 0.412109375 0.955078125 0.41015625 0.95703125 0.412109375 0.9609375 0.412109375 0.96484375 0.408203125 0.96875 0.408203125 0.97265625 0.412109375 0.974609375 0.412109375 0.97265625 0.412109375 0.970703125 0.41015625 0.97265625 0.408203125 0.970703125 0.40625 0.970703125 0.400390625 0.96875 0.3984375 0.966796875 0.400390625 0.9609375 0.400390625
1 0.11328125 0.234375 0.111328125 0.236328125 0.111328125 0.23828125 0.109375 0.240234375 0.111328125 0.2421875 0.111328125 0.244140625 0.11328125 0.24609375 0.115234375 0.24609375 0.1171875 0.244140625 0.119140625 0.244140625 0.115234375 0.240234375 0.1171875 0.23828125 0.1171875 0.236328125 0.1171875 0.23828125 0.11328125 0.2421875 0.111328125 0.2421875 0.109375 0.240234375 0.111328125 0.23828125 0.111328125 0.236328125
1 0.626953125 0.1484375 0.625 0.150390625 0.625 0.154296875 0.62890625 0.154296875 0.630859375 0.15234375 0.6328125 0.15234375 0.630859375 0.15234375 0.62890625 0.150390625 0.630859375 0.1484375 0.6328125 0.1484375 0.630859375 0.1484375 0.62890625 0.150390625
1 0.798828125 0.125 0.802734375 0.12890625 0.802734375 0.130859375 0.8046875 0.1328125 0.802734375 0.134765625 0.80078125 0.134765625 0.802734375 0.134765625 0.8046875 0.1328125 0.806640625 0.1328125 0.810546875 0.13671875 0.80859375 0.134765625 0.80859375 0.130859375 0.806640625 0.12890625 0.80859375 0.126953125 0.806640625 0.12890625 0.802734375 0.12890625
