0 0.9921875 0.390625 0.990234375 0.392578125 0.98828125 0.392578125 0.990234375 0.392578125 0.9921875 0.39453125 0.9921875 0.396484375 0.990234375 0.3984375 0.98828125 0.396484375 0.986328125 0.396484375 0.98828125 0.396484375 0.990234375 0.3984375 0.98828125 0.400390625 0.986328125 0.400390625 0.986328125 0.404296875 0.98828125 0.40625 0.98828125 0.408203125 0.990234375 0.408203125 0.99609375 0.40234375 0.998046875 0.404296875 0.99609375 0.40234375 0.994140625 0.40234375 0.994140625 0.404296875 0.9921875 0.40625 0.98828125 0.40234375 0.98828125 0.400390625 0.9921875 0.396484375 0.9921875 0.39453125 0.990234375 0.392578125
0 0.041015625 0.359375 0.0390625 0.361328125 0.037109375 0.361328125 0.0390625 0.36328125 0.037109375 0.365234375 0.03515625 0.365234375 0.03515625 0.3671875 0.033203125 0.369140625 0.03515625 0.37109375 0.0390625 0.3671875 0.04296875 0.3671875 0.044921875 0.369140625 0.04296875 0.37109375 0.044921875 0.369140625 0.04296875 0.3671875 0.041015625 0.3671875 0.0390625 0.365234375 0.041015625 0.36328125 0.0390625 0.361328125
0 0.951171875 0.171875 0.94921875 0.173828125 0.953125 0.177734375 0.951171875 0.1796875 0.947265625 0.1796875 0.9453125 0.177734375 0.94921875 0.181640625 0.94921875 0.18359375 0.947265625 0.185546875 0.9453125 0.18359375 0.943359375 0.185546875 0.9453125 0.18359375 0.947265625 0.185546875 0.94921875 0.18359375 0.951171875 0.18359375 0.953125 0.185546875 0.955078125 0.18359375 0.95703125 0.18359375 0.953125 0.1796875 0.953125 0.177734375 0.955078125 0.17578125 0.953125 0.177734375 0.94921875 0.173828125 0.951171875 0.171875 0.953125 0.171875
0 0.80859375 0.14453125 0.810546875 0.146484375 0.810546875 0.1484375 0.806640625 0.15234375 0.80859375 0.15234375 0.810546875 0.154296875 0.8125 0.15234375 0.814453125 0.15234375 0.8125 0.150390625 0.814453125 0.1484375 0.818359375 0.1484375 0.8125 0.1484375
0 0.474609375 0.083984375 0.4765625 0.0859375 0.474609375 0.087890625 0.47265625 0.087890625 0.470703125 0.0859375 0.47265625 0.087890625 0.47265625 0.08984375 0.474609375 0.091796875 0.48046875 0.091796875 0.478515625 0.08984375 0.478515625 0.087890625 0.48046875 0.0859375 0.478515625 0.083984375 0.4765625 0.0859375
1 0.9921875 0.390625 0.990234375 0.392578125 0.98828125 0.392578125 0.990234375 0.392578125 0.9921875 0.39453125 0.9921875 0.396484375 0.990234375 0.3984375 0.98828125 0.396484375 0.986328125 0.396484375 0.98828125 0.396484375 0.990234375 0.3984375 0.98828125 0.400390625 0.986328125 0.400390625 0.986328125 0.404296875 0.98828125 0.40625 0.98828125 0.408203125 0.990234375 0.408203125 0.99609375 0.40234375 0.998046875 0.404296875 0.99609375 0.40234375 0.994140625 0.40234375 0.994140625 0.404296875 0.9921875 0.40625 0.98828125 0.40234375 0.98828125 0.400390625 0.9921875 0.396484375 0.9921875 0.39453125 0.990234375 0.392578125
1 0.041015625 0.359375 0.0390625 0.361328125 0.037109375 0.361328125 0.0390625 0.36328125 0.037109375 0.365234375 0.03515625 0.365234375 0.03515625 0.3671875 0.033203125 0.369140625 0.03515625 0.37109375 0.0390625 0.3671875 0.04296875 0.3671875 0.044921875 0.369140625 0.04296875 0.37109375 0.044921875 0.369140625 0.04296875 0.3671875 0.041015625 0.3671875 0.0390625 0.365234375 0.041015625 0.36328125 0.0390625 0.361328125
1 0.951171875 0.171875 0.94921875 0.173828125 0.953125 0.177734375 0.951171875 0.1796875 0.947265625 0.1796875 0.9453125 0.177734375 0.94921875 0.181640625 0.94921875 0.18359375 0.947265625 0.185546875 0.9453125 0.18359375 0.943359375 0.185546875 0.9453125 0.18359375 0.947265625 0.185546875 0.94921875 0.18359375 0.951171875 0.18359375 0.953125 0.185546875 0.955078125 0.18359375 0.95703125 0.18359375 0.953125 0.1796875 0.953125 0.177734375 0.955078125 0.17578125 0.953125 0.177734375 0.94921875 0.173828125 0.951171875 0.171875 0.953125 0.171875
1 0.80859375 0.14453125 0.810546875 0.146484375 0.810546875 0.1484375 0.806640625 0.15234375 0.80859375 0.15234375 0.810546875 0.154296875 0.8125 0.15234375 0.814453125 0.15234375 0.8125 0.150390625 0.814453125 0.1484375 0.818359375 0.1484375 0.8125 0.1484375
1 0.474609375 0.083984375 0.4765625 0.0859375 0.474609375 0.087890625 0.47265625 0.087890625 0.470703125 0.0859375 0.47265625 0.087890625 0.47265625 0.08984375 0.474609375 0.091796875 0.48046875 0.091796875 0.478515625 0.08984375 0.478515625 0.087890625 0.48046875 0.0859375 0.478515625 0.083984375 0.4765625 0.0859375
