0 0.009765625 0.3125 0.00390625 0.318359375 0.0 0.318359375 0.0 0.322265625 0.001953125 0.322265625 0.00390625 0.3203125 0.005859375 0.322265625 0.0078125 0.322265625 0.009765625 0.3203125 0.005859375 0.31640625
0 0.552734375 0.158203125 0.552734375 0.162109375 0.55078125 0.1640625 0.5546875 0.16796875 0.552734375 0.169921875 0.5546875 0.16796875 0.556640625 0.16796875 0.556640625 0.166015625 0.5546875 0.1640625 0.556640625 0.162109375 0.55859375 0.162109375 0.560546875 0.1640625 0.556640625 0.16015625 0.556640625 0.158203125 0.5546875 0.16015625
0 0.1875 0.109375 0.189453125 0.111328125 0.1875 0.11328125 0.1875 0.115234375 0.189453125 0.1171875 0.185546875 0.12109375 0.181640625 0.1171875 0.1796875 0.1171875 0.181640625 0.1171875 0.18359375 0.119140625 0.181640625 0.12109375 0.18359375 0.123046875 0.18359375 0.125 0.185546875 0.126953125 0.1875 0.126953125 0.19140625 0.123046875 0.193359375 0.125 0.193359375 0.126953125 0.19140625 0.12890625 0.193359375 0.126953125 0.193359375 0.125 0.19140625 0.123046875 0.193359375 0.12109375 0.19140625 0.123046875 0.1875 0.119140625 0.189453125 0.1171875 0.19140625 0.1171875 0.189453125 0.1171875 0.1875 0.115234375 0.1875 0.11328125 0.189453125 0.111328125
0 0.80078125 0.10546875 0.80078125 0.107421875 0.798828125 0.109375 0.798828125 0.111328125 0.796875 0.11328125 0.798828125 0.111328125 0.802734375 0.115234375 0.80078125 0.11328125 0.802734375 0.111328125 0.8046875 0.111328125 0.8046875 0.107421875 0.802734375 0.10546875
0 0.544921875 0.1015625 0.544921875 0.107421875 0.546875 0.109375 0.548828125 0.109375 0.55078125 0.111328125 0.552734375 0.109375 0.552734375 0.107421875 0.556640625 0.103515625 0.5546875 0.10546875 0.552734375 0.103515625 0.548828125 0.103515625 0.546875 0.1015625
0 0.634765625 0.03125 0.6328125 0.033203125 0.630859375 0.033203125 0.6328125 0.033203125 0.634765625 0.03515625 0.6328125 0.037109375 0.630859375 0.037109375 0.6328125 0.037109375 0.634765625 0.03515625 0.63671875 0.037109375 0.638671875 0.03515625 0.638671875 0.03125
1 0.009765625 0.3125 0.00390625 0.318359375 0.0 0.318359375 0.0 0.322265625 0.001953125 0.322265625 0.00390625 0.3203125 0.005859375 0.322265625 0.0078125 0.322265625 0.009765625 0.3203125 0.005859375 0.31640625
1 0.552734375 0.158203125 0.552734375 0.162109375 0.55078125 0.1640625 0.5546875 0.16796875 0.552734375 0.169921875 0.5546875 0.16796875 0.556640625 0.16796875 0.556640625 0.166015625 0.5546875 0.1640625 0.556640625 0.162109375 0.55859375 0.162109375 0.560546875 0.1640625 0.556640625 0.16015625 0.556640625 0.158203125 0.5546875 0.16015625
1 0.1875 0.109375 0.189453125 0.111328125 0.1875 0.11328125 0.1875 0.115234375 0.189453125 0.1171875 0.185546875 0.12109375 0.181640625 0.1171875 0.1796875 0.1171875 0.181640625 0.1171875 0.18359375 0.119140625 0.181640625 0.12109375 0.18359375 0.123046875 0.18359375 0.125 0.185546875 0.126953125 0.1875 0.126953125 0.19140625 0.123046875 0.193359375 0.125 0.193359375 0.126953125 0.19140625 0.12890625 0.193359375 0.126953125 0.193359375 0.125 0.19140625 0.123046875 0.193359375 0.12109375 0.19140625 0.123046875 0.1875 0.119140625 0.189453125 0.1171875 0.19140625 0.1171875 0.189453125 0.1171875 0.1875 0.115234375 0.1875 0.11328125 0.189453125 0.111328125
1 0.80078125 0.10546875 0.80078125 0.107421875 0.798828125 0.109375 0.798828125 0.111328125 0.796875 0.11328125 0.798828125 0.111328125 0.802734375 0.115234375 0.80078125 0.11328125 0.802734375 0.111328125 0.8046875 0.111328125 0.8046875 0.107421875 0.802734375 0.10546875
1 0.544921875 0.1015625 0.544921875 0.107421875 0.546875 0.109375 0.548828125 0.109375 0.55078125 0.111328125 0.552734375 0.109375 0.552734375 0.107421875 0.556640625 0.103515625 0.5546875 0.10546875 0.552734375 0.103515625 0.548828125 0.103515625 0.546875 0.1015625
1 0.634765625 0.03125 0.6328125 0.033203125 0.630859375 0.033203125 0.6328125 0.033203125 0.634765625 0.03515625 0.6328125 0.037109375 0.630859375 0.037109375 0.6328125 0.037109375 0.634765625 0.03515625 0.63671875 0.037109375 0.638671875 0.03515625 0.638671875 0.03125
