0 0.1484375 0.193359375 0.146484375 0.1953125 0.1484375 0.197265625 0.146484375 0.19921875 0.14453125 0.19921875 0.142578125 0.201171875 0.14453125 0.19921875 0.146484375 0.19921875 0.1484375 0.201171875 0.150390625 0.19921875 0.154296875 0.19921875 0.15234375 0.19921875 0.150390625 0.197265625 0.150390625 0.1953125
0 0.83203125 0.1171875 0.830078125 0.119140625 0.828125 0.119140625 0.828125 0.123046875 0.83203125 0.123046875 0.83203125 0.12109375 0.833984375 0.119140625
0 0.587890625 0.109375 0.587890625 0.111328125 0.583984375 0.115234375 0.58203125 0.11328125 0.583984375 0.115234375 0.58203125 0.1171875 0.583984375 0.119140625 0.5859375 0.119140625 0.587890625 0.12109375 0.58984375 0.119140625 0.587890625 0.1171875 0.58984375 0.115234375 0.587890625 0.1171875 0.5859375 0.115234375 0.5859375 0.11328125 0.587890625 0.111328125
0 0.9921875 0.095703125 0.994140625 0.09765625 0.994140625 0.099609375 0.998046875 0.103515625 0.998046875 0.095703125 0.99609375 0.095703125 0.994140625 0.09765625
0 0.609375 0.095703125 0.609375 0.09765625 0.607421875 0.099609375 0.60546875 0.099609375 0.607421875 0.099609375 0.609375 0.1015625 0.607421875 0.103515625 0.60546875 0.103515625 0.609375 0.103515625 0.611328125 0.1015625 0.61328125 0.1015625 0.615234375 0.103515625 0.61328125 0.1015625 0.615234375 0.099609375 0.615234375 0.09765625 0.611328125 0.09765625
1 0.1484375 0.193359375 0.146484375 0.1953125 0.1484375 0.197265625 0.146484375 0.19921875 0.14453125 0.19921875 0.142578125 0.201171875 0.14453125 0.19921875 0.146484375 0.19921875 0.1484375 0.201171875 0.150390625 0.19921875 0.154296875 0.19921875 0.15234375 0.19921875 0.150390625 0.197265625 0.150390625 0.1953125
1 0.83203125 0.1171875 0.830078125 0.119140625 0.828125 0.119140625 0.828125 0.123046875 0.83203125 0.123046875 0.83203125 0.12109375 0.833984375 0.119140625
1 0.587890625 0.109375 0.587890625 0.111328125 0.583984375 0.115234375 0.58203125 0.11328125 0.583984375 0.115234375 0.58203125 0.1171875 0.583984375 0.119140625 0.5859375 0.119140625 0.587890625 0.12109375 0.58984375 0.119140625 0.587890625 0.1171875 0.58984375 0.115234375 0.587890625 0.1171875 0.5859375 0.115234375 0.5859375 0.11328125 0.587890625 0.111328125
1 0.9921875 0.095703125 0.994140625 0.09765625 0.994140625 0.099609375 0.998046875 0.103515625 0.998046875 0.095703125 0.99609375 0.095703125 0.994140625 0.09765625
1 0.609375 0.095703125 0.609375 0.09765625 0.607421875 0.099609375 0.60546875 0.099609375 0.607421875 0.099609375 0.609375 0.1015625 0.607421875 0.103515625 0.60546875 0.103515625 0.609375 0.103515625 0.611328125 0.1015625 0.61328125 0.1015625 0.615234375 0.103515625 0.61328125 0.1015625 0.615234375 0.099609375 0.615234375 0.09765625 0.611328125 0.09765625
