0 0.814453125 0.390625 0.81640625 0.392578125 0.818359375 0.392578125 0.8203125 0.39453125 0.818359375 0.396484375 0.8203125 0.3984375 0.822265625 0.396484375 0.822265625 0.39453125 0.82421875 0.392578125 0.826171875 0.392578125 0.822265625 0.392578125 0.8203125 0.390625 0.818359375 0.392578125 0.81640625 0.392578125
0 0.9609375 0.22265625 0.9609375 0.2265625 0.958984375 0.228515625 0.95703125 0.2265625 0.95703125 0.224609375 0.95703125 0.2265625 0.955078125 0.228515625 0.953125 0.2265625 0.955078125 0.228515625 0.953125 0.23046875 0.955078125 0.23046875 0.955078125 0.228515625 0.95703125 0.2265625 0.9609375 0.23046875 0.958984375 0.232421875 0.966796875 0.224609375 0.96484375 0.2265625
0 0.0 0.189453125 0.0 0.1953125 0.001953125 0.1953125 0.00390625 0.197265625 0.001953125 0.19921875 0.005859375 0.1953125 0.0078125 0.197265625 0.009765625 0.1953125 0.0078125 0.197265625 0.00390625 0.193359375 0.00390625 0.19140625 0.001953125 0.19140625
0 0.0 0.146484375 0.001953125 0.1484375 0.001953125 0.154296875 0.00390625 0.15234375 0.005859375 0.154296875 0.005859375 0.150390625 0.001953125 0.146484375
0 0.380859375 0.052734375 0.3828125 0.0546875 0.37890625 0.05859375 0.376953125 0.056640625 0.375 0.056640625 0.375 0.064453125 0.380859375 0.064453125 0.380859375 0.060546875 0.37890625 0.05859375 0.3828125 0.0546875
0 0.244140625 0.046875 0.244140625 0.048828125 0.2421875 0.05078125 0.240234375 0.05078125 0.23828125 0.052734375 0.240234375 0.05078125 0.2421875 0.052734375 0.2421875 0.0546875 0.248046875 0.0546875 0.25 0.056640625 0.251953125 0.056640625 0.25 0.056640625 0.248046875 0.0546875 0.25 0.052734375 0.251953125 0.052734375 0.25 0.052734375 0.24609375 0.048828125 0.248046875 0.046875 0.24609375 0.048828125
0 0.654296875 0.0 0.65625 0.001953125 0.654296875 0.00390625 0.65234375 0.00390625 0.65234375 0.005859375 0.654296875 0.0078125 0.65234375 0.009765625 0.654296875 0.01171875 0.65234375 0.009765625 0.654296875 0.0078125 0.658203125 0.0078125 0.66015625 0.009765625 0.658203125 0.01171875 0.662109375 0.0078125 0.6640625 0.009765625 0.666015625 0.0078125 0.6640625 0.009765625 0.66015625 0.005859375 0.66015625 0.00390625 0.658203125 0.00390625
0 0.537109375 0.0 0.5390625 0.001953125 0.53515625 0.005859375 0.533203125 0.00390625 0.533203125 0.001953125 0.53125 0.001953125 0.533203125 0.00390625 0.53125 0.005859375 0.533203125 0.00390625 0.53515625 0.005859375 0.53515625 0.0078125 0.53515625 0.005859375 0.537109375 0.00390625 0.5390625 0.005859375 0.5390625 0.009765625 0.54296875 0.005859375 0.544921875 0.0078125
1 0.814453125 0.390625 0.81640625 0.392578125 0.818359375 0.392578125 0.8203125 0.39453125 0.818359375 0.396484375 0.8203125 0.3984375 0.822265625 0.396484375 0.822265625 0.39453125 0.82421875 0.392578125 0.826171875 0.392578125 0.822265625 0.392578125 0.8203125 0.390625 0.818359375 0.392578125 0.81640625 0.392578125
1 0.9609375 0.22265625 0.9609375 0.2265625 0.958984375 0.228515625 0.95703125 0.2265625 0.95703125 0.224609375 0.95703125 0.2265625 0.955078125 0.228515625 0.953125 0.2265625 0.955078125 0.228515625 0.953125 0.23046875 0.955078125 0.23046875 0.955078125 0.228515625 0.95703125 0.2265625 0.9609375 0.23046875 0.958984375 0.232421875 0.966796875 0.224609375 0.96484375 0.2265625
1 0.0 0.189453125 0.0 0.1953125 0.001953125 0.1953125 0.00390625 0.197265625 0.001953125 0.19921875 0.005859375 0.1953125 0.0078125 0.197265625 0.009765625 0.1953125 0.0078125 0.197265625 0.00390625 0.193359375 0.00390625 0.19140625 0.001953125 0.19140625
1 0.0 0.146484375 0.001953125 0.1484375 0.001953125 0.154296875 0.00390625 0.15234375 0.005859375 0.154296875 0.005859375 0.150390625 0.001953125 0.146484375
1 0.380859375 0.052734375 0.3828125 0.0546875 0.37890625 0.05859375 0.376953125 0.056640625 0.375 0.056640625 0.375 0.064453125 0.380859375 0.064453125 0.380859375 0.060546875 0.37890625 0.05859375 0.3828125 0.0546875
1 0.244140625 0.046875 0.244140625 0.048828125 0.2421875 0.05078125 0.240234375 0.05078125 0.23828125 0.052734375 0.240234375 0.05078125 0.2421875 0.052734375 0.2421875 0.0546875 0.248046875 0.0546875 0.25 0.056640625 0.251953125 0.056640625 0.25 0.056640625 0.248046875 0.0546875 0.25 0.052734375 0.251953125 0.052734375 0.25 0.052734375 0.24609375 0.048828125 0.248046875 0.046875 0.24609375 0.048828125
1 0.654296875 0.0 0.65625 0.001953125 0.654296875 0.00390625 0.65234375 0.00390625 0.65234375 0.005859375 0.654296875 0.0078125 0.65234375 0.009765625 0.654296875 0.01171875 0.65234375 0.009765625 0.654296875 0.0078125 0.658203125 0.0078125 0.66015625 0.009765625 0.658203125 0.01171875 0.662109375 0.0078125 0.6640625 0.009765625 0.666015625 0.0078125 0.6640625 0.009765625 0.66015625 0.005859375 0.66015625 0.00390625 0.658203125 0.00390625
1 0.537109375 0.0 0.5390625 0.001953125 0.53515625 0.005859375 0.533203125 0.00390625 0.533203125 0.001953125 0.53125 0.001953125 0.533203125 0.00390625 0.53125 0.005859375 0.533203125 0.00390625 0.53515625 0.005859375 0.53515625 0.0078125 0.53515625 0.005859375 0.537109375 0.00390625 0.5390625 0.005859375 0.5390625 0.009765625 0.54296875 0.005859375 0.544921875 0.0078125
