0 0.86328125 0.296875 0.861328125 0.298828125 0.865234375 0.302734375 0.861328125 0.306640625 0.859375 0.306640625 0.8671875 0.306640625 0.869140625 0.30859375 0.869140625 0.306640625 0.8671875 0.3046875 0.869140625 0.302734375 0.865234375 0.302734375 0.861328125 0.298828125
0 0.359375 0.162109375 0.359375 0.166015625 0.361328125 0.16796875 0.365234375 0.1640625 0.3671875 0.1640625 0.369140625 0.166015625 0.37109375 0.166015625 0.373046875 0.16796875 0.37109375 0.166015625 0.369140625 0.166015625 0.3671875 0.1640625 0.3671875 0.162109375 0.365234375 0.1640625 0.36328125 0.1640625 0.361328125 0.162109375
0 0.93359375 0.0859375 0.93359375 0.08984375 0.931640625 0.091796875 0.93359375 0.09375 0.931640625 0.095703125 0.93359375 0.09765625 0.931640625 0.099609375 0.9296875 0.099609375 0.931640625 0.099609375 0.935546875 0.095703125 0.939453125 0.099609375 0.9375 0.1015625 0.9375 0.103515625 0.939453125 0.10546875 0.9375 0.107421875 0.939453125 0.10546875 0.9375 0.103515625 0.9375 0.1015625 0.939453125 0.099609375 0.94140625 0.099609375 0.939453125 0.099609375 0.9375 0.09765625 0.94140625 0.09375 0.943359375 0.095703125 0.94140625 0.09375 0.943359375 0.091796875 0.943359375 0.08984375 0.94140625 0.087890625 0.943359375 0.08984375 0.943359375 0.091796875 0.94140625 0.09375 0.9375 0.08984375 0.935546875 0.091796875 0.93359375 0.08984375 0.93359375 0.087890625 0.935546875 0.0859375 0.9375 0.0859375
0 0.94140625 0.017578125 0.94140625 0.01953125 0.939453125 0.021484375 0.9375 0.01953125 0.939453125 0.021484375 0.9375 0.0234375 0.939453125 0.021484375 0.94140625 0.0234375 0.943359375 0.021484375 0.9453125 0.0234375 0.947265625 0.0234375 0.947265625 0.01953125 0.9453125 0.017578125 0.943359375 0.01953125
0 0.009765625 0.001953125 0.0078125 0.00390625 0.005859375 0.00390625 0.0078125 0.00390625 0.009765625 0.001953125 0.01171875 0.00390625 0.01171875 0.005859375 0.009765625 0.0078125 0.009765625 0.009765625 0.015625 0.009765625 0.015625 0.005859375 0.017578125 0.00390625 0.01953125 0.00390625 0.017578125 0.00390625 0.015625 0.001953125 0.017578125 0.00390625 0.015625 0.005859375 0.013671875 0.005859375
1 0.86328125 0.296875 0.861328125 0.298828125 0.865234375 0.302734375 0.861328125 0.306640625 0.859375 0.306640625 0.8671875 0.306640625 0.869140625 0.30859375 0.869140625 0.306640625 0.8671875 0.3046875 0.869140625 0.302734375 0.865234375 0.302734375 0.861328125 0.298828125
1 0.359375 0.162109375 0.359375 0.166015625 0.361328125 0.16796875 0.365234375 0.1640625 0.3671875 0.1640625 0.369140625 0.166015625 0.37109375 0.166015625 0.373046875 0.16796875 0.37109375 0.166015625 0.369140625 0.166015625 0.3671875 0.1640625 0.3671875 0.162109375 0.365234375 0.1640625 0.36328125 0.1640625 0.361328125 0.162109375
1 0.93359375 0.0859375 0.93359375 0.08984375 0.931640625 0.091796875 0.93359375 0.09375 0.931640625 0.095703125 0.93359375 0.09765625 0.931640625 0.099609375 0.9296875 0.099609375 0.931640625 0.099609375 0.935546875 0.095703125 0.939453125 0.099609375 0.9375 0.1015625 0.9375 0.103515625 0.939453125 0.10546875 0.9375 0.107421875 0.939453125 0.10546875 0.9375 0.103515625 0.9375 0.1015625 0.939453125 0.099609375 0.94140625 0.099609375 0.939453125 0.099609375 0.9375 0.09765625 0.94140625 0.09375 0.943359375 0.095703125 0.94140625 0.09375 0.943359375 0.091796875 0.943359375 0.08984375 0.94140625 0.087890625 0.943359375 0.08984375 0.943359375 0.091796875 0.94140625 0.09375 0.9375 0.08984375 0.935546875 0.091796875 0.93359375 0.08984375 0.93359375 0.087890625 0.935546875 0.0859375 0.9375 0.0859375
1 0.94140625 0.017578125 0.94140625 0.01953125 0.939453125 0.021484375 0.9375 0.01953125 0.939453125 0.021484375 0.9375 0.0234375 0.939453125 0.021484375 0.94140625 0.0234375 0.943359375 0.021484375 0.9453125 0.0234375 0.947265625 0.0234375 0.947265625 0.01953125 0.9453125 0.017578125 0.943359375 0.01953125
1 0.009765625 0.001953125 0.0078125 0.00390625 0.005859375 0.00390625 0.0078125 0.00390625 0.009765625 0.001953125 0.01171875 0.00390625 0.01171875 0.005859375 0.009765625 0.0078125 0.009765625 0.009765625 0.015625 0.009765625 0.015625 0.005859375 0.017578125 0.00390625 0.01953125 0.00390625 0.017578125 0.00390625 0.015625 0.001953125 0.017578125 0.00390625 0.015625 0.005859375 0.013671875 0.005859375
