0 0.6875 0.6640625 0.689453125 0.666015625 0.689453125 0.66796875 0.6875 0.669921875 0.6875 0.671875 0.689453125 0.671875 0.69140625 0.673828125 0.6953125 0.669921875 0.693359375 0.671875 0.69140625 0.669921875 0.69140625 0.666015625 0.689453125 0.666015625
0 0.548828125 0.490234375 0.548828125 0.4921875 0.546875 0.494140625 0.55078125 0.498046875 0.552734375 0.49609375 0.5546875 0.49609375 0.552734375 0.494140625 0.5546875 0.4921875 0.552734375 0.490234375 0.552734375 0.4921875 0.55078125 0.494140625 0.548828125 0.4921875
0 0.9921875 0.458984375 0.990234375 0.4609375 0.9921875 0.462890625 0.990234375 0.46484375 0.98828125 0.46484375 0.986328125 0.466796875 0.98828125 0.46484375 0.990234375 0.46484375 0.9921875 0.466796875 0.994140625 0.46484375 0.998046875 0.46484375 0.99609375 0.46484375 0.994140625 0.462890625 0.994140625 0.4609375
0 0.0078125 0.453125 0.0078125 0.458984375 0.009765625 0.4609375 0.013671875 0.45703125 0.013671875 0.455078125 0.01171875 0.453125
0 0.416015625 0.4375 0.4140625 0.439453125 0.416015625 0.44140625 0.412109375 0.4453125 0.41015625 0.443359375 0.40625 0.447265625 0.408203125 0.44921875 0.41015625 0.447265625 0.412109375 0.44921875 0.412109375 0.447265625 0.4140625 0.4453125 0.4140625 0.443359375 0.416015625 0.44140625 0.4140625 0.439453125
0 0.41796875 0.365234375 0.416015625 0.3671875 0.412109375 0.3671875 0.41015625 0.369140625 0.41015625 0.37109375 0.408203125 0.373046875 0.41015625 0.37109375 0.412109375 0.37109375 0.4140625 0.373046875 0.416015625 0.37109375 0.41796875 0.373046875 0.416015625 0.37109375 0.41796875 0.369140625 0.416015625 0.3671875
0 0.41796875 0.3125 0.419921875 0.314453125 0.41796875 0.31640625 0.419921875 0.318359375 0.41796875 0.3203125 0.421875 0.32421875 0.423828125 0.322265625 0.42578125 0.322265625 0.423828125 0.322265625 0.421875 0.3203125 0.421875 0.31640625
0 0.919921875 0.2734375 0.921875 0.2734375 0.923828125 0.275390625 0.923828125 0.27734375 0.921875 0.279296875 0.919921875 0.27734375 0.916015625 0.28125 0.9140625 0.279296875 0.9140625 0.27734375 0.916015625 0.275390625 0.9140625 0.27734375 0.9140625 0.279296875 0.916015625 0.28125 0.91796875 0.279296875 0.919921875 0.28125 0.919921875 0.287109375 0.921875 0.28515625 0.927734375 0.28515625 0.92578125 0.283203125 0.92578125 0.279296875 0.923828125 0.27734375 0.923828125 0.2734375
1 0.6875 0.6640625 0.689453125 0.666015625 0.689453125 0.66796875 0.6875 0.669921875 0.6875 0.671875 0.689453125 0.671875 0.69140625 0.673828125 0.6953125 0.669921875 0.693359375 0.671875 0.69140625 0.669921875 0.69140625 0.666015625 0.689453125 0.666015625
1 0.548828125 0.490234375 0.548828125 0.4921875 0.546875 0.494140625 0.55078125 0.498046875 0.552734375 0.49609375 0.5546875 0.49609375 0.552734375 0.494140625 0.5546875 0.4921875 0.552734375 0.490234375 0.552734375 0.4921875 0.55078125 0.494140625 0.548828125 0.4921875
1 0.9921875 0.458984375 0.990234375 0.4609375 0.9921875 0.462890625 0.990234375 0.46484375 0.98828125 0.46484375 0.986328125 0.466796875 0.98828125 0.46484375 0.990234375 0.46484375 0.9921875 0.466796875 0.994140625 0.46484375 0.998046875 0.46484375 0.99609375 0.46484375 0.994140625 0.462890625 0.994140625 0.4609375
1 0.0078125 0.453125 0.0078125 0.458984375 0.009765625 0.4609375 0.013671875 0.45703125 0.013671875 0.455078125 0.01171875 0.453125
1 0.416015625 0.4375 0.4140625 0.439453125 0.416015625 0.44140625 0.412109375 0.4453125 0.41015625 0.443359375 0.40625 0.447265625 0.408203125 0.44921875 0.41015625 0.447265625 0.412109375 0.44921875 0.412109375 0.447265625 0.4140625 0.4453125 0.4140625 0.443359375 0.416015625 0.44140625 0.4140625 0.439453125
1 0.41796875 0.365234375 0.416015625 0.3671875 0.412109375 0.3671875 0.41015625 0.369140625 0.41015625 0.37109375 0.408203125 0.373046875 0.41015625 0.37109375 0.412109375 0.37109375 0.4140625 0.373046875 0.416015625 0.37109375 0.41796875 0.373046875 0.416015625 0.37109375 0.41796875 0.369140625 0.416015625 0.3671875
1 0.41796875 0.3125 0.419921875 0.314453125 0.41796875 0.31640625 0.419921875 0.318359375 0.41796875 0.3203125 0.421875 0.32421875 0.423828125 0.322265625 0.42578125 0.322265625 0.423828125 0.322265625 0.421875 0.3203125 0.421875 0.31640625
1 0.919921875 0.2734375 0.921875 0.2734375 0.923828125 0.275390625 0.923828125 0.27734375 0.921875 0.279296875 0.919921875 0.27734375 0.916015625 0.28125 0.9140625 0.279296875 0.9140625 0.27734375 0.916015625 0.275390625 0.9140625 0.27734375 0.9140625 0.279296875 0.916015625 0.28125 0.91796875 0.279296875 0.919921875 0.28125 0.919921875 0.287109375 0.921875 0.28515625 0.927734375 0.28515625 0.92578125 0.283203125 0.92578125 0.279296875 0.923828125 0.27734375 0.923828125 0.2734375
