0 0.09375 0.5 0.095703125 0.501953125 0.095703125 0.50390625 0.09375 0.505859375 0.095703125 0.5078125 0.09375 0.509765625 0.095703125 0.509765625 0.09765625 0.51171875 0.095703125 0.513671875 0.099609375 0.509765625 0.103515625 0.513671875 0.103515625 0.51171875 0.1015625 0.51171875 0.099609375 0.509765625 0.1015625 0.5078125 0.103515625 0.5078125 0.1015625 0.5078125 0.099609375 0.505859375 0.1015625 0.50390625 0.09765625 0.5 0.095703125 0.501953125
0 0.015625 0.486328125 0.017578125 0.48828125 0.017578125 0.4921875 0.01953125 0.494140625 0.017578125 0.49609375 0.01953125 0.494140625 0.0234375 0.494140625 0.02734375 0.498046875 0.0234375 0.494140625 0.0234375 0.4921875 0.021484375 0.490234375 0.0234375 0.48828125 0.025390625 0.48828125 0.0234375 0.48828125 0.021484375 0.490234375 0.01953125 0.490234375
0 0.3828125 0.396484375 0.376953125 0.40234375 0.37890625 0.404296875 0.380859375 0.40234375 0.3828125 0.40234375 0.384765625 0.404296875 0.384765625 0.40234375 0.38671875 0.400390625 0.388671875 0.400390625 0.38671875 0.400390625
0 0.529296875 0.3125 0.52734375 0.314453125 0.529296875 0.31640625 0.529296875 0.318359375 0.52734375 0.3203125 0.525390625 0.3203125 0.52734375 0.3203125 0.529296875 0.322265625 0.525390625 0.326171875 0.5234375 0.32421875 0.525390625 0.326171875 0.525390625 0.328125 0.5234375 0.330078125 0.525390625 0.328125 0.529296875 0.33203125 0.52734375 0.333984375 0.525390625 0.333984375 0.52734375 0.333984375 0.529296875 0.3359375 0.529296875 0.337890625 0.52734375 0.33984375 0.529296875 0.341796875 0.53125 0.33984375 0.529296875 0.337890625 0.529296875 0.3359375 0.52734375 0.333984375 0.529296875 0.33203125 0.53125 0.33203125 0.533203125 0.330078125 0.537109375 0.330078125 0.533203125 0.330078125 0.53125 0.328125 0.533203125 0.326171875 0.529296875 0.322265625 0.53125 0.3203125 0.529296875 0.318359375 0.529296875 0.31640625 0.52734375 0.314453125
0 0.001953125 0.15625 0.001953125 0.158203125 0.0 0.16015625 0.001953125 0.162109375 0.0 0.1640625 0.0 0.16796875 0.00390625 0.16796875 0.005859375 0.166015625 0.005859375 0.1640625 0.0078125 0.162109375 0.005859375 0.1640625 0.00390625 0.162109375 0.001953125 0.162109375 0.0 0.16015625 0.001953125 0.158203125
1 0.09375 0.5 0.095703125 0.501953125 0.095703125 0.50390625 0.09375 0.505859375 0.095703125 0.5078125 0.09375 0.509765625 0.095703125 0.509765625 0.09765625 0.51171875 0.095703125 0.513671875 0.099609375 0.509765625 0.103515625 0.513671875 0.103515625 0.51171875 0.1015625 0.51171875 0.099609375 0.509765625 0.1015625 0.5078125 0.103515625 0.5078125 0.1015625 0.5078125 0.099609375 0.505859375 0.1015625 0.50390625 0.09765625 0.5 0.095703125 0.501953125
1 0.015625 0.486328125 0.017578125 0.48828125 0.017578125 0.4921875 0.01953125 0.494140625 0.017578125 0.49609375 0.01953125 0.494140625 0.0234375 0.494140625 0.02734375 0.498046875 0.0234375 0.494140625 0.0234375 0.4921875 0.021484375 0.490234375 0.0234375 0.48828125 0.025390625 0.48828125 0.0234375 0.48828125 0.021484375 0.490234375 0.01953125 0.490234375
1 0.3828125 0.396484375 0.376953125 0.40234375 0.37890625 0.404296875 0.380859375 0.40234375 0.3828125 0.40234375 0.384765625 0.404296875 0.384765625 0.40234375 0.38671875 0.400390625 0.388671875 0.400390625 0.38671875 0.400390625
1 0.529296875 0.3125 0.52734375 0.314453125 0.529296875 0.31640625 0.529296875 0.318359375 0.52734375 0.3203125 0.525390625 0.3203125 0.52734375 0.3203125 0.529296875 0.322265625 0.525390625 0.326171875 0.5234375 0.32421875 0.525390625 0.326171875 0.525390625 0.328125 0.5234375 0.330078125 0.525390625 0.328125 0.529296875 0.33203125 0.52734375 0.333984375 0.525390625 0.333984375 0.52734375 0.333984375 0.529296875 0.3359375 0.529296875 0.337890625 0.52734375 0.33984375 0.529296875 0.341796875 0.53125 0.33984375 0.529296875 0.337890625 0.529296875 0.3359375 0.52734375 0.333984375 0.529296875 0.33203125 0.53125 0.33203125 0.533203125 0.330078125 0.537109375 0.330078125 0.533203125 0.330078125 0.53125 0.328125 0.533203125 0.326171875 0.529296875 0.322265625 0.53125 0.3203125 0.529296875 0.318359375 0.529296875 0.31640625 0.52734375 0.314453125
1 0.001953125 0.15625 0.001953125 0.158203125 0.0 0.16015625 0.001953125 0.162109375 0.0 0.1640625 0.0 0.16796875 0.00390625 0.16796875 0.005859375 0.166015625 0.005859375 0.1640625 0.0078125 0.162109375 0.005859375 0.1640625 0.00390625 0.162109375 0.001953125 0.162109375 0.0 0.16015625 0.001953125 0.158203125
