0 0.298828125 0.896484375 0.296875 0.8984375 0.298828125 0.900390625 0.298828125 0.90234375 0.30078125 0.90234375 0.302734375 0.904296875 0.3046875 0.90234375 0.306640625 0.904296875 0.302734375 0.900390625 0.3046875 0.8984375 0.306640625 0.8984375 0.3046875 0.8984375 0.302734375 0.896484375 0.30078125 0.8984375
0 0.158203125 0.65234375 0.158203125 0.654296875 0.15625 0.65625 0.15625 0.658203125 0.16015625 0.662109375 0.158203125 0.6640625 0.15625 0.6640625 0.158203125 0.6640625 0.162109375 0.66015625 0.1640625 0.662109375 0.16015625 0.658203125 0.16015625 0.65625 0.158203125 0.654296875
0 0.2265625 0.328125 0.22265625 0.33203125 0.220703125 0.330078125 0.22265625 0.33203125 0.21875 0.3359375 0.220703125 0.337890625 0.21875 0.33984375 0.22265625 0.3359375 0.224609375 0.337890625 0.224609375 0.33984375 0.22265625 0.341796875 0.224609375 0.33984375 0.232421875 0.33984375 0.234375 0.337890625 0.234375 0.33203125 0.236328125 0.330078125 0.23828125 0.33203125 0.23828125 0.333984375 0.240234375 0.33203125 0.23828125 0.33203125 0.236328125 0.330078125 0.23828125 0.328125 0.236328125 0.330078125 0.232421875 0.330078125 0.23046875 0.328125
0 0.029296875 0.2578125 0.03125 0.2578125 0.033203125 0.259765625 0.033203125 0.26171875 0.03125 0.263671875 0.029296875 0.26171875 0.02734375 0.263671875 0.02734375 0.265625 0.025390625 0.267578125 0.02734375 0.26953125 0.02734375 0.271484375 0.029296875 0.271484375 0.033203125 0.275390625 0.03125 0.2734375 0.033203125 0.271484375 0.037109375 0.271484375 0.03515625 0.26953125 0.037109375 0.267578125 0.041015625 0.267578125 0.04296875 0.26953125 0.041015625 0.267578125 0.041015625 0.265625 0.04296875 0.263671875 0.041015625 0.265625 0.0390625 0.263671875 0.0390625 0.259765625 0.0390625 0.263671875 0.037109375 0.265625 0.033203125 0.26171875 0.033203125 0.2578125
0 0.17578125 0.189453125 0.173828125 0.19140625 0.171875 0.19140625 0.173828125 0.193359375 0.17578125 0.193359375 0.177734375 0.1953125 0.1796875 0.1953125 0.181640625 0.197265625 0.1796875 0.19921875 0.18359375 0.1953125 0.185546875 0.197265625 0.18359375 0.1953125 0.185546875 0.193359375 0.18359375 0.193359375 0.181640625 0.19140625 0.1796875 0.19140625 0.177734375 0.189453125
0 0.251953125 0.1484375 0.25 0.150390625 0.248046875 0.150390625 0.24609375 0.15234375 0.2421875 0.15234375 0.24609375 0.15234375 0.248046875 0.154296875 0.24609375 0.15625 0.244140625 0.15625 0.2421875 0.158203125 0.244140625 0.15625 0.248046875 0.16015625 0.24609375 0.162109375 0.244140625 0.162109375 0.24609375 0.162109375 0.248046875 0.1640625 0.248046875 0.166015625 0.24609375 0.16796875 0.248046875 0.169921875 0.24609375 0.16796875 0.25 0.1640625 0.25390625 0.16796875 0.251953125 0.166015625 0.25390625 0.1640625 0.251953125 0.166015625 0.25 0.1640625 0.25 0.162109375 0.251953125 0.16015625 0.25390625 0.16015625 0.25390625 0.158203125 0.255859375 0.15625 0.2578125 0.15625 0.255859375 0.154296875 0.255859375 0.15234375 0.2578125 0.150390625 0.259765625 0.15234375 0.2578125 0.150390625 0.255859375 0.15234375
0 0.677734375 0.14453125 0.67578125 0.146484375 0.67578125 0.1484375 0.671875 0.15234375 0.673828125 0.154296875 0.673828125 0.15625 0.671875 0.158203125 0.671875 0.16015625 0.673828125 0.162109375 0.673828125 0.1640625 0.673828125 0.16015625 0.671875 0.158203125 0.673828125 0.15625 0.681640625 0.15625 0.68359375 0.158203125 0.68359375 0.150390625 0.685546875 0.1484375 0.68359375 0.1484375 0.681640625 0.146484375 0.6796875 0.1484375 0.677734375 0.1484375 0.67578125 0.146484375
0 0.33203125 0.080078125 0.330078125 0.08203125 0.330078125 0.083984375 0.328125 0.0859375 0.33203125 0.08984375 0.33984375 0.08984375 0.341796875 0.091796875 0.337890625 0.087890625 0.337890625 0.0859375 0.333984375 0.0859375 0.330078125 0.08203125 0.33203125 0.080078125 0.333984375 0.080078125 0.3359375 0.08203125 0.337890625 0.080078125 0.33984375 0.08203125 0.33984375 0.080078125 0.337890625 0.080078125 0.3359375 0.08203125 0.333984375 0.080078125
0 0.3828125 0.046875 0.380859375 0.048828125 0.37890625 0.048828125 0.376953125 0.05078125 0.37890625 0.052734375 0.37890625 0.0546875 0.376953125 0.056640625 0.375 0.0546875 0.37890625 0.05859375 0.380859375 0.056640625 0.384765625 0.060546875 0.38671875 0.060546875 0.388671875 0.05859375 0.388671875 0.048828125 0.38671875 0.046875
0 0.427734375 0.044921875 0.4296875 0.046875 0.4296875 0.05078125 0.427734375 0.052734375 0.4296875 0.052734375 0.431640625 0.0546875 0.431640625 0.056640625 0.4296875 0.05859375 0.431640625 0.060546875 0.4296875 0.05859375 0.431640625 0.056640625 0.43359375 0.056640625 0.431640625 0.0546875 0.43359375 0.052734375 0.4375 0.052734375 0.4375 0.048828125 0.435546875 0.046875 0.4296875 0.046875
0 0.634765625 0.033203125 0.63671875 0.03515625 0.634765625 0.037109375 0.6328125 0.037109375 0.630859375 0.03515625 0.630859375 0.037109375 0.62890625 0.0390625 0.626953125 0.0390625 0.62890625 0.041015625 0.626953125 0.04296875 0.634765625 0.04296875 0.634765625 0.041015625 0.63671875 0.0390625 0.634765625 0.037109375 0.63671875 0.03515625
0 0.42578125 0.0234375 0.421875 0.02734375 0.419921875 0.025390625 0.41796875 0.02734375 0.4140625 0.02734375 0.41796875 0.02734375 0.419921875 0.029296875 0.41796875 0.03125 0.419921875 0.033203125 0.421875 0.033203125 0.423828125 0.03125 0.423828125 0.029296875 0.42578125 0.02734375 0.423828125 0.025390625 0.42578125 0.0234375 0.427734375 0.0234375
0 0.330078125 0.0 0.328125 0.001953125 0.328125 0.005859375 0.330078125 0.0078125 0.328125 0.009765625 0.328125 0.01171875 0.330078125 0.013671875 0.328125 0.01171875 0.328125 0.009765625 0.330078125 0.0078125 0.33203125 0.0078125 0.333984375 0.005859375 0.333984375 0.00390625 0.337890625 0.0 0.3359375 0.001953125 0.333984375 0.0
1 0.298828125 0.896484375 0.296875 0.8984375 0.298828125 0.900390625 0.298828125 0.90234375 0.30078125 0.90234375 0.302734375 0.904296875 0.3046875 0.90234375 0.306640625 0.904296875 0.302734375 0.900390625 0.3046875 0.8984375 0.306640625 0.8984375 0.3046875 0.8984375 0.302734375 0.896484375 0.30078125 0.8984375
1 0.158203125 0.65234375 0.158203125 0.654296875 0.15625 0.65625 0.15625 0.658203125 0.16015625 0.662109375 0.158203125 0.6640625 0.15625 0.6640625 0.158203125 0.6640625 0.162109375 0.66015625 0.1640625 0.662109375 0.16015625 0.658203125 0.16015625 0.65625 0.158203125 0.654296875
1 0.2265625 0.328125 0.22265625 0.33203125 0.220703125 0.330078125 0.22265625 0.33203125 0.21875 0.3359375 0.220703125 0.337890625 0.21875 0.33984375 0.22265625 0.3359375 0.224609375 0.337890625 0.224609375 0.33984375 0.22265625 0.341796875 0.224609375 0.33984375 0.232421875 0.33984375 0.234375 0.337890625 0.234375 0.33203125 0.236328125 0.330078125 0.23828125 0.33203125 0.23828125 0.333984375 0.240234375 0.33203125 0.23828125 0.33203125 0.236328125 0.330078125 0.23828125 0.328125 0.236328125 0.330078125 0.232421875 0.330078125 0.23046875 0.328125
1 0.029296875 0.2578125 0.03125 0.2578125 0.033203125 0.259765625 0.033203125 0.26171875 0.03125 0.263671875 0.029296875 0.26171875 0.02734375 0.263671875 0.02734375 0.265625 0.025390625 0.267578125 0.02734375 0.26953125 0.02734375 0.271484375 0.029296875 0.271484375 0.033203125 0.275390625 0.03125 0.2734375 0.033203125 0.271484375 0.037109375 0.271484375 0.03515625 0.26953125 0.037109375 0.267578125 0.041015625 0.267578125 0.04296875 0.26953125 0.041015625 0.267578125 0.041015625 0.265625 0.04296875 0.263671875 0.041015625 0.265625 0.0390625 0.263671875 0.0390625 0.259765625 0.0390625 0.263671875 0.037109375 0.265625 0.033203125 0.26171875 0.033203125 0.2578125
1 0.17578125 0.189453125 0.173828125 0.19140625 0.171875 0.19140625 0.173828125 0.193359375 0.17578125 0.193359375 0.177734375 0.1953125 0.1796875 0.1953125 0.181640625 0.197265625 0.1796875 0.19921875 0.18359375 0.1953125 0.185546875 0.197265625 0.18359375 0.1953125 0.185546875 0.193359375 0.18359375 0.193359375 0.181640625 0.19140625 0.1796875 0.19140625 0.177734375 0.189453125
1 0.251953125 0.1484375 0.25 0.150390625 0.248046875 0.150390625 0.24609375 0.15234375 0.2421875 0.15234375 0.24609375 0.15234375 0.248046875 0.154296875 0.24609375 0.15625 0.244140625 0.15625 0.2421875 0.158203125 0.244140625 0.15625 0.248046875 0.16015625 0.24609375 0.162109375 0.244140625 0.162109375 0.24609375 0.162109375 0.248046875 0.1640625 0.248046875 0.166015625 0.24609375 0.16796875 0.248046875 0.169921875 0.24609375 0.16796875 0.25 0.1640625 0.25390625 0.16796875 0.251953125 0.166015625 0.25390625 0.1640625 0.251953125 0.166015625 0.25 0.1640625 0.25 0.162109375 0.251953125 0.16015625 0.25390625 0.16015625 0.25390625 0.158203125 0.255859375 0.15625 0.2578125 0.15625 0.255859375 0.154296875 0.255859375 0.15234375 0.2578125 0.150390625 0.259765625 0.15234375 0.2578125 0.150390625 0.255859375 0.15234375
1 0.677734375 0.14453125 0.67578125 0.146484375 0.67578125 0.1484375 0.671875 0.15234375 0.673828125 0.154296875 0.673828125 0.15625 0.671875 0.158203125 0.671875 0.16015625 0.673828125 0.162109375 0.673828125 0.1640625 0.673828125 0.16015625 0.671875 0.158203125 0.673828125 0.15625 0.681640625 0.15625 0.68359375 0.158203125 0.68359375 0.150390625 0.685546875 0.1484375 0.68359375 0.1484375 0.681640625 0.146484375 0.6796875 0.1484375 0.677734375 0.1484375 0.67578125 0.146484375
1 0.33203125 0.080078125 0.330078125 0.08203125 0.330078125 0.083984375 0.328125 0.0859375 0.33203125 0.08984375 0.33984375 0.08984375 0.341796875 0.091796875 0.337890625 0.087890625 0.337890625 0.0859375 0.333984375 0.0859375 0.330078125 0.08203125 0.33203125 0.080078125 0.333984375 0.080078125 0.3359375 0.08203125 0.337890625 0.080078125 0.33984375 0.08203125 0.33984375 0.080078125 0.337890625 0.080078125 0.3359375 0.08203125 0.333984375 0.080078125
1 0.3828125 0.046875 0.380859375 0.048828125 0.37890625 0.048828125 0.376953125 0.05078125 0.37890625 0.052734375 0.37890625 0.0546875 0.376953125 0.056640625 0.375 0.0546875 0.37890625 0.05859375 0.380859375 0.056640625 0.384765625 0.060546875 0.38671875 0.060546875 0.388671875 0.05859375 0.388671875 0.048828125 0.38671875 0.046875
1 0.427734375 0.044921875 0.4296875 0.046875 0.4296875 0.05078125 0.427734375 0.052734375 0.4296875 0.052734375 0.431640625 0.0546875 0.431640625 0.056640625 0.4296875 0.05859375 0.431640625 0.060546875 0.4296875 0.05859375 0.431640625 0.056640625 0.43359375 0.056640625 0.431640625 0.0546875 0.43359375 0.052734375 0.4375 0.052734375 0.4375 0.048828125 0.435546875 0.046875 0.4296875 0.046875
1 0.634765625 0.033203125 0.63671875 0.03515625 0.634765625 0.037109375 0.6328125 0.037109375 0.630859375 0.03515625 0.630859375 0.037109375 0.62890625 0.0390625 0.626953125 0.0390625 0.62890625 0.041015625 0.626953125 0.04296875 0.634765625 0.04296875 0.634765625 0.041015625 0.63671875 0.0390625 0.634765625 0.037109375 0.63671875 0.03515625
1 0.42578125 0.0234375 0.421875 0.02734375 0.419921875 0.025390625 0.41796875 0.02734375 0.4140625 0.02734375 0.41796875 0.02734375 0.419921875 0.029296875 0.41796875 0.03125 0.419921875 0.033203125 0.421875 0.033203125 0.423828125 0.03125 0.423828125 0.029296875 0.42578125 0.02734375 0.423828125 0.025390625 0.42578125 0.0234375 0.427734375 0.0234375
1 0.330078125 0.0 0.328125 0.001953125 0.328125 0.005859375 0.330078125 0.0078125 0.328125 0.009765625 0.328125 0.01171875 0.330078125 0.013671875 0.328125 0.01171875 0.328125 0.009765625 0.330078125 0.0078125 0.33203125 0.0078125 0.333984375 0.005859375 0.333984375 0.00390625 0.337890625 0.0 0.3359375 0.001953125 0.333984375 0.0
