0 0.9140625 0.421875 0.912109375 0.423828125 0.91796875 0.4296875 0.916015625 0.431640625 0.916015625 0.43359375 0.9140625 0.435546875 0.919921875 0.435546875 0.919921875 0.431640625 0.916015625 0.427734375 0.91796875 0.42578125 0.916015625 0.427734375 0.912109375 0.423828125
0 0.9296875 0.24609375 0.927734375 0.248046875 0.927734375 0.25 0.92578125 0.251953125 0.92578125 0.259765625 0.927734375 0.2578125 0.93359375 0.2578125 0.93359375 0.255859375 0.935546875 0.25390625 0.935546875 0.251953125 0.931640625 0.248046875 0.931640625 0.24609375
0 0.6171875 0.0546875 0.61328125 0.05859375 0.609375 0.05859375 0.611328125 0.060546875 0.611328125 0.064453125 0.609375 0.06640625 0.61328125 0.0625 0.615234375 0.0625 0.615234375 0.056640625
0 0.93359375 0.0390625 0.935546875 0.0390625 0.9375 0.041015625 0.935546875 0.04296875 0.927734375 0.04296875 0.9296875 0.04296875 0.931640625 0.044921875 0.931640625 0.048828125 0.927734375 0.052734375 0.9296875 0.05078125 0.93359375 0.0546875 0.935546875 0.0546875 0.9375 0.052734375 0.935546875 0.0546875 0.93359375 0.0546875 0.931640625 0.052734375 0.935546875 0.048828125 0.9375 0.048828125 0.939453125 0.046875 0.9375 0.044921875 0.939453125 0.04296875 0.943359375 0.04296875 0.939453125 0.04296875 0.935546875 0.0390625
0 0.794921875 0.0078125 0.796875 0.0078125 0.798828125 0.009765625 0.798828125 0.01171875 0.796875 0.013671875 0.794921875 0.01171875 0.79296875 0.013671875 0.79296875 0.017578125 0.791015625 0.01953125 0.7890625 0.017578125 0.79296875 0.021484375 0.79296875 0.0234375 0.796875 0.02734375 0.794921875 0.025390625 0.796875 0.0234375 0.798828125 0.0234375 0.80078125 0.025390625 0.798828125 0.0234375 0.802734375 0.01953125 0.8046875 0.01953125 0.802734375 0.01953125 0.80078125 0.017578125 0.8046875 0.013671875 0.8046875 0.009765625 0.8046875 0.013671875 0.802734375 0.015625 0.798828125 0.01171875 0.798828125 0.0078125
0 0.595703125 0.0 0.59375 0.001953125 0.595703125 0.00390625 0.595703125 0.0078125 0.59765625 0.009765625 0.59375 0.013671875 0.59765625 0.009765625 0.599609375 0.01171875 0.6015625 0.01171875 0.60546875 0.0078125 0.60546875 0.00390625 0.607421875 0.001953125 0.60546875 0.001953125 0.603515625 0.0 0.599609375 0.0 0.59765625 0.001953125
1 0.9140625 0.421875 0.912109375 0.423828125 0.91796875 0.4296875 0.916015625 0.431640625 0.916015625 0.43359375 0.9140625 0.435546875 0.919921875 0.435546875 0.919921875 0.431640625 0.916015625 0.427734375 0.91796875 0.42578125 0.916015625 0.427734375 0.912109375 0.423828125
1 0.9296875 0.24609375 0.927734375 0.248046875 0.927734375 0.25 0.92578125 0.251953125 0.92578125 0.259765625 0.927734375 0.2578125 0.93359375 0.2578125 0.93359375 0.255859375 0.935546875 0.25390625 0.935546875 0.251953125 0.931640625 0.248046875 0.931640625 0.24609375
1 0.6171875 0.0546875 0.61328125 0.05859375 0.609375 0.05859375 0.611328125 0.060546875 0.611328125 0.064453125 0.609375 0.06640625 0.61328125 0.0625 0.615234375 0.0625 0.615234375 0.056640625
1 0.93359375 0.0390625 0.935546875 0.0390625 0.9375 0.041015625 0.935546875 0.04296875 0.927734375 0.04296875 0.9296875 0.04296875 0.931640625 0.044921875 0.931640625 0.048828125 0.927734375 0.052734375 0.9296875 0.05078125 0.93359375 0.0546875 0.935546875 0.0546875 0.9375 0.052734375 0.935546875 0.0546875 0.93359375 0.0546875 0.931640625 0.052734375 0.935546875 0.048828125 0.9375 0.048828125 0.939453125 0.046875 0.9375 0.044921875 0.939453125 0.04296875 0.943359375 0.04296875 0.939453125 0.04296875 0.935546875 0.0390625
1 0.794921875 0.0078125 0.796875 0.0078125 0.798828125 0.009765625 0.798828125 0.01171875 0.796875 0.013671875 0.794921875 0.01171875 0.79296875 0.013671875 0.79296875 0.017578125 0.791015625 0.01953125 0.7890625 0.017578125 0.79296875 0.021484375 0.79296875 0.0234375 0.796875 0.02734375 0.794921875 0.025390625 0.796875 0.0234375 0.798828125 0.0234375 0.80078125 0.025390625 0.798828125 0.0234375 0.802734375 0.01953125 0.8046875 0.01953125 0.802734375 0.01953125 0.80078125 0.017578125 0.8046875 0.013671875 0.8046875 0.009765625 0.8046875 0.013671875 0.802734375 0.015625 0.798828125 0.01171875 0.798828125 0.0078125
1 0.595703125 0.0 0.59375 0.001953125 0.595703125 0.00390625 0.595703125 0.0078125 0.59765625 0.009765625 0.59375 0.013671875 0.59765625 0.009765625 0.599609375 0.01171875 0.6015625 0.01171875 0.60546875 0.0078125 0.60546875 0.00390625 0.607421875 0.001953125 0.60546875 0.001953125 0.603515625 0.0 0.599609375 0.0 0.59765625 0.001953125
