0 0.060546875 0.986328125 0.0546875 0.9921875 0.0546875 0.998046875 0.0625 0.998046875 0.064453125 0.99609375 0.0625 0.994140625 0.064453125 0.9921875 0.064453125 0.990234375 0.06640625 0.98828125 0.07421875 0.99609375 0.0703125 0.9921875 0.0703125 0.990234375 0.072265625 0.98828125 0.07421875 0.98828125 0.072265625 0.98828125 0.0703125 0.986328125 0.072265625 0.98828125 0.0703125 0.990234375 0.068359375 0.990234375 0.06640625 0.98828125 0.06640625 0.986328125 0.06640625 0.98828125 0.064453125 0.990234375
0 0.26171875 0.953125 0.263671875 0.955078125 0.26171875 0.95703125 0.259765625 0.95703125 0.263671875 0.9609375 0.259765625 0.96484375 0.2578125 0.96484375 0.259765625 0.96484375 0.26171875 0.962890625 0.263671875 0.96484375 0.265625 0.962890625 0.265625 0.9609375 0.26953125 0.95703125 0.267578125 0.95703125 0.265625 0.955078125 0.263671875 0.955078125
0 0.0859375 0.939453125 0.0859375 0.94140625 0.08984375 0.9453125 0.0859375 0.94921875 0.08203125 0.9453125 0.08203125 0.955078125 0.083984375 0.955078125 0.0859375 0.953125 0.0859375 0.94921875 0.087890625 0.947265625 0.08984375 0.94921875 0.08984375 0.951171875 0.08984375 0.94921875 0.087890625 0.947265625 0.08984375 0.9453125 0.0859375 0.94140625
0 0.0546875 0.875 0.048828125 0.880859375 0.046875 0.880859375 0.048828125 0.880859375 0.0546875 0.875 0.056640625 0.876953125 0.05859375 0.876953125 0.064453125 0.8828125 0.060546875 0.88671875 0.0546875 0.880859375 0.05078125 0.884765625 0.052734375 0.88671875 0.05078125 0.888671875 0.05078125 0.890625 0.048828125 0.892578125 0.046875 0.890625 0.048828125 0.892578125 0.048828125 0.900390625 0.05078125 0.90234375 0.048828125 0.904296875 0.05078125 0.90234375 0.0546875 0.90625 0.0546875 0.908203125 0.052734375 0.91015625 0.048828125 0.91015625 0.052734375 0.91015625 0.056640625 0.90625 0.060546875 0.90625 0.0625 0.908203125 0.06640625 0.904296875 0.068359375 0.90625 0.068359375 0.908203125 0.06640625 0.91015625 0.068359375 0.908203125 0.068359375 0.90625 0.06640625 0.904296875 0.06640625 0.90234375 0.068359375 0.900390625 0.068359375 0.89453125 0.06640625 0.892578125 0.06640625 0.888671875 0.068359375 0.88671875 0.06640625 0.888671875 0.0625 0.884765625 0.064453125 0.8828125 0.06640625 0.8828125 0.064453125 0.8828125 0.0625 0.880859375 0.0625 0.87890625 0.064453125 0.876953125 0.0625 0.875 0.060546875 0.875 0.05859375 0.876953125 0.056640625 0.876953125
0 0.005859375 0.298828125 0.005859375 0.302734375 0.00390625 0.3046875 0.0078125 0.30859375 0.005859375 0.310546875 0.0078125 0.30859375 0.009765625 0.30859375 0.009765625 0.306640625 0.0078125 0.3046875 0.009765625 0.302734375 0.01171875 0.302734375 0.013671875 0.3046875 0.009765625 0.30078125 0.009765625 0.298828125 0.0078125 0.30078125
1 0.060546875 0.986328125 0.0546875 0.9921875 0.0546875 0.998046875 0.0625 0.998046875 0.064453125 0.99609375 0.0625 0.994140625 0.064453125 0.9921875 0.064453125 0.990234375 0.06640625 0.98828125 0.07421875 0.99609375 0.0703125 0.9921875 0.0703125 0.990234375 0.072265625 0.98828125 0.07421875 0.98828125 0.072265625 0.98828125 0.0703125 0.986328125 0.072265625 0.98828125 0.0703125 0.990234375 0.068359375 0.990234375 0.06640625 0.98828125 0.06640625 0.986328125 0.06640625 0.98828125 0.064453125 0.990234375
1 0.26171875 0.953125 0.263671875 0.955078125 0.26171875 0.95703125 0.259765625 0.95703125 0.263671875 0.9609375 0.259765625 0.96484375 0.2578125 0.96484375 0.259765625 0.96484375 0.26171875 0.962890625 0.263671875 0.96484375 0.265625 0.962890625 0.265625 0.9609375 0.26953125 0.95703125 0.267578125 0.95703125 0.265625 0.955078125 0.263671875 0.955078125
1 0.0859375 0.939453125 0.0859375 0.94140625 0.08984375 0.9453125 0.0859375 0.94921875 0.08203125 0.9453125 0.08203125 0.955078125 0.083984375 0.955078125 0.0859375 0.953125 0.0859375 0.94921875 0.087890625 0.947265625 0.08984375 0.94921875 0.08984375 0.951171875 0.08984375 0.94921875 0.087890625 0.947265625 0.08984375 0.9453125 0.0859375 0.94140625
1 0.0546875 0.875 0.048828125 0.880859375 0.046875 0.880859375 0.048828125 0.880859375 0.0546875 0.875 0.056640625 0.876953125 0.05859375 0.876953125 0.064453125 0.8828125 0.060546875 0.88671875 0.0546875 0.880859375 0.05078125 0.884765625 0.052734375 0.88671875 0.05078125 0.888671875 0.05078125 0.890625 0.048828125 0.892578125 0.046875 0.890625 0.048828125 0.892578125 0.048828125 0.900390625 0.05078125 0.90234375 0.048828125 0.904296875 0.05078125 0.90234375 0.0546875 0.90625 0.0546875 0.908203125 0.052734375 0.91015625 0.048828125 0.91015625 0.052734375 0.91015625 0.056640625 0.90625 0.060546875 0.90625 0.0625 0.908203125 0.06640625 0.904296875 0.068359375 0.90625 0.068359375 0.908203125 0.06640625 0.91015625 0.068359375 0.908203125 0.068359375 0.90625 0.06640625 0.904296875 0.06640625 0.90234375 0.068359375 0.900390625 0.068359375 0.89453125 0.06640625 0.892578125 0.06640625 0.888671875 0.068359375 0.88671875 0.06640625 0.888671875 0.0625 0.884765625 0.064453125 0.8828125 0.06640625 0.8828125 0.064453125 0.8828125 0.0625 0.880859375 0.0625 0.87890625 0.064453125 0.876953125 0.0625 0.875 0.060546875 0.875 0.05859375 0.876953125 0.056640625 0.876953125
1 0.005859375 0.298828125 0.005859375 0.302734375 0.00390625 0.3046875 0.0078125 0.30859375 0.005859375 0.310546875 0.0078125 0.30859375 0.009765625 0.30859375 0.009765625 0.306640625 0.0078125 0.3046875 0.009765625 0.302734375 0.01171875 0.302734375 0.013671875 0.3046875 0.009765625 0.30078125 0.009765625 0.298828125 0.0078125 0.30078125
