0 0.451171875 0.9296875 0.44921875 0.931640625 0.44921875 0.935546875 0.447265625 0.9375 0.44921875 0.939453125 0.44921875 0.94140625 0.447265625 0.943359375 0.447265625 0.9453125 0.4453125 0.947265625 0.4453125 0.94921875 0.447265625 0.951171875 0.44921875 0.951171875 0.451171875 0.94921875 0.453125 0.94921875 0.455078125 0.947265625 0.45703125 0.94921875 0.45703125 0.951171875 0.458984375 0.94921875 0.4609375 0.94921875 0.462890625 0.947265625 0.46484375 0.947265625 0.46484375 0.9453125 0.466796875 0.943359375 0.46484375 0.94140625 0.46484375 0.9375 0.466796875 0.935546875 0.46484375 0.93359375 0.466796875 0.931640625 0.46484375 0.9296875 0.462890625 0.931640625 0.4609375 0.9296875 0.466796875 0.935546875 0.46484375 0.9375 0.462890625 0.9375 0.458984375 0.93359375 0.45703125 0.93359375 0.455078125 0.931640625 0.45703125 0.9296875 0.455078125 0.931640625 0.453125 0.931640625
0 0.70703125 0.89453125 0.708984375 0.896484375 0.708984375 0.8984375 0.70703125 0.900390625 0.705078125 0.8984375 0.70703125 0.900390625 0.70703125 0.904296875 0.7109375 0.904296875 0.712890625 0.90234375 0.71484375 0.904296875 0.712890625 0.90234375 0.71484375 0.900390625 0.712890625 0.900390625
0 0.810546875 0.87109375 0.80859375 0.873046875 0.80859375 0.875 0.806640625 0.876953125 0.806640625 0.880859375 0.8046875 0.8828125 0.802734375 0.880859375 0.8046875 0.8828125 0.80078125 0.88671875 0.8046875 0.8828125 0.806640625 0.884765625 0.80859375 0.8828125 0.810546875 0.884765625 0.8125 0.8828125 0.814453125 0.884765625 0.81640625 0.8828125 0.8203125 0.88671875 0.814453125 0.880859375 0.818359375 0.876953125 0.81640625 0.875 0.818359375 0.873046875 0.81640625 0.87109375 0.814453125 0.873046875 0.8125 0.873046875
0 0.740234375 0.865234375 0.73828125 0.8671875 0.73046875 0.8671875 0.73046875 0.869140625 0.728515625 0.87109375 0.7265625 0.869140625 0.73046875 0.873046875 0.73046875 0.876953125 0.732421875 0.87890625 0.73046875 0.880859375 0.732421875 0.880859375 0.736328125 0.884765625 0.736328125 0.88671875 0.73828125 0.88671875 0.744140625 0.880859375 0.744140625 0.87890625 0.74609375 0.876953125 0.74609375 0.87109375
0 0.720703125 0.865234375 0.72265625 0.8671875 0.720703125 0.869140625 0.716796875 0.869140625 0.71484375 0.8671875 0.712890625 0.869140625 0.7109375 0.8671875 0.708984375 0.8671875 0.7109375 0.8671875 0.712890625 0.869140625 0.7109375 0.87109375 0.708984375 0.87109375 0.7109375 0.87109375 0.712890625 0.873046875 0.712890625 0.875 0.7109375 0.876953125 0.708984375 0.876953125 0.7109375 0.876953125 0.712890625 0.87890625 0.7109375 0.880859375 0.708984375 0.880859375 0.7109375 0.880859375 0.712890625 0.87890625 0.71484375 0.880859375 0.716796875 0.87890625 0.71875 0.87890625 0.720703125 0.876953125 0.72265625 0.87890625 0.720703125 0.876953125 0.72265625 0.875 0.724609375 0.875 0.7265625 0.876953125 0.724609375 0.875 0.724609375 0.873046875 0.720703125 0.869140625 0.72265625 0.8671875
0 0.33984375 0.8046875 0.337890625 0.806640625 0.333984375 0.806640625 0.33203125 0.80859375 0.333984375 0.810546875 0.33203125 0.8125 0.33203125 0.814453125 0.33203125 0.8125 0.333984375 0.810546875 0.3359375 0.8125 0.3359375 0.814453125 0.337890625 0.8125 0.33984375 0.814453125 0.33984375 0.8125 0.341796875 0.810546875 0.341796875 0.806640625
0 0.861328125 0.78515625 0.86328125 0.787109375 0.861328125 0.7890625 0.86328125 0.791015625 0.861328125 0.79296875 0.86328125 0.79296875 0.865234375 0.791015625 0.8671875 0.79296875 0.869140625 0.791015625 0.873046875 0.794921875 0.87109375 0.79296875 0.873046875 0.791015625 0.87109375 0.791015625 0.869140625 0.7890625 0.869140625 0.787109375 0.8671875 0.787109375 0.865234375 0.7890625
0 0.970703125 0.50390625 0.970703125 0.505859375 0.96875 0.5078125 0.966796875 0.5078125 0.96484375 0.509765625 0.96484375 0.515625 0.966796875 0.517578125 0.96875 0.515625 0.970703125 0.515625 0.97265625 0.517578125 0.974609375 0.515625 0.978515625 0.51953125 0.98046875 0.51953125 0.978515625 0.51953125 0.9765625 0.517578125 0.978515625 0.515625 0.9765625 0.513671875 0.978515625 0.51171875 0.978515625 0.5078125 0.9765625 0.505859375 0.97265625 0.505859375
0 0.91796875 0.220703125 0.916015625 0.22265625 0.916015625 0.224609375 0.9140625 0.2265625 0.912109375 0.224609375 0.9140625 0.2265625 0.912109375 0.228515625 0.9140625 0.23046875 0.912109375 0.232421875 0.91015625 0.232421875 0.908203125 0.234375 0.91015625 0.236328125 0.91015625 0.23828125 0.908203125 0.240234375 0.90625 0.240234375 0.908203125 0.240234375 0.91015625 0.23828125 0.9140625 0.2421875 0.91796875 0.2421875 0.91796875 0.240234375 0.919921875 0.23828125 0.919921875 0.232421875 0.91796875 0.23046875 0.91796875 0.228515625 0.919921875 0.2265625 0.91796875 0.224609375 0.919921875 0.22265625 0.919921875 0.220703125
0 0.822265625 0.142578125 0.818359375 0.146484375 0.818359375 0.1484375 0.814453125 0.15234375 0.8125 0.150390625 0.8125 0.1484375 0.814453125 0.146484375 0.8125 0.1484375 0.8046875 0.1484375 0.8046875 0.150390625 0.802734375 0.15234375 0.798828125 0.1484375 0.8046875 0.154296875 0.8046875 0.15625 0.80078125 0.16015625 0.802734375 0.162109375 0.80078125 0.16015625 0.802734375 0.158203125 0.8046875 0.158203125 0.80859375 0.162109375 0.810546875 0.16015625 0.8125 0.16015625 0.814453125 0.162109375 0.81640625 0.16015625 0.818359375 0.162109375 0.8203125 0.162109375 0.818359375 0.162109375 0.81640625 0.16015625 0.818359375 0.158203125 0.8203125 0.158203125 0.818359375 0.158203125 0.81640625 0.15625 0.81640625 0.154296875 0.818359375 0.15234375 0.81640625 0.150390625 0.818359375 0.1484375 0.818359375 0.146484375
0 0.888671875 0.015625 0.88671875 0.017578125 0.888671875 0.01953125 0.888671875 0.021484375 0.88671875 0.0234375 0.884765625 0.0234375 0.88671875 0.0234375 0.888671875 0.025390625 0.884765625 0.029296875 0.8828125 0.02734375 0.884765625 0.029296875 0.884765625 0.03125 0.88671875 0.029296875 0.888671875 0.03125 0.888671875 0.037109375 0.890625 0.03515625 0.892578125 0.037109375 0.89453125 0.03515625 0.896484375 0.037109375 0.8984375 0.037109375 0.896484375 0.037109375 0.89453125 0.03515625 0.896484375 0.033203125 0.8984375 0.033203125 0.896484375 0.033203125 0.89453125 0.03125 0.89453125 0.029296875 0.896484375 0.02734375 0.8984375 0.02734375 0.896484375 0.02734375 0.89453125 0.025390625 0.896484375 0.0234375 0.8984375 0.0234375 0.896484375 0.0234375 0.89453125 0.025390625 0.892578125 0.0234375 0.890625 0.025390625 0.888671875 0.025390625 0.88671875 0.0234375 0.888671875 0.021484375 0.888671875 0.01953125 0.88671875 0.017578125
0 0.732421875 0.0 0.73046875 0.001953125 0.732421875 0.00390625 0.732421875 0.005859375 0.73046875 0.0078125 0.728515625 0.0078125 0.73046875 0.0078125 0.732421875 0.009765625 0.728515625 0.013671875 0.7265625 0.01171875 0.728515625 0.013671875 0.728515625 0.015625 0.73046875 0.017578125 0.73046875 0.021484375 0.734375 0.021484375 0.732421875 0.021484375 0.73046875 0.01953125 0.73046875 0.017578125 0.732421875 0.015625 0.734375 0.017578125 0.736328125 0.015625 0.736328125 0.013671875 0.732421875 0.009765625 0.734375 0.0078125 0.732421875 0.005859375 0.732421875 0.00390625 0.73046875 0.001953125
1 0.451171875 0.9296875 0.44921875 0.931640625 0.44921875 0.935546875 0.447265625 0.9375 0.44921875 0.939453125 0.44921875 0.94140625 0.447265625 0.943359375 0.447265625 0.9453125 0.4453125 0.947265625 0.4453125 0.94921875 0.447265625 0.951171875 0.44921875 0.951171875 0.451171875 0.94921875 0.453125 0.94921875 0.455078125 0.947265625 0.45703125 0.94921875 0.45703125 0.951171875 0.458984375 0.94921875 0.4609375 0.94921875 0.462890625 0.947265625 0.46484375 0.947265625 0.46484375 0.9453125 0.466796875 0.943359375 0.46484375 0.94140625 0.46484375 0.9375 0.466796875 0.935546875 0.46484375 0.93359375 0.466796875 0.931640625 0.46484375 0.9296875 0.462890625 0.931640625 0.4609375 0.9296875 0.466796875 0.935546875 0.46484375 0.9375 0.462890625 0.9375 0.458984375 0.93359375 0.45703125 0.93359375 0.455078125 0.931640625 0.45703125 0.9296875 0.455078125 0.931640625 0.453125 0.931640625
1 0.70703125 0.89453125 0.708984375 0.896484375 0.708984375 0.8984375 0.70703125 0.900390625 0.705078125 0.8984375 0.70703125 0.900390625 0.70703125 0.904296875 0.7109375 0.904296875 0.712890625 0.90234375 0.71484375 0.904296875 0.712890625 0.90234375 0.71484375 0.900390625 0.712890625 0.900390625
1 0.810546875 0.87109375 0.80859375 0.873046875 0.80859375 0.875 0.806640625 0.876953125 0.806640625 0.880859375 0.8046875 0.8828125 0.802734375 0.880859375 0.8046875 0.8828125 0.80078125 0.88671875 0.8046875 0.8828125 0.806640625 0.884765625 0.80859375 0.8828125 0.810546875 0.884765625 0.8125 0.8828125 0.814453125 0.884765625 0.81640625 0.8828125 0.8203125 0.88671875 0.814453125 0.880859375 0.818359375 0.876953125 0.81640625 0.875 0.818359375 0.873046875 0.81640625 0.87109375 0.814453125 0.873046875 0.8125 0.873046875
1 0.740234375 0.865234375 0.73828125 0.8671875 0.73046875 0.8671875 0.73046875 0.869140625 0.728515625 0.87109375 0.7265625 0.869140625 0.73046875 0.873046875 0.73046875 0.876953125 0.732421875 0.87890625 0.73046875 0.880859375 0.732421875 0.880859375 0.736328125 0.884765625 0.736328125 0.88671875 0.73828125 0.88671875 0.744140625 0.880859375 0.744140625 0.87890625 0.74609375 0.876953125 0.74609375 0.87109375
1 0.720703125 0.865234375 0.72265625 0.8671875 0.720703125 0.869140625 0.716796875 0.869140625 0.71484375 0.8671875 0.712890625 0.869140625 0.7109375 0.8671875 0.708984375 0.8671875 0.7109375 0.8671875 0.712890625 0.869140625 0.7109375 0.87109375 0.708984375 0.87109375 0.7109375 0.87109375 0.712890625 0.873046875 0.712890625 0.875 0.7109375 0.876953125 0.708984375 0.876953125 0.7109375 0.876953125 0.712890625 0.87890625 0.7109375 0.880859375 0.708984375 0.880859375 0.7109375 0.880859375 0.712890625 0.87890625 0.71484375 0.880859375 0.716796875 0.87890625 0.71875 0.87890625 0.720703125 0.876953125 0.72265625 0.87890625 0.720703125 0.876953125 0.72265625 0.875 0.724609375 0.875 0.7265625 0.876953125 0.724609375 0.875 0.724609375 0.873046875 0.720703125 0.869140625 0.72265625 0.8671875
1 0.33984375 0.8046875 0.337890625 0.806640625 0.333984375 0.806640625 0.33203125 0.80859375 0.333984375 0.810546875 0.33203125 0.8125 0.33203125 0.814453125 0.33203125 0.8125 0.333984375 0.810546875 0.3359375 0.8125 0.3359375 0.814453125 0.337890625 0.8125 0.33984375 0.814453125 0.33984375 0.8125 0.341796875 0.810546875 0.341796875 0.806640625
1 0.861328125 0.78515625 0.86328125 0.787109375 0.861328125 0.7890625 0.86328125 0.791015625 0.861328125 0.79296875 0.86328125 0.79296875 0.865234375 0.791015625 0.8671875 0.79296875 0.869140625 0.791015625 0.873046875 0.794921875 0.87109375 0.79296875 0.873046875 0.791015625 0.87109375 0.791015625 0.869140625 0.7890625 0.869140625 0.787109375 0.8671875 0.787109375 0.865234375 0.7890625
1 0.970703125 0.50390625 0.970703125 0.505859375 0.96875 0.5078125 0.966796875 0.5078125 0.96484375 0.509765625 0.96484375 0.515625 0.966796875 0.517578125 0.96875 0.515625 0.970703125 0.515625 0.97265625 0.517578125 0.974609375 0.515625 0.978515625 0.51953125 0.98046875 0.51953125 0.978515625 0.51953125 0.9765625 0.517578125 0.978515625 0.515625 0.9765625 0.513671875 0.978515625 0.51171875 0.978515625 0.5078125 0.9765625 0.505859375 0.97265625 0.505859375
1 0.91796875 0.220703125 0.916015625 0.22265625 0.916015625 0.224609375 0.9140625 0.2265625 0.912109375 0.224609375 0.9140625 0.2265625 0.912109375 0.228515625 0.9140625 0.23046875 0.912109375 0.232421875 0.91015625 0.232421875 0.908203125 0.234375 0.91015625 0.236328125 0.91015625 0.23828125 0.908203125 0.240234375 0.90625 0.240234375 0.908203125 0.240234375 0.91015625 0.23828125 0.9140625 0.2421875 0.91796875 0.2421875 0.91796875 0.240234375 0.919921875 0.23828125 0.919921875 0.232421875 0.91796875 0.23046875 0.91796875 0.228515625 0.919921875 0.2265625 0.91796875 0.224609375 0.919921875 0.22265625 0.919921875 0.220703125
1 0.822265625 0.142578125 0.818359375 0.146484375 0.818359375 0.1484375 0.814453125 0.15234375 0.8125 0.150390625 0.8125 0.1484375 0.814453125 0.146484375 0.8125 0.1484375 0.8046875 0.1484375 0.8046875 0.150390625 0.802734375 0.15234375 0.798828125 0.1484375 0.8046875 0.154296875 0.8046875 0.15625 0.80078125 0.16015625 0.802734375 0.162109375 0.80078125 0.16015625 0.802734375 0.158203125 0.8046875 0.158203125 0.80859375 0.162109375 0.810546875 0.16015625 0.8125 0.16015625 0.814453125 0.162109375 0.81640625 0.16015625 0.818359375 0.162109375 0.8203125 0.162109375 0.818359375 0.162109375 0.81640625 0.16015625 0.818359375 0.158203125 0.8203125 0.158203125 0.818359375 0.158203125 0.81640625 0.15625 0.81640625 0.154296875 0.818359375 0.15234375 0.81640625 0.150390625 0.818359375 0.1484375 0.818359375 0.146484375
1 0.888671875 0.015625 0.88671875 0.017578125 0.888671875 0.01953125 0.888671875 0.021484375 0.88671875 0.0234375 0.884765625 0.0234375 0.88671875 0.0234375 0.888671875 0.025390625 0.884765625 0.029296875 0.8828125 0.02734375 0.884765625 0.029296875 0.884765625 0.03125 0.88671875 0.029296875 0.888671875 0.03125 0.888671875 0.037109375 0.890625 0.03515625 0.892578125 0.037109375 0.89453125 0.03515625 0.896484375 0.037109375 0.8984375 0.037109375 0.896484375 0.037109375 0.89453125 0.03515625 0.896484375 0.033203125 0.8984375 0.033203125 0.896484375 0.033203125 0.89453125 0.03125 0.89453125 0.029296875 0.896484375 0.02734375 0.8984375 0.02734375 0.896484375 0.02734375 0.89453125 0.025390625 0.896484375 0.0234375 0.8984375 0.0234375 0.896484375 0.0234375 0.89453125 0.025390625 0.892578125 0.0234375 0.890625 0.025390625 0.888671875 0.025390625 0.88671875 0.0234375 0.888671875 0.021484375 0.888671875 0.01953125 0.88671875 0.017578125
1 0.732421875 0.0 0.73046875 0.001953125 0.732421875 0.00390625 0.732421875 0.005859375 0.73046875 0.0078125 0.728515625 0.0078125 0.73046875 0.0078125 0.732421875 0.009765625 0.728515625 0.013671875 0.7265625 0.01171875 0.728515625 0.013671875 0.728515625 0.015625 0.73046875 0.017578125 0.73046875 0.021484375 0.734375 0.021484375 0.732421875 0.021484375 0.73046875 0.01953125 0.73046875 0.017578125 0.732421875 0.015625 0.734375 0.017578125 0.736328125 0.015625 0.736328125 0.013671875 0.732421875 0.009765625 0.734375 0.0078125 0.732421875 0.005859375 0.732421875 0.00390625 0.73046875 0.001953125
