0 0.00390625 0.62109375 0.001953125 0.623046875 0.001953125 0.626953125 0.00390625 0.62890625 0.00390625 0.630859375 0.005859375 0.62890625 0.005859375 0.625 0.00390625 0.623046875
0 0.14453125 0.548828125 0.14453125 0.55078125 0.142578125 0.552734375 0.140625 0.55078125 0.142578125 0.552734375 0.140625 0.5546875 0.142578125 0.552734375 0.146484375 0.556640625 0.146484375 0.5546875 0.1484375 0.552734375 0.1484375 0.55078125 0.146484375 0.55078125
0 0.00390625 0.40234375 0.001953125 0.404296875 0.0 0.404296875 0.0 0.408203125 0.001953125 0.408203125 0.005859375 0.412109375 0.009765625 0.412109375 0.01171875 0.41015625 0.013671875 0.412109375 0.013671875 0.4140625 0.013671875 0.412109375 0.01171875 0.41015625 0.01171875 0.408203125 0.01171875 0.41015625 0.009765625 0.412109375 0.005859375 0.412109375 0.00390625 0.41015625 0.0078125 0.40625
0 0.265625 0.259765625 0.267578125 0.26171875 0.267578125 0.263671875 0.265625 0.265625 0.265625 0.267578125 0.267578125 0.26953125 0.265625 0.271484375 0.267578125 0.271484375 0.2734375 0.27734375 0.271484375 0.275390625 0.2734375 0.2734375 0.271484375 0.275390625 0.26953125 0.2734375 0.26953125 0.271484375 0.271484375 0.26953125 0.2734375 0.26953125 0.275390625 0.267578125 0.2734375 0.26953125 0.271484375 0.267578125 0.271484375 0.263671875 0.26953125 0.263671875
0 0.796875 0.1640625 0.798828125 0.166015625 0.798828125 0.16796875 0.796875 0.169921875 0.796875 0.171875 0.798828125 0.173828125 0.798828125 0.17578125 0.796875 0.177734375 0.798828125 0.177734375 0.798828125 0.173828125 0.80078125 0.171875 0.80078125 0.166015625 0.798828125 0.166015625
0 0.265625 0.15625 0.263671875 0.158203125 0.265625 0.16015625 0.265625 0.162109375 0.267578125 0.1640625 0.265625 0.166015625 0.263671875 0.166015625 0.26171875 0.16796875 0.2578125 0.16796875 0.26171875 0.16796875 0.267578125 0.173828125 0.267578125 0.17578125 0.265625 0.177734375 0.267578125 0.177734375 0.267578125 0.173828125 0.26953125 0.171875 0.26953125 0.169921875 0.271484375 0.16796875 0.26953125 0.169921875 0.265625 0.166015625 0.267578125 0.1640625 0.26953125 0.1640625 0.267578125 0.1640625 0.265625 0.162109375 0.265625 0.16015625 0.267578125 0.158203125
0 0.4609375 0.109375 0.458984375 0.111328125 0.45703125 0.111328125 0.455078125 0.11328125 0.453125 0.11328125 0.45703125 0.11328125 0.458984375 0.115234375 0.458984375 0.1171875 0.4609375 0.115234375 0.4609375 0.11328125 0.462890625 0.111328125
0 0.3046875 0.01953125 0.3046875 0.021484375 0.30078125 0.025390625 0.298828125 0.0234375 0.296875 0.025390625 0.298828125 0.0234375 0.30078125 0.025390625 0.30078125 0.02734375 0.298828125 0.029296875 0.30078125 0.03125 0.302734375 0.029296875 0.3046875 0.03125 0.3046875 0.033203125 0.3046875 0.03125 0.306640625 0.029296875 0.30859375 0.029296875 0.310546875 0.03125 0.30859375 0.029296875 0.30859375 0.025390625 0.310546875 0.0234375 0.30859375 0.0234375
1 0.00390625 0.62109375 0.001953125 0.623046875 0.001953125 0.626953125 0.00390625 0.62890625 0.00390625 0.630859375 0.005859375 0.62890625 0.005859375 0.625 0.00390625 0.623046875
1 0.14453125 0.548828125 0.14453125 0.55078125 0.142578125 0.552734375 0.140625 0.55078125 0.142578125 0.552734375 0.140625 0.5546875 0.142578125 0.552734375 0.146484375 0.556640625 0.146484375 0.5546875 0.1484375 0.552734375 0.1484375 0.55078125 0.146484375 0.55078125
1 0.00390625 0.40234375 0.001953125 0.404296875 0.0 0.404296875 0.0 0.408203125 0.001953125 0.408203125 0.005859375 0.412109375 0.009765625 0.412109375 0.01171875 0.41015625 0.013671875 0.412109375 0.013671875 0.4140625 0.013671875 0.412109375 0.01171875 0.41015625 0.01171875 0.408203125 0.01171875 0.41015625 0.009765625 0.412109375 0.005859375 0.412109375 0.00390625 0.41015625 0.0078125 0.40625
1 0.265625 0.259765625 0.267578125 0.26171875 0.267578125 0.263671875 0.265625 0.265625 0.265625 0.267578125 0.267578125 0.26953125 0.265625 0.271484375 0.267578125 0.271484375 0.2734375 0.27734375 0.271484375 0.275390625 0.2734375 0.2734375 0.271484375 0.275390625 0.26953125 0.2734375 0.26953125 0.271484375 0.271484375 0.26953125 0.2734375 0.26953125 0.275390625 0.267578125 0.2734375 0.26953125 0.271484375 0.267578125 0.271484375 0.263671875 0.26953125 0.263671875
1 0.796875 0.1640625 0.798828125 0.166015625 0.798828125 0.16796875 0.796875 0.169921875 0.796875 0.171875 0.798828125 0.173828125 0.798828125 0.17578125 0.796875 0.177734375 0.798828125 0.177734375 0.798828125 0.173828125 0.80078125 0.171875 0.80078125 0.166015625 0.798828125 0.166015625
1 0.265625 0.15625 0.263671875 0.158203125 0.265625 0.16015625 0.265625 0.162109375 0.267578125 0.1640625 0.265625 0.166015625 0.263671875 0.166015625 0.26171875 0.16796875 0.2578125 0.16796875 0.26171875 0.16796875 0.267578125 0.173828125 0.267578125 0.17578125 0.265625 0.177734375 0.267578125 0.177734375 0.267578125 0.173828125 0.26953125 0.171875 0.26953125 0.169921875 0.271484375 0.16796875 0.26953125 0.169921875 0.265625 0.166015625 0.267578125 0.1640625 0.26953125 0.1640625 0.267578125 0.1640625 0.265625 0.162109375 0.265625 0.16015625 0.267578125 0.158203125
1 0.4609375 0.109375 0.458984375 0.111328125 0.45703125 0.111328125 0.455078125 0.11328125 0.453125 0.11328125 0.45703125 0.11328125 0.458984375 0.115234375 0.458984375 0.1171875 0.4609375 0.115234375 0.4609375 0.11328125 0.462890625 0.111328125
1 0.3046875 0.01953125 0.3046875 0.021484375 0.30078125 0.025390625 0.298828125 0.0234375 0.296875 0.025390625 0.298828125 0.0234375 0.30078125 0.025390625 0.30078125 0.02734375 0.298828125 0.029296875 0.30078125 0.03125 0.302734375 0.029296875 0.3046875 0.03125 0.3046875 0.033203125 0.3046875 0.03125 0.306640625 0.029296875 0.30859375 0.029296875 0.310546875 0.03125 0.30859375 0.029296875 0.30859375 0.025390625 0.310546875 0.0234375 0.30859375 0.0234375
