0 0.814453125 0.390625 0.814453125 0.392578125 0.8125 0.39453125 0.814453125 0.396484375 0.8125 0.3984375 0.8125 0.40234375 0.81640625 0.40234375 0.818359375 0.400390625 0.818359375 0.3984375 0.8203125 0.396484375 0.818359375 0.3984375 0.81640625 0.396484375 0.814453125 0.396484375 0.8125 0.39453125 0.814453125 0.392578125
0 0.08203125 0.35546875 0.080078125 0.357421875 0.078125 0.357421875 0.07421875 0.361328125 0.0703125 0.361328125 0.07421875 0.361328125 0.076171875 0.36328125 0.078125 0.361328125 0.08203125 0.365234375 0.080078125 0.3671875 0.078125 0.3671875 0.080078125 0.3671875 0.083984375 0.36328125 0.0859375 0.365234375 0.08203125 0.361328125 0.08203125 0.359375 0.083984375 0.357421875
0 0.15234375 0.265625 0.150390625 0.267578125 0.150390625 0.26953125 0.154296875 0.26953125 0.15625 0.271484375 0.15625 0.267578125 0.154296875 0.265625
0 0.15234375 0.24609375 0.15234375 0.248046875 0.150390625 0.25 0.150390625 0.251953125 0.146484375 0.255859375 0.1484375 0.25390625 0.15234375 0.2578125 0.154296875 0.2578125 0.15234375 0.2578125 0.150390625 0.255859375 0.154296875 0.251953125 0.154296875 0.25 0.15234375 0.248046875
0 0.615234375 0.052734375 0.61328125 0.0546875 0.615234375 0.056640625 0.611328125 0.060546875 0.61328125 0.0625 0.61328125 0.064453125 0.615234375 0.064453125 0.6171875 0.0625 0.6171875 0.05859375 0.61328125 0.0546875 0.615234375 0.052734375 0.6171875 0.052734375
0 0.76171875 0.046875 0.763671875 0.048828125 0.76171875 0.05078125 0.763671875 0.052734375 0.76171875 0.0546875 0.763671875 0.056640625 0.765625 0.056640625 0.767578125 0.05859375 0.765625 0.060546875 0.767578125 0.05859375 0.765625 0.056640625 0.763671875 0.056640625 0.76171875 0.0546875 0.763671875 0.052734375 0.76953125 0.052734375 0.771484375 0.0546875 0.767578125 0.05078125 0.767578125 0.048828125 0.76953125 0.046875 0.771484375 0.048828125 0.7734375 0.046875 0.771484375 0.048828125 0.76953125 0.046875 0.767578125 0.048828125 0.763671875 0.048828125
1 0.814453125 0.390625 0.814453125 0.392578125 0.8125 0.39453125 0.814453125 0.396484375 0.8125 0.3984375 0.8125 0.40234375 0.81640625 0.40234375 0.818359375 0.400390625 0.818359375 0.3984375 0.8203125 0.396484375 0.818359375 0.3984375 0.81640625 0.396484375 0.814453125 0.396484375 0.8125 0.39453125 0.814453125 0.392578125
1 0.08203125 0.35546875 0.080078125 0.357421875 0.078125 0.357421875 0.07421875 0.361328125 0.0703125 0.361328125 0.07421875 0.361328125 0.076171875 0.36328125 0.078125 0.361328125 0.08203125 0.365234375 0.080078125 0.3671875 0.078125 0.3671875 0.080078125 0.3671875 0.083984375 0.36328125 0.0859375 0.365234375 0.08203125 0.361328125 0.08203125 0.359375 0.083984375 0.357421875
1 0.15234375 0.265625 0.150390625 0.267578125 0.150390625 0.26953125 0.154296875 0.26953125 0.15625 0.271484375 0.15625 0.267578125 0.154296875 0.265625
1 0.15234375 0.24609375 0.15234375 0.248046875 0.150390625 0.25 0.150390625 0.251953125 0.146484375 0.255859375 0.1484375 0.25390625 0.15234375 0.2578125 0.154296875 0.2578125 0.15234375 0.2578125 0.150390625 0.255859375 0.154296875 0.251953125 0.154296875 0.25 0.15234375 0.248046875
1 0.615234375 0.052734375 0.61328125 0.0546875 0.615234375 0.056640625 0.611328125 0.060546875 0.61328125 0.0625 0.61328125 0.064453125 0.615234375 0.064453125 0.6171875 0.0625 0.6171875 0.05859375 0.61328125 0.0546875 0.615234375 0.052734375 0.6171875 0.052734375
1 0.76171875 0.046875 0.763671875 0.048828125 0.76171875 0.05078125 0.763671875 0.052734375 0.76171875 0.0546875 0.763671875 0.056640625 0.765625 0.056640625 0.767578125 0.05859375 0.765625 0.060546875 0.767578125 0.05859375 0.765625 0.056640625 0.763671875 0.056640625 0.76171875 0.0546875 0.763671875 0.052734375 0.76953125 0.052734375 0.771484375 0.0546875 0.767578125 0.05078125 0.767578125 0.048828125 0.76953125 0.046875 0.771484375 0.048828125 0.7734375 0.046875 0.771484375 0.048828125 0.76953125 0.046875 0.767578125 0.048828125 0.763671875 0.048828125
