0 0.103515625 0.431640625 0.1015625 0.43359375 0.1015625 0.435546875 0.103515625 0.4375 0.1015625 0.439453125 0.103515625 0.4375 0.107421875 0.44140625 0.10546875 0.443359375 0.103515625 0.443359375 0.10546875 0.443359375 0.107421875 0.4453125 0.107421875 0.447265625 0.10546875 0.44921875 0.107421875 0.451171875 0.109375 0.44921875 0.107421875 0.447265625 0.107421875 0.4453125 0.10546875 0.443359375 0.107421875 0.44140625 0.109375 0.44140625 0.111328125 0.439453125 0.115234375 0.439453125 0.111328125 0.439453125 0.107421875 0.435546875 0.107421875 0.43359375 0.103515625 0.4375 0.1015625 0.435546875 0.1015625 0.43359375
0 0.16796875 0.41015625 0.16796875 0.412109375 0.169921875 0.4140625 0.16796875 0.416015625 0.169921875 0.41796875 0.171875 0.41796875 0.173828125 0.416015625 0.17578125 0.416015625 0.173828125 0.416015625 0.171875 0.4140625 0.171875 0.41015625
0 0.267578125 0.34375 0.263671875 0.34765625 0.263671875 0.3515625 0.26171875 0.353515625 0.259765625 0.353515625 0.26171875 0.353515625 0.263671875 0.35546875 0.267578125 0.3515625 0.265625 0.349609375 0.267578125 0.34765625 0.265625 0.345703125
0 0.291015625 0.228515625 0.291015625 0.23046875 0.29296875 0.232421875 0.296875 0.232421875 0.298828125 0.23046875 0.302734375 0.23046875 0.298828125 0.23046875 0.296875 0.228515625
0 0.794921875 0.03125 0.79296875 0.033203125 0.7890625 0.033203125 0.79296875 0.033203125 0.794921875 0.03515625 0.796875 0.03515625 0.798828125 0.033203125 0.80078125 0.03515625 0.802734375 0.03515625 0.8046875 0.037109375 0.80859375 0.033203125 0.806640625 0.03515625 0.802734375 0.03125 0.8046875 0.033203125 0.802734375 0.03515625 0.80078125 0.03515625 0.796875 0.03125
0 0.83203125 0.017578125 0.833984375 0.01953125 0.83203125 0.021484375 0.833984375 0.0234375 0.83203125 0.025390625 0.83203125 0.02734375 0.830078125 0.029296875 0.828125 0.02734375 0.830078125 0.029296875 0.83203125 0.02734375 0.833984375 0.029296875 0.83984375 0.029296875 0.841796875 0.02734375 0.83984375 0.025390625 0.83984375 0.0234375 0.837890625 0.025390625 0.8359375 0.025390625 0.83203125 0.021484375 0.833984375 0.01953125
1 0.103515625 0.431640625 0.1015625 0.43359375 0.1015625 0.435546875 0.103515625 0.4375 0.1015625 0.439453125 0.103515625 0.4375 0.107421875 0.44140625 0.10546875 0.443359375 0.103515625 0.443359375 0.10546875 0.443359375 0.107421875 0.4453125 0.107421875 0.447265625 0.10546875 0.44921875 0.107421875 0.451171875 0.109375 0.44921875 0.107421875 0.447265625 0.107421875 0.4453125 0.10546875 0.443359375 0.107421875 0.44140625 0.109375 0.44140625 0.111328125 0.439453125 0.115234375 0.439453125 0.111328125 0.439453125 0.107421875 0.435546875 0.107421875 0.43359375 0.103515625 0.4375 0.1015625 0.435546875 0.1015625 0.43359375
1 0.16796875 0.41015625 0.16796875 0.412109375 0.169921875 0.4140625 0.16796875 0.416015625 0.169921875 0.41796875 0.171875 0.41796875 0.173828125 0.416015625 0.17578125 0.416015625 0.173828125 0.416015625 0.171875 0.4140625 0.171875 0.41015625
1 0.267578125 0.34375 0.263671875 0.34765625 0.263671875 0.3515625 0.26171875 0.353515625 0.259765625 0.353515625 0.26171875 0.353515625 0.263671875 0.35546875 0.267578125 0.3515625 0.265625 0.349609375 0.267578125 0.34765625 0.265625 0.345703125
1 0.291015625 0.228515625 0.291015625 0.23046875 0.29296875 0.232421875 0.296875 0.232421875 0.298828125 0.23046875 0.302734375 0.23046875 0.298828125 0.23046875 0.296875 0.228515625
1 0.794921875 0.03125 0.79296875 0.033203125 0.7890625 0.033203125 0.79296875 0.033203125 0.794921875 0.03515625 0.796875 0.03515625 0.798828125 0.033203125 0.80078125 0.03515625 0.802734375 0.03515625 0.8046875 0.037109375 0.80859375 0.033203125 0.806640625 0.03515625 0.802734375 0.03125 0.8046875 0.033203125 0.802734375 0.03515625 0.80078125 0.03515625 0.796875 0.03125
1 0.83203125 0.017578125 0.833984375 0.01953125 0.83203125 0.021484375 0.833984375 0.0234375 0.83203125 0.025390625 0.83203125 0.02734375 0.830078125 0.029296875 0.828125 0.02734375 0.830078125 0.029296875 0.83203125 0.02734375 0.833984375 0.029296875 0.83984375 0.029296875 0.841796875 0.02734375 0.83984375 0.025390625 0.83984375 0.0234375 0.837890625 0.025390625 0.8359375 0.025390625 0.83203125 0.021484375 0.833984375 0.01953125
