0 0.4140625 0.953125 0.4140625 0.955078125 0.41015625 0.958984375 0.41015625 0.9609375 0.408203125 0.962890625 0.40625 0.9609375 0.41015625 0.96484375 0.408203125 0.962890625 0.41015625 0.9609375 0.41015625 0.958984375 0.4140625 0.955078125 0.416015625 0.95703125 0.416015625 0.958984375 0.41796875 0.9609375 0.419921875 0.9609375 0.421875 0.962890625 0.423828125 0.9609375 0.421875 0.958984375 0.423828125 0.95703125 0.421875 0.955078125 0.423828125 0.953125 0.421875 0.955078125 0.419921875 0.953125
0 0.96875 0.814453125 0.96875 0.81640625 0.966796875 0.818359375 0.96484375 0.818359375 0.96484375 0.8203125 0.966796875 0.8203125 0.96875 0.822265625 0.96875 0.82421875 0.97265625 0.8203125 0.974609375 0.822265625 0.974609375 0.82421875 0.974609375 0.822265625 0.97265625 0.8203125 0.97265625 0.81640625 0.970703125 0.81640625
0 0.939453125 0.498046875 0.935546875 0.501953125 0.93359375 0.501953125 0.935546875 0.50390625 0.93359375 0.505859375 0.9296875 0.505859375 0.935546875 0.505859375 0.9375 0.5078125 0.9375 0.509765625 0.94140625 0.513671875 0.943359375 0.513671875 0.943359375 0.509765625 0.9453125 0.5078125 0.947265625 0.509765625 0.947265625 0.51171875 0.947265625 0.5078125 0.94921875 0.505859375 0.951171875 0.5078125 0.94921875 0.505859375 0.94921875 0.50390625 0.951171875 0.501953125 0.94921875 0.501953125 0.9453125 0.498046875
0 0.94140625 0.484375 0.9375 0.48828125 0.939453125 0.490234375 0.939453125 0.494140625 0.939453125 0.4921875 0.94140625 0.490234375 0.9453125 0.494140625 0.947265625 0.494140625 0.951171875 0.498046875 0.947265625 0.494140625 0.9453125 0.494140625 0.943359375 0.4921875 0.943359375 0.490234375 0.94140625 0.48828125 0.943359375 0.486328125
0 0.875 0.470703125 0.873046875 0.47265625 0.873046875 0.4765625 0.87109375 0.478515625 0.869140625 0.478515625 0.87109375 0.478515625 0.875 0.482421875 0.87109375 0.478515625 0.873046875 0.4765625 0.87890625 0.4765625 0.876953125 0.474609375 0.876953125 0.47265625 0.87890625 0.470703125
0 0.91015625 0.431640625 0.91015625 0.435546875 0.908203125 0.4375 0.908203125 0.439453125 0.90625 0.44140625 0.908203125 0.443359375 0.908203125 0.4453125 0.91015625 0.443359375 0.912109375 0.443359375 0.9140625 0.4453125 0.912109375 0.447265625 0.916015625 0.443359375 0.91796875 0.443359375 0.919921875 0.44140625 0.919921875 0.43359375 0.912109375 0.43359375
0 0.7890625 0.0234375 0.7890625 0.025390625 0.787109375 0.02734375 0.787109375 0.029296875 0.783203125 0.033203125 0.78515625 0.03125 0.7890625 0.03515625 0.787109375 0.037109375 0.7890625 0.03515625 0.791015625 0.03515625 0.79296875 0.037109375 0.794921875 0.03515625 0.79296875 0.033203125 0.794921875 0.03125 0.79296875 0.029296875 0.79296875 0.02734375 0.791015625 0.025390625 0.791015625 0.0234375
0 0.529296875 0.017578125 0.53125 0.017578125 0.533203125 0.01953125 0.53125 0.021484375 0.529296875 0.021484375 0.5234375 0.02734375 0.525390625 0.025390625 0.52734375 0.02734375 0.529296875 0.02734375 0.53125 0.025390625 0.53125 0.021484375 0.533203125 0.01953125 0.53515625 0.01953125 0.533203125 0.01953125 0.53125 0.017578125
0 0.591796875 0.009765625 0.587890625 0.013671875 0.5859375 0.013671875 0.5859375 0.015625 0.580078125 0.021484375 0.583984375 0.017578125 0.5859375 0.01953125 0.5859375 0.021484375 0.591796875 0.021484375 0.59375 0.0234375 0.58984375 0.02734375 0.59375 0.0234375 0.591796875 0.021484375 0.59375 0.01953125 0.595703125 0.01953125 0.59375 0.01953125 0.591796875 0.017578125 0.591796875 0.015625 0.58984375 0.013671875 0.58984375 0.01171875
1 0.4140625 0.953125 0.4140625 0.955078125 0.41015625 0.958984375 0.41015625 0.9609375 0.408203125 0.962890625 0.40625 0.9609375 0.41015625 0.96484375 0.408203125 0.962890625 0.41015625 0.9609375 0.41015625 0.958984375 0.4140625 0.955078125 0.416015625 0.95703125 0.416015625 0.958984375 0.41796875 0.9609375 0.419921875 0.9609375 0.421875 0.962890625 0.423828125 0.9609375 0.421875 0.958984375 0.423828125 0.95703125 0.421875 0.955078125 0.423828125 0.953125 0.421875 0.955078125 0.419921875 0.953125
1 0.96875 0.814453125 0.96875 0.81640625 0.966796875 0.818359375 0.96484375 0.818359375 0.96484375 0.8203125 0.966796875 0.8203125 0.96875 0.822265625 0.96875 0.82421875 0.97265625 0.8203125 0.974609375 0.822265625 0.974609375 0.82421875 0.974609375 0.822265625 0.97265625 0.8203125 0.97265625 0.81640625 0.970703125 0.81640625
1 0.939453125 0.498046875 0.935546875 0.501953125 0.93359375 0.501953125 0.935546875 0.50390625 0.93359375 0.505859375 0.9296875 0.505859375 0.935546875 0.505859375 0.9375 0.5078125 0.9375 0.509765625 0.94140625 0.513671875 0.943359375 0.513671875 0.943359375 0.509765625 0.9453125 0.5078125 0.947265625 0.509765625 0.947265625 0.51171875 0.947265625 0.5078125 0.94921875 0.505859375 0.951171875 0.5078125 0.94921875 0.505859375 0.94921875 0.50390625 0.951171875 0.501953125 0.94921875 0.501953125 0.9453125 0.498046875
1 0.94140625 0.484375 0.9375 0.48828125 0.939453125 0.490234375 0.939453125 0.494140625 0.939453125 0.4921875 0.94140625 0.490234375 0.9453125 0.494140625 0.947265625 0.494140625 0.951171875 0.498046875 0.947265625 0.494140625 0.9453125 0.494140625 0.943359375 0.4921875 0.943359375 0.490234375 0.94140625 0.48828125 0.943359375 0.486328125
1 0.875 0.470703125 0.873046875 0.47265625 0.873046875 0.4765625 0.87109375 0.478515625 0.869140625 0.478515625 0.87109375 0.478515625 0.875 0.482421875 0.87109375 0.478515625 0.873046875 0.4765625 0.87890625 0.4765625 0.876953125 0.474609375 0.876953125 0.47265625 0.87890625 0.470703125
1 0.91015625 0.431640625 0.91015625 0.435546875 0.908203125 0.4375 0.908203125 0.439453125 0.90625 0.44140625 0.908203125 0.443359375 0.908203125 0.4453125 0.91015625 0.443359375 0.912109375 0.443359375 0.9140625 0.4453125 0.912109375 0.447265625 0.916015625 0.443359375 0.91796875 0.443359375 0.919921875 0.44140625 0.919921875 0.43359375 0.912109375 0.43359375
1 0.7890625 0.0234375 0.7890625 0.025390625 0.787109375 0.02734375 0.787109375 0.029296875 0.783203125 0.033203125 0.78515625 0.03125 0.7890625 0.03515625 0.787109375 0.037109375 0.7890625 0.03515625 0.791015625 0.03515625 0.79296875 0.037109375 0.794921875 0.03515625 0.79296875 0.033203125 0.794921875 0.03125 0.79296875 0.029296875 0.79296875 0.02734375 0.791015625 0.025390625 0.791015625 0.0234375
1 0.529296875 0.017578125 0.53125 0.017578125 0.533203125 0.01953125 0.53125 0.021484375 0.529296875 0.021484375 0.5234375 0.02734375 0.525390625 0.025390625 0.52734375 0.02734375 0.529296875 0.02734375 0.53125 0.025390625 0.53125 0.021484375 0.533203125 0.01953125 0.53515625 0.01953125 0.533203125 0.01953125 0.53125 0.017578125
1 0.591796875 0.009765625 0.587890625 0.013671875 0.5859375 0.013671875 0.5859375 0.015625 0.580078125 0.021484375 0.583984375 0.017578125 0.5859375 0.01953125 0.5859375 0.021484375 0.591796875 0.021484375 0.59375 0.0234375 0.58984375 0.02734375 0.59375 0.0234375 0.591796875 0.021484375 0.59375 0.01953125 0.595703125 0.01953125 0.59375 0.01953125 0.591796875 0.017578125 0.591796875 0.015625 0.58984375 0.013671875 0.58984375 0.01171875
