0 0.244140625 0.62890625 0.24609375 0.630859375 0.24609375 0.6328125 0.244140625 0.634765625 0.2421875 0.634765625 0.244140625 0.63671875 0.2421875 0.638671875 0.24609375 0.638671875 0.248046875 0.63671875 0.248046875 0.6328125 0.24609375 0.630859375 0.248046875 0.62890625 0.24609375 0.630859375
0 0.564453125 0.501953125 0.564453125 0.50390625 0.56640625 0.501953125 0.568359375 0.50390625 0.5703125 0.501953125 0.572265625 0.501953125 0.57421875 0.50390625 0.5703125 0.5078125 0.56640625 0.5078125 0.56640625 0.509765625 0.5625 0.513671875 0.564453125 0.51171875 0.572265625 0.51171875 0.576171875 0.5078125 0.57421875 0.505859375 0.57421875 0.50390625 0.572265625 0.501953125 0.5703125 0.501953125 0.568359375 0.50390625 0.56640625 0.501953125
0 0.6015625 0.41015625 0.599609375 0.412109375 0.59765625 0.412109375 0.599609375 0.412109375 0.6015625 0.4140625 0.6015625 0.416015625 0.599609375 0.41796875 0.60546875 0.41796875 0.60546875 0.416015625 0.603515625 0.4140625 0.60546875 0.412109375 0.603515625 0.41015625
0 0.4296875 0.3984375 0.431640625 0.400390625 0.4296875 0.40234375 0.4296875 0.404296875 0.435546875 0.404296875 0.435546875 0.40234375 0.431640625 0.3984375
0 0.55859375 0.359375 0.556640625 0.361328125 0.556640625 0.36328125 0.560546875 0.36328125 0.5625 0.365234375 0.5625 0.361328125 0.560546875 0.359375
0 0.337890625 0.359375 0.333984375 0.36328125 0.3359375 0.365234375 0.333984375 0.3671875 0.33203125 0.3671875 0.333984375 0.3671875 0.3359375 0.369140625 0.333984375 0.37109375 0.33203125 0.37109375 0.33203125 0.373046875 0.3359375 0.369140625 0.33984375 0.373046875 0.337890625 0.37109375 0.33984375 0.369140625 0.341796875 0.369140625 0.33984375 0.3671875 0.341796875 0.365234375 0.33984375 0.36328125 0.33984375 0.361328125 0.341796875 0.359375 0.33984375 0.361328125
0 0.634765625 0.267578125 0.6328125 0.26953125 0.6328125 0.2734375 0.63671875 0.2734375 0.638671875 0.271484375 0.638671875 0.267578125
0 0.23046875 0.23828125 0.2265625 0.2421875 0.224609375 0.240234375 0.22265625 0.240234375 0.22265625 0.2421875 0.220703125 0.244140625 0.21875 0.244140625 0.220703125 0.24609375 0.21875 0.248046875 0.22265625 0.244140625 0.224609375 0.24609375 0.2265625 0.244140625 0.228515625 0.24609375 0.23046875 0.24609375 0.228515625 0.244140625 0.23046875 0.2421875 0.228515625 0.240234375
0 0.099609375 0.21484375 0.09765625 0.216796875 0.09765625 0.21875 0.1015625 0.21875 0.103515625 0.216796875 0.10546875 0.216796875 0.103515625 0.21484375
0 0.3046875 0.0625 0.302734375 0.064453125 0.30078125 0.064453125 0.302734375 0.064453125 0.3046875 0.06640625 0.3046875 0.068359375 0.302734375 0.0703125 0.30078125 0.068359375 0.298828125 0.068359375 0.30078125 0.068359375 0.302734375 0.0703125 0.30078125 0.072265625 0.298828125 0.072265625 0.298828125 0.076171875 0.30078125 0.078125 0.30078125 0.080078125 0.302734375 0.080078125 0.30859375 0.07421875 0.310546875 0.076171875 0.30859375 0.07421875 0.306640625 0.07421875 0.306640625 0.076171875 0.3046875 0.078125 0.30078125 0.07421875 0.30078125 0.072265625 0.3046875 0.068359375 0.3046875 0.06640625 0.302734375 0.064453125
1 0.244140625 0.62890625 0.24609375 0.630859375 0.24609375 0.6328125 0.244140625 0.634765625 0.2421875 0.634765625 0.244140625 0.63671875 0.2421875 0.638671875 0.24609375 0.638671875 0.248046875 0.63671875 0.248046875 0.6328125 0.24609375 0.630859375 0.248046875 0.62890625 0.24609375 0.630859375
1 0.564453125 0.501953125 0.564453125 0.50390625 0.56640625 0.501953125 0.568359375 0.50390625 0.5703125 0.501953125 0.572265625 0.501953125 0.57421875 0.50390625 0.5703125 0.5078125 0.56640625 0.5078125 0.56640625 0.509765625 0.5625 0.513671875 0.564453125 0.51171875 0.572265625 0.51171875 0.576171875 0.5078125 0.57421875 0.505859375 0.57421875 0.50390625 0.572265625 0.501953125 0.5703125 0.501953125 0.568359375 0.50390625 0.56640625 0.501953125
1 0.6015625 0.41015625 0.599609375 0.412109375 0.59765625 0.412109375 0.599609375 0.412109375 0.6015625 0.4140625 0.6015625 0.416015625 0.599609375 0.41796875 0.60546875 0.41796875 0.60546875 0.416015625 0.603515625 0.4140625 0.60546875 0.412109375 0.603515625 0.41015625
1 0.4296875 0.3984375 0.431640625 0.400390625 0.4296875 0.40234375 0.4296875 0.404296875 0.435546875 0.404296875 0.435546875 0.40234375 0.431640625 0.3984375
1 0.55859375 0.359375 0.556640625 0.361328125 0.556640625 0.36328125 0.560546875 0.36328125 0.5625 0.365234375 0.5625 0.361328125 0.560546875 0.359375
1 0.337890625 0.359375 0.333984375 0.36328125 0.3359375 0.365234375 0.333984375 0.3671875 0.33203125 0.3671875 0.333984375 0.3671875 0.3359375 0.369140625 0.333984375 0.37109375 0.33203125 0.37109375 0.33203125 0.373046875 0.3359375 0.369140625 0.33984375 0.373046875 0.337890625 0.37109375 0.33984375 0.369140625 0.341796875 0.369140625 0.33984375 0.3671875 0.341796875 0.365234375 0.33984375 0.36328125 0.33984375 0.361328125 0.341796875 0.359375 0.33984375 0.361328125
1 0.634765625 0.267578125 0.6328125 0.26953125 0.6328125 0.2734375 0.63671875 0.2734375 0.638671875 0.271484375 0.638671875 0.267578125
1 0.23046875 0.23828125 0.2265625 0.2421875 0.224609375 0.240234375 0.22265625 0.240234375 0.22265625 0.2421875 0.220703125 0.244140625 0.21875 0.244140625 0.220703125 0.24609375 0.21875 0.248046875 0.22265625 0.244140625 0.224609375 0.24609375 0.2265625 0.244140625 0.228515625 0.24609375 0.23046875 0.24609375 0.228515625 0.244140625 0.23046875 0.2421875 0.228515625 0.240234375
1 0.099609375 0.21484375 0.09765625 0.216796875 0.09765625 0.21875 0.1015625 0.21875 0.103515625 0.216796875 0.10546875 0.216796875 0.103515625 0.21484375
1 0.3046875 0.0625 0.302734375 0.064453125 0.30078125 0.064453125 0.302734375 0.064453125 0.3046875 0.06640625 0.3046875 0.068359375 0.302734375 0.0703125 0.30078125 0.068359375 0.298828125 0.068359375 0.30078125 0.068359375 0.302734375 0.0703125 0.30078125 0.072265625 0.298828125 0.072265625 0.298828125 0.076171875 0.30078125 0.078125 0.30078125 0.080078125 0.302734375 0.080078125 0.30859375 0.07421875 0.310546875 0.076171875 0.30859375 0.07421875 0.306640625 0.07421875 0.306640625 0.076171875 0.3046875 0.078125 0.30078125 0.07421875 0.30078125 0.072265625 0.3046875 0.068359375 0.3046875 0.06640625 0.302734375 0.064453125
