0 0.990234375 0.705078125 0.986328125 0.708984375 0.986328125 0.7109375 0.984375 0.712890625 0.986328125 0.71484375 0.98828125 0.712890625 0.990234375 0.71484375 0.9921875 0.71484375 0.9921875 0.708984375 0.990234375 0.708984375 0.98828125 0.70703125
0 0.84765625 0.171875 0.8515625 0.17578125 0.84765625 0.1796875 0.849609375 0.181640625 0.8515625 0.181640625 0.853515625 0.1796875 0.85546875 0.181640625 0.857421875 0.181640625 0.857421875 0.177734375 0.853515625 0.177734375
0 0.009765625 0.111328125 0.0078125 0.11328125 0.0 0.11328125 0.001953125 0.11328125 0.005859375 0.1171875 0.001953125 0.12109375 0.00390625 0.123046875 0.001953125 0.12109375 0.005859375 0.1171875 0.009765625 0.1171875 0.0078125 0.115234375 0.009765625 0.11328125
0 0.45703125 0.0625 0.455078125 0.064453125 0.455078125 0.07421875 0.453125 0.076171875 0.455078125 0.07421875 0.455078125 0.072265625 0.45703125 0.0703125 0.458984375 0.0703125 0.4609375 0.072265625 0.462890625 0.0703125 0.4609375 0.068359375 0.4609375 0.06640625
0 0.619140625 0.0546875 0.619140625 0.056640625 0.6171875 0.05859375 0.615234375 0.05859375 0.61328125 0.056640625 0.61328125 0.05859375 0.615234375 0.060546875 0.615234375 0.0625 0.6171875 0.064453125 0.619140625 0.064453125 0.619140625 0.0625 0.62109375 0.060546875 0.62109375 0.05859375 0.623046875 0.056640625 0.623046875 0.0546875 0.623046875 0.056640625 0.62109375 0.05859375 0.619140625 0.056640625
1 0.990234375 0.705078125 0.986328125 0.708984375 0.986328125 0.7109375 0.984375 0.712890625 0.986328125 0.71484375 0.98828125 0.712890625 0.990234375 0.71484375 0.9921875 0.71484375 0.9921875 0.708984375 0.990234375 0.708984375 0.98828125 0.70703125
1 0.84765625 0.171875 0.8515625 0.17578125 0.84765625 0.1796875 0.849609375 0.181640625 0.8515625 0.181640625 0.853515625 0.1796875 0.85546875 0.181640625 0.857421875 0.181640625 0.857421875 0.177734375 0.853515625 0.177734375
1 0.009765625 0.111328125 0.0078125 0.11328125 0.0 0.11328125 0.001953125 0.11328125 0.005859375 0.1171875 0.001953125 0.12109375 0.00390625 0.123046875 0.001953125 0.12109375 0.005859375 0.1171875 0.009765625 0.1171875 0.0078125 0.115234375 0.009765625 0.11328125
1 0.45703125 0.0625 0.455078125 0.064453125 0.455078125 0.07421875 0.453125 0.076171875 0.455078125 0.07421875 0.455078125 0.072265625 0.45703125 0.0703125 0.458984375 0.0703125 0.4609375 0.072265625 0.462890625 0.0703125 0.4609375 0.068359375 0.4609375 0.06640625
1 0.619140625 0.0546875 0.619140625 0.056640625 0.6171875 0.05859375 0.615234375 0.05859375 0.61328125 0.056640625 0.61328125 0.05859375 0.615234375 0.060546875 0.615234375 0.0625 0.6171875 0.064453125 0.619140625 0.064453125 0.619140625 0.0625 0.62109375 0.060546875 0.62109375 0.05859375 0.623046875 0.056640625 0.623046875 0.0546875 0.623046875 0.056640625 0.62109375 0.05859375 0.619140625 0.056640625
