0 0.111328125 0.25390625 0.11328125 0.255859375 0.11328125 0.2578125 0.115234375 0.2578125 0.1171875 0.259765625 0.119140625 0.259765625 0.1171875 0.2578125 0.119140625 0.255859375 0.1171875 0.25390625
0 0.796875 0.19140625 0.798828125 0.193359375 0.796875 0.1953125 0.798828125 0.197265625 0.798828125 0.201171875 0.8046875 0.201171875 0.8046875 0.197265625 0.806640625 0.1953125 0.80078125 0.1953125 0.798828125 0.193359375 0.80078125 0.19140625 0.798828125 0.193359375
0 0.3828125 0.17578125 0.3828125 0.177734375 0.380859375 0.1796875 0.3828125 0.181640625 0.380859375 0.18359375 0.37890625 0.18359375 0.376953125 0.181640625 0.376953125 0.1796875 0.376953125 0.181640625 0.375 0.18359375 0.376953125 0.181640625 0.37890625 0.18359375 0.3828125 0.18359375 0.384765625 0.185546875 0.388671875 0.185546875 0.390625 0.18359375 0.392578125 0.18359375 0.39453125 0.185546875 0.392578125 0.18359375 0.39453125 0.181640625 0.396484375 0.181640625 0.39453125 0.1796875 0.39453125 0.181640625 0.392578125 0.18359375 0.390625 0.181640625 0.390625 0.17578125 0.388671875 0.177734375 0.38671875 0.17578125
0 0.671875 0.126953125 0.669921875 0.12890625 0.669921875 0.1328125 0.66796875 0.134765625 0.666015625 0.134765625 0.66796875 0.134765625 0.669921875 0.13671875 0.671875 0.134765625 0.669921875 0.1328125 0.671875 0.130859375 0.673828125 0.130859375 0.673828125 0.12890625 0.67578125 0.126953125
0 0.625 0.00390625 0.626953125 0.005859375 0.62890625 0.005859375 0.6328125 0.009765625 0.630859375 0.01171875 0.6328125 0.009765625 0.634765625 0.009765625 0.63671875 0.01171875 0.638671875 0.009765625 0.638671875 0.0078125 0.63671875 0.005859375 0.638671875 0.00390625 0.63671875 0.005859375 0.634765625 0.005859375 0.6328125 0.00390625 0.634765625 0.005859375 0.634765625 0.0078125 0.6328125 0.009765625 0.62890625 0.005859375 0.62890625 0.00390625 0.626953125 0.005859375
1 0.111328125 0.25390625 0.11328125 0.255859375 0.11328125 0.2578125 0.115234375 0.2578125 0.1171875 0.259765625 0.119140625 0.259765625 0.1171875 0.2578125 0.119140625 0.255859375 0.1171875 0.25390625
1 0.796875 0.19140625 0.798828125 0.193359375 0.796875 0.1953125 0.798828125 0.197265625 0.798828125 0.201171875 0.8046875 0.201171875 0.8046875 0.197265625 0.806640625 0.1953125 0.80078125 0.1953125 0.798828125 0.193359375 0.80078125 0.19140625 0.798828125 0.193359375
1 0.3828125 0.17578125 0.3828125 0.177734375 0.380859375 0.1796875 0.3828125 0.181640625 0.380859375 0.18359375 0.37890625 0.18359375 0.376953125 0.181640625 0.376953125 0.1796875 0.376953125 0.181640625 0.375 0.18359375 0.376953125 0.181640625 0.37890625 0.18359375 0.3828125 0.18359375 0.384765625 0.185546875 0.388671875 0.185546875 0.390625 0.18359375 0.392578125 0.18359375 0.39453125 0.185546875 0.392578125 0.18359375 0.39453125 0.181640625 0.396484375 0.181640625 0.39453125 0.1796875 0.39453125 0.181640625 0.392578125 0.18359375 0.390625 0.181640625 0.390625 0.17578125 0.388671875 0.177734375 0.38671875 0.17578125
1 0.671875 0.126953125 0.669921875 0.12890625 0.669921875 0.1328125 0.66796875 0.134765625 0.666015625 0.134765625 0.66796875 0.134765625 0.669921875 0.13671875 0.671875 0.134765625 0.669921875 0.1328125 0.671875 0.130859375 0.673828125 0.130859375 0.673828125 0.12890625 0.67578125 0.126953125
1 0.625 0.00390625 0.626953125 0.005859375 0.62890625 0.005859375 0.6328125 0.009765625 0.630859375 0.01171875 0.6328125 0.009765625 0.634765625 0.009765625 0.63671875 0.01171875 0.638671875 0.009765625 0.638671875 0.0078125 0.63671875 0.005859375 0.638671875 0.00390625 0.63671875 0.005859375 0.634765625 0.005859375 0.6328125 0.00390625 0.634765625 0.005859375 0.634765625 0.0078125 0.6328125 0.009765625 0.62890625 0.005859375 0.62890625 0.00390625 0.626953125 0.005859375
