0 0.39453125 0.48046875 0.390625 0.484375 0.392578125 0.486328125 0.396484375 0.486328125 0.3984375 0.48828125 0.396484375 0.486328125 0.396484375 0.482421875 0.3984375 0.48046875 0.400390625 0.48046875 0.3984375 0.48046875 0.396484375 0.482421875
0 0.279296875 0.390625 0.27734375 0.392578125 0.28125 0.396484375 0.279296875 0.3984375 0.275390625 0.3984375 0.2734375 0.396484375 0.27734375 0.400390625 0.27734375 0.40234375 0.275390625 0.404296875 0.2734375 0.40234375 0.271484375 0.404296875 0.2734375 0.40234375 0.275390625 0.404296875 0.27734375 0.40234375 0.279296875 0.40234375 0.28125 0.400390625 0.28125 0.396484375 0.283203125 0.39453125 0.28515625 0.39453125 0.283203125 0.39453125
0 0.9921875 0.23046875 0.9921875 0.232421875 0.994140625 0.234375 0.9921875 0.236328125 0.994140625 0.234375 0.99609375 0.236328125 0.998046875 0.234375 0.998046875 0.23046875
0 0.3046875 0.0859375 0.306640625 0.0859375 0.30859375 0.087890625 0.306640625 0.08984375 0.30859375 0.091796875 0.30859375 0.09375 0.310546875 0.095703125 0.3125 0.095703125 0.314453125 0.09375 0.3125 0.091796875 0.314453125 0.08984375 0.318359375 0.08984375 0.314453125 0.08984375 0.3125 0.087890625 0.310546875 0.08984375 0.306640625 0.0859375
0 0.818359375 0.015625 0.8203125 0.017578125 0.818359375 0.01953125 0.818359375 0.021484375 0.822265625 0.025390625 0.822265625 0.02734375 0.818359375 0.03125 0.81640625 0.029296875 0.81640625 0.02734375 0.814453125 0.02734375 0.8125 0.029296875 0.814453125 0.02734375 0.8203125 0.033203125 0.822265625 0.033203125 0.822265625 0.03125 0.82421875 0.029296875 0.82421875 0.025390625 0.822265625 0.025390625 0.8203125 0.0234375 0.822265625 0.021484375 0.82421875 0.021484375 0.822265625 0.021484375 0.8203125 0.0234375 0.818359375 0.021484375 0.818359375 0.01953125 0.8203125 0.017578125 0.822265625 0.017578125 0.8203125 0.017578125
1 0.39453125 0.48046875 0.390625 0.484375 0.392578125 0.486328125 0.396484375 0.486328125 0.3984375 0.48828125 0.396484375 0.486328125 0.396484375 0.482421875 0.3984375 0.48046875 0.400390625 0.48046875 0.3984375 0.48046875 0.396484375 0.482421875
1 0.279296875 0.390625 0.27734375 0.392578125 0.28125 0.396484375 0.279296875 0.3984375 0.275390625 0.3984375 0.2734375 0.396484375 0.27734375 0.400390625 0.27734375 0.40234375 0.275390625 0.404296875 0.2734375 0.40234375 0.271484375 0.404296875 0.2734375 0.40234375 0.275390625 0.404296875 0.27734375 0.40234375 0.279296875 0.40234375 0.28125 0.400390625 0.28125 0.396484375 0.283203125 0.39453125 0.28515625 0.39453125 0.283203125 0.39453125
1 0.9921875 0.23046875 0.9921875 0.232421875 0.994140625 0.234375 0.9921875 0.236328125 0.994140625 0.234375 0.99609375 0.236328125 0.998046875 0.234375 0.998046875 0.23046875
1 0.3046875 0.0859375 0.306640625 0.0859375 0.30859375 0.087890625 0.306640625 0.08984375 0.30859375 0.091796875 0.30859375 0.09375 0.310546875 0.095703125 0.3125 0.095703125 0.314453125 0.09375 0.3125 0.091796875 0.314453125 0.08984375 0.318359375 0.08984375 0.314453125 0.08984375 0.3125 0.087890625 0.310546875 0.08984375 0.306640625 0.0859375
1 0.818359375 0.015625 0.8203125 0.017578125 0.818359375 0.01953125 0.818359375 0.021484375 0.822265625 0.025390625 0.822265625 0.02734375 0.818359375 0.03125 0.81640625 0.029296875 0.81640625 0.02734375 0.814453125 0.02734375 0.8125 0.029296875 0.814453125 0.02734375 0.8203125 0.033203125 0.822265625 0.033203125 0.822265625 0.03125 0.82421875 0.029296875 0.82421875 0.025390625 0.822265625 0.025390625 0.8203125 0.0234375 0.822265625 0.021484375 0.82421875 0.021484375 0.822265625 0.021484375 0.8203125 0.0234375 0.818359375 0.021484375 0.818359375 0.01953125 0.8203125 0.017578125 0.822265625 0.017578125 0.8203125 0.017578125
