0 0.958984375 0.8046875 0.95703125 0.806640625 0.953125 0.806640625 0.953125 0.80859375 0.955078125 0.810546875 0.95703125 0.810546875 0.962890625 0.8046875 0.96484375 0.806640625 0.962890625 0.8046875 0.9609375 0.806640625
0 0.939453125 0.658203125 0.9375 0.66015625 0.94140625 0.6640625 0.943359375 0.662109375 0.947265625 0.666015625 0.9453125 0.66796875 0.947265625 0.669921875 0.9453125 0.66796875 0.947265625 0.666015625 0.9453125 0.6640625 0.9453125 0.662109375 0.943359375 0.66015625 0.943359375 0.658203125 0.94140625 0.66015625
0 0.962890625 0.640625 0.9609375 0.642578125 0.958984375 0.642578125 0.9609375 0.642578125 0.962890625 0.640625 0.96484375 0.642578125 0.96875 0.642578125 0.970703125 0.64453125 0.96875 0.646484375 0.96484375 0.646484375 0.962890625 0.6484375 0.9609375 0.6484375 0.958984375 0.650390625 0.962890625 0.654296875 0.96484375 0.65234375 0.966796875 0.65234375 0.96875 0.650390625 0.96875 0.646484375 0.970703125 0.64453125 0.97265625 0.64453125 0.970703125 0.64453125 0.96875 0.642578125 0.96484375 0.642578125
0 0.98046875 0.611328125 0.9765625 0.615234375 0.974609375 0.61328125 0.97265625 0.615234375 0.974609375 0.61328125 0.978515625 0.6171875 0.978515625 0.619140625 0.98046875 0.619140625 0.982421875 0.62109375 0.982421875 0.615234375 0.98046875 0.615234375 0.978515625 0.61328125
0 0.41015625 0.533203125 0.408203125 0.53515625 0.408203125 0.537109375 0.40625 0.5390625 0.41015625 0.54296875 0.41796875 0.54296875 0.419921875 0.544921875 0.416015625 0.541015625 0.416015625 0.5390625 0.412109375 0.5390625 0.408203125 0.53515625 0.41015625 0.533203125 0.412109375 0.533203125 0.4140625 0.53515625 0.416015625 0.533203125 0.41796875 0.53515625 0.41796875 0.533203125 0.416015625 0.533203125 0.4140625 0.53515625 0.412109375 0.533203125
0 0.400390625 0.458984375 0.396484375 0.462890625 0.392578125 0.462890625 0.390625 0.46484375 0.392578125 0.466796875 0.396484375 0.466796875 0.400390625 0.462890625 0.40234375 0.462890625 0.404296875 0.46484375 0.40234375 0.466796875 0.404296875 0.46484375 0.40234375 0.462890625 0.404296875 0.4609375 0.40234375 0.462890625 0.400390625 0.462890625 0.3984375 0.4609375
0 0.943359375 0.4375 0.9453125 0.439453125 0.943359375 0.44140625 0.947265625 0.4453125 0.94921875 0.443359375 0.951171875 0.443359375 0.951171875 0.439453125 0.94921875 0.4375 0.947265625 0.4375 0.9453125 0.439453125
0 0.453125 0.34375 0.453125 0.34765625 0.455078125 0.34765625 0.45703125 0.349609375 0.458984375 0.34765625 0.45703125 0.345703125 0.45703125 0.34375
0 0.392578125 0.255859375 0.390625 0.2578125 0.392578125 0.259765625 0.392578125 0.26171875 0.39453125 0.26171875 0.396484375 0.263671875 0.3984375 0.26171875 0.400390625 0.263671875 0.396484375 0.259765625 0.3984375 0.2578125 0.400390625 0.2578125 0.3984375 0.2578125 0.396484375 0.255859375 0.39453125 0.2578125
0 0.708984375 0.205078125 0.708984375 0.20703125 0.7109375 0.208984375 0.708984375 0.2109375 0.7109375 0.212890625 0.708984375 0.21484375 0.7109375 0.21484375 0.712890625 0.212890625 0.71484375 0.212890625 0.716796875 0.2109375 0.71484375 0.208984375 0.71484375 0.20703125 0.71484375 0.208984375 0.712890625 0.2109375 0.708984375 0.20703125
0 0.0390625 0.0078125 0.041015625 0.0078125 0.04296875 0.009765625 0.041015625 0.01171875 0.04296875 0.013671875 0.04296875 0.015625 0.044921875 0.017578125 0.046875 0.017578125 0.048828125 0.015625 0.048828125 0.013671875 0.046875 0.01171875 0.044921875 0.01171875 0.041015625 0.0078125
1 0.958984375 0.8046875 0.95703125 0.806640625 0.953125 0.806640625 0.953125 0.80859375 0.955078125 0.810546875 0.95703125 0.810546875 0.962890625 0.8046875 0.96484375 0.806640625 0.962890625 0.8046875 0.9609375 0.806640625
1 0.939453125 0.658203125 0.9375 0.66015625 0.94140625 0.6640625 0.943359375 0.662109375 0.947265625 0.666015625 0.9453125 0.66796875 0.947265625 0.669921875 0.9453125 0.66796875 0.947265625 0.666015625 0.9453125 0.6640625 0.9453125 0.662109375 0.943359375 0.66015625 0.943359375 0.658203125 0.94140625 0.66015625
1 0.962890625 0.640625 0.9609375 0.642578125 0.958984375 0.642578125 0.9609375 0.642578125 0.962890625 0.640625 0.96484375 0.642578125 0.96875 0.642578125 0.970703125 0.64453125 0.96875 0.646484375 0.96484375 0.646484375 0.962890625 0.6484375 0.9609375 0.6484375 0.958984375 0.650390625 0.962890625 0.654296875 0.96484375 0.65234375 0.966796875 0.65234375 0.96875 0.650390625 0.96875 0.646484375 0.970703125 0.64453125 0.97265625 0.64453125 0.970703125 0.64453125 0.96875 0.642578125 0.96484375 0.642578125
1 0.98046875 0.611328125 0.9765625 0.615234375 0.974609375 0.61328125 0.97265625 0.615234375 0.974609375 0.61328125 0.978515625 0.6171875 0.978515625 0.619140625 0.98046875 0.619140625 0.982421875 0.62109375 0.982421875 0.615234375 0.98046875 0.615234375 0.978515625 0.61328125
1 0.41015625 0.533203125 0.408203125 0.53515625 0.408203125 0.537109375 0.40625 0.5390625 0.41015625 0.54296875 0.41796875 0.54296875 0.419921875 0.544921875 0.416015625 0.541015625 0.416015625 0.5390625 0.412109375 0.5390625 0.408203125 0.53515625 0.41015625 0.533203125 0.412109375 0.533203125 0.4140625 0.53515625 0.416015625 0.533203125 0.41796875 0.53515625 0.41796875 0.533203125 0.416015625 0.533203125 0.4140625 0.53515625 0.412109375 0.533203125
1 0.400390625 0.458984375 0.396484375 0.462890625 0.392578125 0.462890625 0.390625 0.46484375 0.392578125 0.466796875 0.396484375 0.466796875 0.400390625 0.462890625 0.40234375 0.462890625 0.404296875 0.46484375 0.40234375 0.466796875 0.404296875 0.46484375 0.40234375 0.462890625 0.404296875 0.4609375 0.40234375 0.462890625 0.400390625 0.462890625 0.3984375 0.4609375
1 0.943359375 0.4375 0.9453125 0.439453125 0.943359375 0.44140625 0.947265625 0.4453125 0.94921875 0.443359375 0.951171875 0.443359375 0.951171875 0.439453125 0.94921875 0.4375 0.947265625 0.4375 0.9453125 0.439453125
1 0.453125 0.34375 0.453125 0.34765625 0.455078125 0.34765625 0.45703125 0.349609375 0.458984375 0.34765625 0.45703125 0.345703125 0.45703125 0.34375
1 0.392578125 0.255859375 0.390625 0.2578125 0.392578125 0.259765625 0.392578125 0.26171875 0.39453125 0.26171875 0.396484375 0.263671875 0.3984375 0.26171875 0.400390625 0.263671875 0.396484375 0.259765625 0.3984375 0.2578125 0.400390625 0.2578125 0.3984375 0.2578125 0.396484375 0.255859375 0.39453125 0.2578125
1 0.708984375 0.205078125 0.708984375 0.20703125 0.7109375 0.208984375 0.708984375 0.2109375 0.7109375 0.212890625 0.708984375 0.21484375 0.7109375 0.21484375 0.712890625 0.212890625 0.71484375 0.212890625 0.716796875 0.2109375 0.71484375 0.208984375 0.71484375 0.20703125 0.71484375 0.208984375 0.712890625 0.2109375 0.708984375 0.20703125
1 0.0390625 0.0078125 0.041015625 0.0078125 0.04296875 0.009765625 0.041015625 0.01171875 0.04296875 0.013671875 0.04296875 0.015625 0.044921875 0.017578125 0.046875 0.017578125 0.048828125 0.015625 0.048828125 0.013671875 0.046875 0.01171875 0.044921875 0.01171875 0.041015625 0.0078125
