0 0.2421875 0.3828125 0.23828125 0.38671875 0.234375 0.38671875 0.23828125 0.390625 0.23828125 0.392578125 0.240234375 0.392578125 0.2421875 0.390625 0.240234375 0.388671875 0.240234375 0.384765625
0 0.005859375 0.203125 0.0078125 0.205078125 0.005859375 0.20703125 0.005859375 0.208984375 0.009765625 0.212890625 0.009765625 0.21484375 0.0078125 0.216796875 0.0078125 0.220703125 0.009765625 0.21875 0.01171875 0.220703125 0.01171875 0.212890625 0.009765625 0.212890625 0.0078125 0.2109375 0.009765625 0.208984375 0.01171875 0.208984375 0.009765625 0.208984375 0.0078125 0.2109375 0.005859375 0.208984375 0.005859375 0.20703125 0.0078125 0.205078125 0.009765625 0.205078125 0.0078125 0.205078125
0 0.068359375 0.193359375 0.068359375 0.1953125 0.06640625 0.197265625 0.0625 0.197265625 0.064453125 0.197265625 0.06640625 0.19921875 0.068359375 0.19921875 0.0703125 0.201171875 0.072265625 0.19921875 0.0703125 0.197265625 0.0703125 0.1953125
0 0.025390625 0.171875 0.021484375 0.17578125 0.021484375 0.177734375 0.02734375 0.177734375 0.029296875 0.17578125 0.02734375 0.173828125 0.02734375 0.171875
0 0.0234375 0.0859375 0.025390625 0.0859375 0.02734375 0.087890625 0.025390625 0.08984375 0.02734375 0.091796875 0.025390625 0.09375 0.025390625 0.095703125 0.0234375 0.09765625 0.025390625 0.09765625 0.02734375 0.099609375 0.029296875 0.099609375 0.03125 0.1015625 0.03125 0.099609375 0.033203125 0.09765625 0.03515625 0.09765625 0.03515625 0.091796875 0.03125 0.087890625 0.029296875 0.08984375 0.025390625 0.0859375
1 0.2421875 0.3828125 0.23828125 0.38671875 0.234375 0.38671875 0.23828125 0.390625 0.23828125 0.392578125 0.240234375 0.392578125 0.2421875 0.390625 0.240234375 0.388671875 0.240234375 0.384765625
1 0.005859375 0.203125 0.0078125 0.205078125 0.005859375 0.20703125 0.005859375 0.208984375 0.009765625 0.212890625 0.009765625 0.21484375 0.0078125 0.216796875 0.0078125 0.220703125 0.009765625 0.21875 0.01171875 0.220703125 0.01171875 0.212890625 0.009765625 0.212890625 0.0078125 0.2109375 0.009765625 0.208984375 0.01171875 0.208984375 0.009765625 0.208984375 0.0078125 0.2109375 0.005859375 0.208984375 0.005859375 0.20703125 0.0078125 0.205078125 0.009765625 0.205078125 0.0078125 0.205078125
1 0.068359375 0.193359375 0.068359375 0.1953125 0.06640625 0.197265625 0.0625 0.197265625 0.064453125 0.197265625 0.06640625 0.19921875 0.068359375 0.19921875 0.0703125 0.201171875 0.072265625 0.19921875 0.0703125 0.197265625 0.0703125 0.1953125
1 0.025390625 0.171875 0.021484375 0.17578125 0.021484375 0.177734375 0.02734375 0.177734375 0.029296875 0.17578125 0.02734375 0.173828125 0.02734375 0.171875
1 0.0234375 0.0859375 0.025390625 0.0859375 0.02734375 0.087890625 0.025390625 0.08984375 0.02734375 0.091796875 0.025390625 0.09375 0.025390625 0.095703125 0.0234375 0.09765625 0.025390625 0.09765625 0.02734375 0.099609375 0.029296875 0.099609375 0.03125 0.1015625 0.03125 0.099609375 0.033203125 0.09765625 0.03515625 0.09765625 0.03515625 0.091796875 0.03125 0.087890625 0.029296875 0.08984375 0.025390625 0.0859375
