0 0.8203125 0.240234375 0.822265625 0.240234375 0.82421875 0.2421875 0.822265625 0.244140625 0.8203125 0.244140625 0.822265625 0.244140625 0.82421875 0.24609375 0.82421875 0.248046875 0.826171875 0.248046875 0.828125 0.24609375 0.828125 0.2421875 0.826171875 0.244140625 0.82421875 0.2421875 0.82421875 0.240234375
0 0.466796875 0.171875 0.462890625 0.17578125 0.4609375 0.173828125 0.458984375 0.17578125 0.4609375 0.173828125 0.462890625 0.17578125 0.462890625 0.177734375 0.4609375 0.1796875 0.458984375 0.1796875 0.45703125 0.181640625 0.45703125 0.18359375 0.458984375 0.18359375 0.4609375 0.181640625 0.462890625 0.181640625 0.46484375 0.1796875 0.466796875 0.181640625 0.466796875 0.177734375 0.46484375 0.17578125 0.46484375 0.173828125
0 0.5859375 0.142578125 0.583984375 0.14453125 0.58203125 0.14453125 0.580078125 0.146484375 0.578125 0.14453125 0.578125 0.1484375 0.580078125 0.150390625 0.580078125 0.15234375 0.578125 0.154296875 0.58203125 0.150390625 0.583984375 0.15234375 0.5859375 0.150390625 0.583984375 0.15234375 0.58203125 0.150390625 0.58203125 0.1484375 0.583984375 0.146484375 0.5859375 0.146484375 0.587890625 0.14453125 0.587890625 0.142578125
0 0.068359375 0.076171875 0.064453125 0.080078125 0.064453125 0.08203125 0.06640625 0.08203125 0.0703125 0.0859375 0.072265625 0.0859375 0.07421875 0.083984375 0.07421875 0.08203125 0.072265625 0.080078125 0.072265625 0.078125 0.0703125 0.076171875
0 0.548828125 0.001953125 0.546875 0.00390625 0.544921875 0.00390625 0.544921875 0.0078125 0.54296875 0.009765625 0.541015625 0.009765625 0.54296875 0.009765625 0.544921875 0.01171875 0.54296875 0.009765625 0.544921875 0.0078125 0.546875 0.0078125 0.548828125 0.009765625 0.548828125 0.01171875 0.548828125 0.005859375 0.55078125 0.00390625
1 0.8203125 0.240234375 0.822265625 0.240234375 0.82421875 0.2421875 0.822265625 0.244140625 0.8203125 0.244140625 0.822265625 0.244140625 0.82421875 0.24609375 0.82421875 0.248046875 0.826171875 0.248046875 0.828125 0.24609375 0.828125 0.2421875 0.826171875 0.244140625 0.82421875 0.2421875 0.82421875 0.240234375
1 0.466796875 0.171875 0.462890625 0.17578125 0.4609375 0.173828125 0.458984375 0.17578125 0.4609375 0.173828125 0.462890625 0.17578125 0.462890625 0.177734375 0.4609375 0.1796875 0.458984375 0.1796875 0.45703125 0.181640625 0.45703125 0.18359375 0.458984375 0.18359375 0.4609375 0.181640625 0.462890625 0.181640625 0.46484375 0.1796875 0.466796875 0.181640625 0.466796875 0.177734375 0.46484375 0.17578125 0.46484375 0.173828125
1 0.5859375 0.142578125 0.583984375 0.14453125 0.58203125 0.14453125 0.580078125 0.146484375 0.578125 0.14453125 0.578125 0.1484375 0.580078125 0.150390625 0.580078125 0.15234375 0.578125 0.154296875 0.58203125 0.150390625 0.583984375 0.15234375 0.5859375 0.150390625 0.583984375 0.15234375 0.58203125 0.150390625 0.58203125 0.1484375 0.583984375 0.146484375 0.5859375 0.146484375 0.587890625 0.14453125 0.587890625 0.142578125
1 0.068359375 0.076171875 0.064453125 0.080078125 0.064453125 0.08203125 0.06640625 0.08203125 0.0703125 0.0859375 0.072265625 0.0859375 0.07421875 0.083984375 0.07421875 0.08203125 0.072265625 0.080078125 0.072265625 0.078125 0.0703125 0.076171875
1 0.548828125 0.001953125 0.546875 0.00390625 0.544921875 0.00390625 0.544921875 0.0078125 0.54296875 0.009765625 0.541015625 0.009765625 0.54296875 0.009765625 0.544921875 0.01171875 0.54296875 0.009765625 0.544921875 0.0078125 0.546875 0.0078125 0.548828125 0.009765625 0.548828125 0.01171875 0.548828125 0.005859375 0.55078125 0.00390625
