0 0.439453125 0.861328125 0.44140625 0.86328125 0.439453125 0.865234375 0.435546875 0.865234375 0.435546875 0.8671875 0.43359375 0.869140625 0.435546875 0.869140625 0.4375 0.87109375 0.439453125 0.869140625 0.44140625 0.869140625 0.44140625 0.8671875 0.4453125 0.86328125 0.447265625 0.865234375 0.4453125 0.86328125 0.443359375 0.865234375
0 0.36328125 0.810546875 0.361328125 0.8125 0.361328125 0.814453125 0.36328125 0.81640625 0.36328125 0.818359375 0.365234375 0.818359375 0.365234375 0.81640625 0.3671875 0.814453125 0.3671875 0.810546875
0 0.421875 0.75390625 0.421875 0.755859375 0.419921875 0.7578125 0.41796875 0.755859375 0.416015625 0.7578125 0.41796875 0.759765625 0.41796875 0.765625 0.419921875 0.767578125 0.421875 0.765625 0.423828125 0.767578125 0.423828125 0.76953125 0.421875 0.771484375 0.419921875 0.771484375 0.423828125 0.771484375 0.423828125 0.767578125 0.42578125 0.765625 0.423828125 0.763671875 0.42578125 0.76171875 0.42578125 0.759765625 0.421875 0.755859375
0 0.451171875 0.734375 0.44921875 0.736328125 0.451171875 0.73828125 0.451171875 0.740234375 0.44921875 0.7421875 0.447265625 0.7421875 0.44921875 0.7421875 0.451171875 0.744140625 0.447265625 0.748046875 0.4453125 0.74609375 0.44921875 0.75 0.447265625 0.751953125 0.44921875 0.75390625 0.44921875 0.755859375 0.453125 0.755859375 0.455078125 0.7578125 0.451171875 0.76171875 0.44921875 0.76171875 0.447265625 0.759765625 0.4453125 0.759765625 0.443359375 0.7578125 0.4453125 0.759765625 0.443359375 0.76171875 0.4453125 0.763671875 0.443359375 0.76171875 0.4453125 0.759765625 0.447265625 0.759765625 0.44921875 0.76171875 0.451171875 0.76171875 0.458984375 0.75390625 0.462890625 0.75390625 0.462890625 0.75 0.466796875 0.74609375 0.46484375 0.748046875 0.462890625 0.748046875 0.4609375 0.74609375 0.4609375 0.744140625 0.458984375 0.744140625 0.45703125 0.7421875 0.455078125 0.744140625 0.451171875 0.744140625 0.44921875 0.7421875 0.451171875 0.740234375 0.451171875 0.73828125 0.44921875 0.736328125
0 0.099609375 0.625 0.09765625 0.626953125 0.099609375 0.62890625 0.09765625 0.630859375 0.095703125 0.630859375 0.09765625 0.630859375 0.099609375 0.6328125 0.1015625 0.6328125 0.103515625 0.634765625 0.1015625 0.6328125 0.099609375 0.6328125 0.09765625 0.630859375 0.099609375 0.62890625 0.1015625 0.62890625 0.103515625 0.626953125 0.10546875 0.626953125 0.107421875 0.62890625 0.10546875 0.630859375 0.107421875 0.630859375 0.107421875 0.62890625 0.103515625 0.625
0 0.048828125 0.08984375 0.048828125 0.091796875 0.046875 0.09375 0.04296875 0.09375 0.041015625 0.095703125 0.04296875 0.09765625 0.04296875 0.099609375 0.044921875 0.1015625 0.044921875 0.10546875 0.04296875 0.107421875 0.046875 0.103515625 0.048828125 0.103515625 0.05078125 0.1015625 0.052734375 0.1015625 0.052734375 0.099609375 0.056640625 0.095703125 0.0546875 0.09765625 0.048828125 0.091796875
0 0.103515625 0.0625 0.09765625 0.068359375 0.091796875 0.068359375 0.08984375 0.06640625 0.091796875 0.064453125 0.08984375 0.06640625 0.091796875 0.068359375 0.091796875 0.072265625 0.08984375 0.07421875 0.087890625 0.07421875 0.08984375 0.076171875 0.091796875 0.076171875 0.095703125 0.080078125 0.099609375 0.080078125 0.1015625 0.08203125 0.1015625 0.083984375 0.103515625 0.0859375 0.1015625 0.087890625 0.103515625 0.08984375 0.1015625 0.087890625 0.103515625 0.0859375 0.1015625 0.083984375 0.1015625 0.08203125 0.099609375 0.080078125 0.1015625 0.078125 0.1015625 0.07421875 0.103515625 0.072265625 0.1015625 0.072265625 0.099609375 0.0703125 0.099609375 0.06640625 0.103515625 0.0625 0.10546875 0.0625
0 0.232421875 0.0390625 0.234375 0.0390625 0.236328125 0.041015625 0.236328125 0.04296875 0.234375 0.044921875 0.232421875 0.04296875 0.23046875 0.044921875 0.232421875 0.046875 0.23046875 0.048828125 0.2265625 0.048828125 0.23046875 0.048828125 0.234375 0.052734375 0.236328125 0.05078125 0.236328125 0.046875 0.23828125 0.044921875 0.236328125 0.04296875 0.236328125 0.0390625
0 0.083984375 0.037109375 0.083984375 0.046875 0.087890625 0.046875 0.08984375 0.044921875 0.08984375 0.041015625 0.087890625 0.0390625 0.0859375 0.0390625
1 0.439453125 0.861328125 0.44140625 0.86328125 0.439453125 0.865234375 0.435546875 0.865234375 0.435546875 0.8671875 0.43359375 0.869140625 0.435546875 0.869140625 0.4375 0.87109375 0.439453125 0.869140625 0.44140625 0.869140625 0.44140625 0.8671875 0.4453125 0.86328125 0.447265625 0.865234375 0.4453125 0.86328125 0.443359375 0.865234375
1 0.36328125 0.810546875 0.361328125 0.8125 0.361328125 0.814453125 0.36328125 0.81640625 0.36328125 0.818359375 0.365234375 0.818359375 0.365234375 0.81640625 0.3671875 0.814453125 0.3671875 0.810546875
1 0.421875 0.75390625 0.421875 0.755859375 0.419921875 0.7578125 0.41796875 0.755859375 0.416015625 0.7578125 0.41796875 0.759765625 0.41796875 0.765625 0.419921875 0.767578125 0.421875 0.765625 0.423828125 0.767578125 0.423828125 0.76953125 0.421875 0.771484375 0.419921875 0.771484375 0.423828125 0.771484375 0.423828125 0.767578125 0.42578125 0.765625 0.423828125 0.763671875 0.42578125 0.76171875 0.42578125 0.759765625 0.421875 0.755859375
1 0.451171875 0.734375 0.44921875 0.736328125 0.451171875 0.73828125 0.451171875 0.740234375 0.44921875 0.7421875 0.447265625 0.7421875 0.44921875 0.7421875 0.451171875 0.744140625 0.447265625 0.748046875 0.4453125 0.74609375 0.44921875 0.75 0.447265625 0.751953125 0.44921875 0.75390625 0.44921875 0.755859375 0.453125 0.755859375 0.455078125 0.7578125 0.451171875 0.76171875 0.44921875 0.76171875 0.447265625 0.759765625 0.4453125 0.759765625 0.443359375 0.7578125 0.4453125 0.759765625 0.443359375 0.76171875 0.4453125 0.763671875 0.443359375 0.76171875 0.4453125 0.759765625 0.447265625 0.759765625 0.44921875 0.76171875 0.451171875 0.76171875 0.458984375 0.75390625 0.462890625 0.75390625 0.462890625 0.75 0.466796875 0.74609375 0.46484375 0.748046875 0.462890625 0.748046875 0.4609375 0.74609375 0.4609375 0.744140625 0.458984375 0.744140625 0.45703125 0.7421875 0.455078125 0.744140625 0.451171875 0.744140625 0.44921875 0.7421875 0.451171875 0.740234375 0.451171875 0.73828125 0.44921875 0.736328125
1 0.099609375 0.625 0.09765625 0.626953125 0.099609375 0.62890625 0.09765625 0.630859375 0.095703125 0.630859375 0.09765625 0.630859375 0.099609375 0.6328125 0.1015625 0.6328125 0.103515625 0.634765625 0.1015625 0.6328125 0.099609375 0.6328125 0.09765625 0.630859375 0.099609375 0.62890625 0.1015625 0.62890625 0.103515625 0.626953125 0.10546875 0.626953125 0.107421875 0.62890625 0.10546875 0.630859375 0.107421875 0.630859375 0.107421875 0.62890625 0.103515625 0.625
1 0.048828125 0.08984375 0.048828125 0.091796875 0.046875 0.09375 0.04296875 0.09375 0.041015625 0.095703125 0.04296875 0.09765625 0.04296875 0.099609375 0.044921875 0.1015625 0.044921875 0.10546875 0.04296875 0.107421875 0.046875 0.103515625 0.048828125 0.103515625 0.05078125 0.1015625 0.052734375 0.1015625 0.052734375 0.099609375 0.056640625 0.095703125 0.0546875 0.09765625 0.048828125 0.091796875
1 0.103515625 0.0625 0.09765625 0.068359375 0.091796875 0.068359375 0.08984375 0.06640625 0.091796875 0.064453125 0.08984375 0.06640625 0.091796875 0.068359375 0.091796875 0.072265625 0.08984375 0.07421875 0.087890625 0.07421875 0.08984375 0.076171875 0.091796875 0.076171875 0.095703125 0.080078125 0.099609375 0.080078125 0.1015625 0.08203125 0.1015625 0.083984375 0.103515625 0.0859375 0.1015625 0.087890625 0.103515625 0.08984375 0.1015625 0.087890625 0.103515625 0.0859375 0.1015625 0.083984375 0.1015625 0.08203125 0.099609375 0.080078125 0.1015625 0.078125 0.1015625 0.07421875 0.103515625 0.072265625 0.1015625 0.072265625 0.099609375 0.0703125 0.099609375 0.06640625 0.103515625 0.0625 0.10546875 0.0625
1 0.232421875 0.0390625 0.234375 0.0390625 0.236328125 0.041015625 0.236328125 0.04296875 0.234375 0.044921875 0.232421875 0.04296875 0.23046875 0.044921875 0.232421875 0.046875 0.23046875 0.048828125 0.2265625 0.048828125 0.23046875 0.048828125 0.234375 0.052734375 0.236328125 0.05078125 0.236328125 0.046875 0.23828125 0.044921875 0.236328125 0.04296875 0.236328125 0.0390625
1 0.083984375 0.037109375 0.083984375 0.046875 0.087890625 0.046875 0.08984375 0.044921875 0.08984375 0.041015625 0.087890625 0.0390625 0.0859375 0.0390625
