0 0.673828125 0.98828125 0.677734375 0.9921875 0.677734375 0.994140625 0.67578125 0.99609375 0.673828125 0.994140625 0.67578125 0.99609375 0.677734375 0.994140625 0.6796875 0.99609375 0.68359375 0.99609375 0.685546875 0.998046875 0.68359375 0.99609375 0.68359375 0.994140625 0.685546875 0.9921875 0.68359375 0.990234375 0.681640625 0.990234375 0.6796875 0.98828125 0.6796875 0.990234375 0.677734375 0.9921875
0 0.564453125 0.984375 0.56640625 0.986328125 0.564453125 0.98828125 0.5625 0.98828125 0.564453125 0.98828125 0.56640625 0.990234375 0.568359375 0.990234375 0.5703125 0.98828125 0.57421875 0.9921875 0.572265625 0.990234375 0.57421875 0.98828125 0.572265625 0.986328125 0.5703125 0.98828125 0.568359375 0.986328125 0.568359375 0.984375 0.56640625 0.986328125
0 0.009765625 0.62890625 0.005859375 0.6328125 0.005859375 0.634765625 0.00390625 0.63671875 0.005859375 0.634765625 0.0078125 0.63671875 0.009765625 0.634765625 0.01171875 0.634765625 0.01171875 0.630859375
0 0.97265625 0.384765625 0.974609375 0.38671875 0.974609375 0.388671875 0.97265625 0.390625 0.96875 0.38671875 0.96875 0.388671875 0.96484375 0.392578125 0.9609375 0.392578125 0.96484375 0.392578125 0.966796875 0.39453125 0.96875 0.39453125 0.970703125 0.396484375 0.96875 0.3984375 0.96875 0.400390625 0.966796875 0.40234375 0.96875 0.404296875 0.970703125 0.40234375 0.96875 0.400390625 0.96875 0.3984375 0.970703125 0.396484375 0.97265625 0.396484375 0.970703125 0.396484375 0.96875 0.39453125 0.97265625 0.390625 0.974609375 0.392578125 0.97265625 0.390625 0.974609375 0.388671875 0.974609375 0.38671875
0 0.91796875 0.2265625 0.91796875 0.23046875 0.916015625 0.232421875 0.91796875 0.234375 0.916015625 0.236328125 0.91796875 0.23828125 0.916015625 0.240234375 0.9140625 0.240234375 0.916015625 0.240234375 0.919921875 0.236328125 0.921875 0.236328125 0.923828125 0.234375 0.923828125 0.232421875 0.921875 0.23046875 0.919921875 0.232421875 0.91796875 0.23046875 0.91796875 0.228515625 0.919921875 0.2265625 0.921875 0.2265625
0 0.998046875 0.033203125 0.99609375 0.03515625 0.9921875 0.03515625 0.9921875 0.037109375 0.994140625 0.0390625 0.9921875 0.041015625 0.994140625 0.0390625 0.99609375 0.0390625 0.998046875 0.041015625
1 0.673828125 0.98828125 0.677734375 0.9921875 0.677734375 0.994140625 0.67578125 0.99609375 0.673828125 0.994140625 0.67578125 0.99609375 0.677734375 0.994140625 0.6796875 0.99609375 0.68359375 0.99609375 0.685546875 0.998046875 0.68359375 0.99609375 0.68359375 0.994140625 0.685546875 0.9921875 0.68359375 0.990234375 0.681640625 0.990234375 0.6796875 0.98828125 0.6796875 0.990234375 0.677734375 0.9921875
1 0.564453125 0.984375 0.56640625 0.986328125 0.564453125 0.98828125 0.5625 0.98828125 0.564453125 0.98828125 0.56640625 0.990234375 0.568359375 0.990234375 0.5703125 0.98828125 0.57421875 0.9921875 0.572265625 0.990234375 0.57421875 0.98828125 0.572265625 0.986328125 0.5703125 0.98828125 0.568359375 0.986328125 0.568359375 0.984375 0.56640625 0.986328125
1 0.009765625 0.62890625 0.005859375 0.6328125 0.005859375 0.634765625 0.00390625 0.63671875 0.005859375 0.634765625 0.0078125 0.63671875 0.009765625 0.634765625 0.01171875 0.634765625 0.01171875 0.630859375
1 0.97265625 0.384765625 0.974609375 0.38671875 0.974609375 0.388671875 0.97265625 0.390625 0.96875 0.38671875 0.96875 0.388671875 0.96484375 0.392578125 0.9609375 0.392578125 0.96484375 0.392578125 0.966796875 0.39453125 0.96875 0.39453125 0.970703125 0.396484375 0.96875 0.3984375 0.96875 0.400390625 0.966796875 0.40234375 0.96875 0.404296875 0.970703125 0.40234375 0.96875 0.400390625 0.96875 0.3984375 0.970703125 0.396484375 0.97265625 0.396484375 0.970703125 0.396484375 0.96875 0.39453125 0.97265625 0.390625 0.974609375 0.392578125 0.97265625 0.390625 0.974609375 0.388671875 0.974609375 0.38671875
1 0.91796875 0.2265625 0.91796875 0.23046875 0.916015625 0.232421875 0.91796875 0.234375 0.916015625 0.236328125 0.91796875 0.23828125 0.916015625 0.240234375 0.9140625 0.240234375 0.916015625 0.240234375 0.919921875 0.236328125 0.921875 0.236328125 0.923828125 0.234375 0.923828125 0.232421875 0.921875 0.23046875 0.919921875 0.232421875 0.91796875 0.23046875 0.91796875 0.228515625 0.919921875 0.2265625 0.921875 0.2265625
1 0.998046875 0.033203125 0.99609375 0.03515625 0.9921875 0.03515625 0.9921875 0.037109375 0.994140625 0.0390625 0.9921875 0.041015625 0.994140625 0.0390625 0.99609375 0.0390625 0.998046875 0.041015625
