0 0.60546875 0.646484375 0.603515625 0.6484375 0.6015625 0.6484375 0.603515625 0.650390625 0.603515625 0.65234375 0.6015625 0.654296875 0.599609375 0.65234375 0.6015625 0.654296875 0.603515625 0.65234375 0.60546875 0.654296875 0.609375 0.650390625 0.611328125 0.650390625 0.609375 0.650390625 0.607421875 0.6484375 0.609375 0.646484375 0.607421875 0.6484375
0 0.8359375 0.64453125 0.83203125 0.6484375 0.830078125 0.646484375 0.83203125 0.6484375 0.833984375 0.646484375 0.8359375 0.6484375 0.8359375 0.650390625 0.83984375 0.654296875 0.837890625 0.65234375 0.83984375 0.650390625 0.841796875 0.650390625 0.83984375 0.6484375 0.841796875 0.646484375 0.837890625 0.646484375
0 0.904296875 0.61328125 0.904296875 0.6171875 0.90234375 0.619140625 0.900390625 0.619140625 0.90234375 0.619140625 0.904296875 0.62109375 0.90625 0.62109375 0.908203125 0.619140625 0.90625 0.6171875 0.908203125 0.615234375 0.908203125 0.61328125
0 0.4140625 0.5 0.416015625 0.501953125 0.4140625 0.50390625 0.4140625 0.5078125 0.412109375 0.509765625 0.41015625 0.5078125 0.41015625 0.505859375 0.408203125 0.50390625 0.40625 0.505859375 0.408203125 0.50390625 0.41015625 0.505859375 0.41015625 0.5078125 0.408203125 0.509765625 0.40625 0.509765625 0.408203125 0.51171875 0.408203125 0.513671875 0.41015625 0.513671875 0.412109375 0.51171875 0.412109375 0.509765625 0.416015625 0.505859375 0.41796875 0.505859375 0.419921875 0.5078125 0.41796875 0.505859375 0.41796875 0.50390625
0 0.421875 0.490234375 0.423828125 0.4921875 0.423828125 0.498046875 0.42578125 0.49609375 0.427734375 0.498046875 0.427734375 0.494140625 0.423828125 0.490234375
0 0.8515625 0.37109375 0.845703125 0.376953125 0.84375 0.375 0.845703125 0.376953125 0.84765625 0.376953125 0.84765625 0.375 0.849609375 0.373046875 0.853515625 0.376953125 0.853515625 0.37890625 0.849609375 0.3828125 0.849609375 0.384765625 0.8515625 0.38671875 0.849609375 0.388671875 0.8515625 0.38671875 0.853515625 0.38671875 0.8515625 0.38671875 0.849609375 0.384765625 0.849609375 0.3828125 0.8515625 0.380859375 0.853515625 0.3828125 0.85546875 0.3828125 0.853515625 0.3828125 0.8515625 0.380859375 0.853515625 0.37890625 0.85546875 0.37890625 0.85546875 0.375 0.853515625 0.373046875 0.853515625 0.37109375
0 0.490234375 0.318359375 0.4921875 0.318359375 0.494140625 0.3203125 0.490234375 0.32421875 0.490234375 0.328125 0.494140625 0.328125 0.49609375 0.326171875 0.4921875 0.322265625 0.494140625 0.3203125 0.4921875 0.318359375
0 0.548828125 0.298828125 0.548828125 0.30078125 0.546875 0.302734375 0.54296875 0.302734375 0.54296875 0.3046875 0.544921875 0.3046875 0.548828125 0.30859375 0.55078125 0.306640625 0.548828125 0.3046875
0 0.779296875 0.296875 0.78125 0.298828125 0.779296875 0.30078125 0.77734375 0.30078125 0.77734375 0.302734375 0.779296875 0.3046875 0.77734375 0.306640625 0.779296875 0.30859375 0.77734375 0.306640625 0.779296875 0.3046875 0.78125 0.3046875 0.783203125 0.306640625 0.783203125 0.30859375 0.783203125 0.306640625 0.78515625 0.3046875 0.787109375 0.306640625 0.78515625 0.3046875 0.78515625 0.302734375 0.7890625 0.298828125 0.787109375 0.30078125 0.78515625 0.30078125 0.783203125 0.298828125 0.78125 0.298828125
0 0.689453125 0.28125 0.685546875 0.28515625 0.685546875 0.2890625 0.68359375 0.291015625 0.681640625 0.291015625 0.68359375 0.291015625 0.685546875 0.29296875 0.689453125 0.2890625 0.6875 0.287109375 0.689453125 0.28515625 0.6875 0.283203125
0 0.55078125 0.240234375 0.548828125 0.2421875 0.55078125 0.244140625 0.55078125 0.24609375 0.556640625 0.24609375 0.556640625 0.244140625 0.55859375 0.2421875 0.556640625 0.240234375 0.5546875 0.2421875 0.552734375 0.2421875
0 0.79296875 0.1015625 0.791015625 0.103515625 0.7890625 0.103515625 0.791015625 0.10546875 0.791015625 0.107421875 0.79296875 0.107421875 0.794921875 0.10546875 0.794921875 0.1015625
0 0.767578125 0.0 0.765625 0.001953125 0.767578125 0.0 0.76953125 0.001953125 0.76953125 0.00390625 0.771484375 0.005859375 0.76953125 0.0078125 0.771484375 0.009765625 0.76953125 0.01171875 0.771484375 0.009765625 0.76953125 0.0078125 0.7734375 0.00390625 0.775390625 0.00390625 0.77734375 0.005859375 0.77734375 0.00390625 0.779296875 0.001953125 0.77734375 0.0 0.771484375 0.0 0.76953125 0.001953125
1 0.60546875 0.646484375 0.603515625 0.6484375 0.6015625 0.6484375 0.603515625 0.650390625 0.603515625 0.65234375 0.6015625 0.654296875 0.599609375 0.65234375 0.6015625 0.654296875 0.603515625 0.65234375 0.60546875 0.654296875 0.609375 0.650390625 0.611328125 0.650390625 0.609375 0.650390625 0.607421875 0.6484375 0.609375 0.646484375 0.607421875 0.6484375
1 0.8359375 0.64453125 0.83203125 0.6484375 0.830078125 0.646484375 0.83203125 0.6484375 0.833984375 0.646484375 0.8359375 0.6484375 0.8359375 0.650390625 0.83984375 0.654296875 0.837890625 0.65234375 0.83984375 0.650390625 0.841796875 0.650390625 0.83984375 0.6484375 0.841796875 0.646484375 0.837890625 0.646484375
1 0.904296875 0.61328125 0.904296875 0.6171875 0.90234375 0.619140625 0.900390625 0.619140625 0.90234375 0.619140625 0.904296875 0.62109375 0.90625 0.62109375 0.908203125 0.619140625 0.90625 0.6171875 0.908203125 0.615234375 0.908203125 0.61328125
1 0.4140625 0.5 0.416015625 0.501953125 0.4140625 0.50390625 0.4140625 0.5078125 0.412109375 0.509765625 0.41015625 0.5078125 0.41015625 0.505859375 0.408203125 0.50390625 0.40625 0.505859375 0.408203125 0.50390625 0.41015625 0.505859375 0.41015625 0.5078125 0.408203125 0.509765625 0.40625 0.509765625 0.408203125 0.51171875 0.408203125 0.513671875 0.41015625 0.513671875 0.412109375 0.51171875 0.412109375 0.509765625 0.416015625 0.505859375 0.41796875 0.505859375 0.419921875 0.5078125 0.41796875 0.505859375 0.41796875 0.50390625
1 0.421875 0.490234375 0.423828125 0.4921875 0.423828125 0.498046875 0.42578125 0.49609375 0.427734375 0.498046875 0.427734375 0.494140625 0.423828125 0.490234375
1 0.8515625 0.37109375 0.845703125 0.376953125 0.84375 0.375 0.845703125 0.376953125 0.84765625 0.376953125 0.84765625 0.375 0.849609375 0.373046875 0.853515625 0.376953125 0.853515625 0.37890625 0.849609375 0.3828125 0.849609375 0.384765625 0.8515625 0.38671875 0.849609375 0.388671875 0.8515625 0.38671875 0.853515625 0.38671875 0.8515625 0.38671875 0.849609375 0.384765625 0.849609375 0.3828125 0.8515625 0.380859375 0.853515625 0.3828125 0.85546875 0.3828125 0.853515625 0.3828125 0.8515625 0.380859375 0.853515625 0.37890625 0.85546875 0.37890625 0.85546875 0.375 0.853515625 0.373046875 0.853515625 0.37109375
1 0.490234375 0.318359375 0.4921875 0.318359375 0.494140625 0.3203125 0.490234375 0.32421875 0.490234375 0.328125 0.494140625 0.328125 0.49609375 0.326171875 0.4921875 0.322265625 0.494140625 0.3203125 0.4921875 0.318359375
1 0.548828125 0.298828125 0.548828125 0.30078125 0.546875 0.302734375 0.54296875 0.302734375 0.54296875 0.3046875 0.544921875 0.3046875 0.548828125 0.30859375 0.55078125 0.306640625 0.548828125 0.3046875
1 0.779296875 0.296875 0.78125 0.298828125 0.779296875 0.30078125 0.77734375 0.30078125 0.77734375 0.302734375 0.779296875 0.3046875 0.77734375 0.306640625 0.779296875 0.30859375 0.77734375 0.306640625 0.779296875 0.3046875 0.78125 0.3046875 0.783203125 0.306640625 0.783203125 0.30859375 0.783203125 0.306640625 0.78515625 0.3046875 0.787109375 0.306640625 0.78515625 0.3046875 0.78515625 0.302734375 0.7890625 0.298828125 0.787109375 0.30078125 0.78515625 0.30078125 0.783203125 0.298828125 0.78125 0.298828125
1 0.689453125 0.28125 0.685546875 0.28515625 0.685546875 0.2890625 0.68359375 0.291015625 0.681640625 0.291015625 0.68359375 0.291015625 0.685546875 0.29296875 0.689453125 0.2890625 0.6875 0.287109375 0.689453125 0.28515625 0.6875 0.283203125
1 0.55078125 0.240234375 0.548828125 0.2421875 0.55078125 0.244140625 0.55078125 0.24609375 0.556640625 0.24609375 0.556640625 0.244140625 0.55859375 0.2421875 0.556640625 0.240234375 0.5546875 0.2421875 0.552734375 0.2421875
1 0.79296875 0.1015625 0.791015625 0.103515625 0.7890625 0.103515625 0.791015625 0.10546875 0.791015625 0.107421875 0.79296875 0.107421875 0.794921875 0.10546875 0.794921875 0.1015625
1 0.767578125 0.0 0.765625 0.001953125 0.767578125 0.0 0.76953125 0.001953125 0.76953125 0.00390625 0.771484375 0.005859375 0.76953125 0.0078125 0.771484375 0.009765625 0.76953125 0.01171875 0.771484375 0.009765625 0.76953125 0.0078125 0.7734375 0.00390625 0.775390625 0.00390625 0.77734375 0.005859375 0.77734375 0.00390625 0.779296875 0.001953125 0.77734375 0.0 0.771484375 0.0 0.76953125 0.001953125
