0 0.0234375 0.36328125 0.0234375 0.37109375 0.025390625 0.37109375 0.02734375 0.373046875 0.029296875 0.373046875 0.03125 0.37109375 0.033203125 0.37109375 0.03125 0.369140625 0.033203125 0.3671875 0.037109375 0.3671875 0.03125 0.3671875 0.029296875 0.365234375 0.025390625 0.365234375
0 0.96875 0.30859375 0.96875 0.3125 0.970703125 0.314453125 0.970703125 0.31640625 0.96875 0.318359375 0.970703125 0.318359375 0.970703125 0.314453125 0.97265625 0.3125 0.97265625 0.310546875 0.974609375 0.30859375 0.9765625 0.30859375
0 0.693359375 0.283203125 0.6953125 0.28515625 0.6953125 0.287109375 0.693359375 0.2890625 0.6953125 0.291015625 0.69140625 0.294921875 0.6953125 0.291015625 0.697265625 0.29296875 0.69921875 0.29296875 0.69921875 0.28515625 0.6953125 0.28515625
0 0.927734375 0.2578125 0.9296875 0.2578125 0.931640625 0.259765625 0.9296875 0.26171875 0.927734375 0.26171875 0.9296875 0.26171875 0.931640625 0.263671875 0.931640625 0.265625 0.93359375 0.267578125 0.93359375 0.271484375 0.935546875 0.271484375 0.93359375 0.26953125 0.93359375 0.267578125 0.935546875 0.265625 0.935546875 0.259765625 0.93359375 0.2578125 0.931640625 0.259765625 0.9296875 0.2578125
0 0.322265625 0.18359375 0.326171875 0.1875 0.326171875 0.189453125 0.32421875 0.19140625 0.32421875 0.193359375 0.32421875 0.19140625 0.326171875 0.189453125 0.328125 0.189453125 0.330078125 0.1875 0.330078125 0.185546875 0.328125 0.18359375
0 0.31640625 0.181640625 0.314453125 0.18359375 0.310546875 0.18359375 0.30859375 0.185546875 0.30859375 0.1875 0.310546875 0.189453125 0.3125 0.1875 0.31640625 0.19140625 0.31640625 0.193359375 0.31640625 0.19140625 0.318359375 0.189453125 0.31640625 0.19140625 0.314453125 0.189453125 0.314453125 0.1875 0.31640625 0.185546875
0 0.9765625 0.17578125 0.9765625 0.177734375 0.974609375 0.1796875 0.97265625 0.177734375 0.974609375 0.1796875 0.974609375 0.181640625 0.9765625 0.18359375 0.98046875 0.18359375 0.98046875 0.1796875 0.982421875 0.177734375 0.978515625 0.177734375
0 0.3671875 0.080078125 0.3671875 0.08203125 0.36328125 0.0859375 0.361328125 0.083984375 0.361328125 0.08203125 0.361328125 0.083984375 0.359375 0.0859375 0.361328125 0.087890625 0.36328125 0.087890625 0.365234375 0.08984375 0.3671875 0.08984375 0.365234375 0.087890625 0.3671875 0.0859375 0.365234375 0.083984375 0.3671875 0.08203125
0 0.953125 0.037109375 0.953125 0.0390625 0.955078125 0.041015625 0.955078125 0.04296875 0.955078125 0.041015625 0.95703125 0.0390625 0.9609375 0.0390625 0.962890625 0.041015625 0.958984375 0.044921875 0.9609375 0.046875 0.958984375 0.048828125 0.9609375 0.05078125 0.962890625 0.048828125 0.966796875 0.048828125 0.966796875 0.04296875 0.96484375 0.04296875 0.9609375 0.0390625 0.95703125 0.0390625 0.955078125 0.041015625 0.953125 0.0390625
1 0.0234375 0.36328125 0.0234375 0.37109375 0.025390625 0.37109375 0.02734375 0.373046875 0.029296875 0.373046875 0.03125 0.37109375 0.033203125 0.37109375 0.03125 0.369140625 0.033203125 0.3671875 0.037109375 0.3671875 0.03125 0.3671875 0.029296875 0.365234375 0.025390625 0.365234375
1 0.96875 0.30859375 0.96875 0.3125 0.970703125 0.314453125 0.970703125 0.31640625 0.96875 0.318359375 0.970703125 0.318359375 0.970703125 0.314453125 0.97265625 0.3125 0.97265625 0.310546875 0.974609375 0.30859375 0.9765625 0.30859375
1 0.693359375 0.283203125 0.6953125 0.28515625 0.6953125 0.287109375 0.693359375 0.2890625 0.6953125 0.291015625 0.69140625 0.294921875 0.6953125 0.291015625 0.697265625 0.29296875 0.69921875 0.29296875 0.69921875 0.28515625 0.6953125 0.28515625
1 0.927734375 0.2578125 0.9296875 0.2578125 0.931640625 0.259765625 0.9296875 0.26171875 0.927734375 0.26171875 0.9296875 0.26171875 0.931640625 0.263671875 0.931640625 0.265625 0.93359375 0.267578125 0.93359375 0.271484375 0.935546875 0.271484375 0.93359375 0.26953125 0.93359375 0.267578125 0.935546875 0.265625 0.935546875 0.259765625 0.93359375 0.2578125 0.931640625 0.259765625 0.9296875 0.2578125
1 0.322265625 0.18359375 0.326171875 0.1875 0.326171875 0.189453125 0.32421875 0.19140625 0.32421875 0.193359375 0.32421875 0.19140625 0.326171875 0.189453125 0.328125 0.189453125 0.330078125 0.1875 0.330078125 0.185546875 0.328125 0.18359375
1 0.31640625 0.181640625 0.314453125 0.18359375 0.310546875 0.18359375 0.30859375 0.185546875 0.30859375 0.1875 0.310546875 0.189453125 0.3125 0.1875 0.31640625 0.19140625 0.31640625 0.193359375 0.31640625 0.19140625 0.318359375 0.189453125 0.31640625 0.19140625 0.314453125 0.189453125 0.314453125 0.1875 0.31640625 0.185546875
1 0.9765625 0.17578125 0.9765625 0.177734375 0.974609375 0.1796875 0.97265625 0.177734375 0.974609375 0.1796875 0.974609375 0.181640625 0.9765625 0.18359375 0.98046875 0.18359375 0.98046875 0.1796875 0.982421875 0.177734375 0.978515625 0.177734375
1 0.3671875 0.080078125 0.3671875 0.08203125 0.36328125 0.0859375 0.361328125 0.083984375 0.361328125 0.08203125 0.361328125 0.083984375 0.359375 0.0859375 0.361328125 0.087890625 0.36328125 0.087890625 0.365234375 0.08984375 0.3671875 0.08984375 0.365234375 0.087890625 0.3671875 0.0859375 0.365234375 0.083984375 0.3671875 0.08203125
1 0.953125 0.037109375 0.953125 0.0390625 0.955078125 0.041015625 0.955078125 0.04296875 0.955078125 0.041015625 0.95703125 0.0390625 0.9609375 0.0390625 0.962890625 0.041015625 0.958984375 0.044921875 0.9609375 0.046875 0.958984375 0.048828125 0.9609375 0.05078125 0.962890625 0.048828125 0.966796875 0.048828125 0.966796875 0.04296875 0.96484375 0.04296875 0.9609375 0.0390625 0.95703125 0.0390625 0.955078125 0.041015625 0.953125 0.0390625
