0 0.23828125 0.330078125 0.234375 0.333984375 0.236328125 0.33203125 0.240234375 0.3359375 0.240234375 0.337890625 0.2421875 0.33984375 0.2421875 0.337890625 0.244140625 0.3359375 0.24609375 0.3359375 0.244140625 0.333984375 0.2421875 0.333984375
0 0.013671875 0.328125 0.01171875 0.330078125 0.013671875 0.33203125 0.013671875 0.333984375 0.01171875 0.3359375 0.009765625 0.3359375 0.01171875 0.3359375 0.013671875 0.337890625 0.009765625 0.341796875 0.0078125 0.33984375 0.009765625 0.341796875 0.009765625 0.34375 0.0078125 0.345703125 0.009765625 0.34375 0.013671875 0.34765625 0.01171875 0.349609375 0.009765625 0.349609375 0.01171875 0.349609375 0.013671875 0.3515625 0.013671875 0.353515625 0.01171875 0.35546875 0.013671875 0.357421875 0.01171875 0.35546875 0.013671875 0.353515625 0.013671875 0.3515625 0.015625 0.349609375 0.013671875 0.34765625 0.017578125 0.34375 0.017578125 0.341796875 0.013671875 0.337890625 0.015625 0.3359375 0.013671875 0.333984375 0.013671875 0.33203125 0.01171875 0.330078125
0 0.130859375 0.265625 0.130859375 0.267578125 0.1328125 0.26953125 0.130859375 0.271484375 0.12890625 0.271484375 0.126953125 0.26953125 0.126953125 0.267578125 0.126953125 0.26953125 0.12890625 0.271484375 0.126953125 0.2734375 0.12890625 0.275390625 0.126953125 0.27734375 0.130859375 0.2734375 0.130859375 0.271484375 0.1328125 0.26953125 0.134765625 0.26953125 0.134765625 0.267578125 0.1328125 0.265625
0 0.01953125 0.21484375 0.017578125 0.216796875 0.015625 0.216796875 0.015625 0.21875 0.017578125 0.220703125 0.015625 0.22265625 0.017578125 0.220703125 0.01953125 0.22265625 0.01953125 0.220703125 0.021484375 0.21875 0.021484375 0.216796875
0 0.99609375 0.0859375 0.99609375 0.08984375 0.994140625 0.091796875 0.994140625 0.09375 0.9921875 0.095703125 0.990234375 0.095703125 0.998046875 0.095703125 0.998046875 0.091796875 0.99609375 0.08984375 0.99609375 0.087890625 0.998046875 0.0859375
1 0.23828125 0.330078125 0.234375 0.333984375 0.236328125 0.33203125 0.240234375 0.3359375 0.240234375 0.337890625 0.2421875 0.33984375 0.2421875 0.337890625 0.244140625 0.3359375 0.24609375 0.3359375 0.244140625 0.333984375 0.2421875 0.333984375
1 0.013671875 0.328125 0.01171875 0.330078125 0.013671875 0.33203125 0.013671875 0.333984375 0.01171875 0.3359375 0.009765625 0.3359375 0.01171875 0.3359375 0.013671875 0.337890625 0.009765625 0.341796875 0.0078125 0.33984375 0.009765625 0.341796875 0.009765625 0.34375 0.0078125 0.345703125 0.009765625 0.34375 0.013671875 0.34765625 0.01171875 0.349609375 0.009765625 0.349609375 0.01171875 0.349609375 0.013671875 0.3515625 0.013671875 0.353515625 0.01171875 0.35546875 0.013671875 0.357421875 0.01171875 0.35546875 0.013671875 0.353515625 0.013671875 0.3515625 0.015625 0.349609375 0.013671875 0.34765625 0.017578125 0.34375 0.017578125 0.341796875 0.013671875 0.337890625 0.015625 0.3359375 0.013671875 0.333984375 0.013671875 0.33203125 0.01171875 0.330078125
1 0.130859375 0.265625 0.130859375 0.267578125 0.1328125 0.26953125 0.130859375 0.271484375 0.12890625 0.271484375 0.126953125 0.26953125 0.126953125 0.267578125 0.126953125 0.26953125 0.12890625 0.271484375 0.126953125 0.2734375 0.12890625 0.275390625 0.126953125 0.27734375 0.130859375 0.2734375 0.130859375 0.271484375 0.1328125 0.26953125 0.134765625 0.26953125 0.134765625 0.267578125 0.1328125 0.265625
1 0.01953125 0.21484375 0.017578125 0.216796875 0.015625 0.216796875 0.015625 0.21875 0.017578125 0.220703125 0.015625 0.22265625 0.017578125 0.220703125 0.01953125 0.22265625 0.01953125 0.220703125 0.021484375 0.21875 0.021484375 0.216796875
1 0.99609375 0.0859375 0.99609375 0.08984375 0.994140625 0.091796875 0.994140625 0.09375 0.9921875 0.095703125 0.990234375 0.095703125 0.998046875 0.095703125 0.998046875 0.091796875 0.99609375 0.08984375 0.99609375 0.087890625 0.998046875 0.0859375
