0 0.25390625 0.369140625 0.255859375 0.37109375 0.255859375 0.373046875 0.25390625 0.375 0.25 0.37109375 0.248046875 0.37109375 0.24609375 0.373046875 0.24609375 0.375 0.25 0.37890625 0.248046875 0.380859375 0.25 0.3828125 0.25 0.384765625 0.251953125 0.38671875 0.25 0.388671875 0.251953125 0.38671875 0.25 0.384765625 0.25 0.3828125 0.251953125 0.380859375 0.25390625 0.380859375 0.251953125 0.380859375 0.25 0.37890625 0.25390625 0.375 0.255859375 0.376953125 0.25390625 0.375 0.255859375 0.373046875 0.255859375 0.37109375
0 0.67578125 0.296875 0.673828125 0.298828125 0.677734375 0.302734375 0.673828125 0.306640625 0.671875 0.306640625 0.6796875 0.306640625 0.681640625 0.30859375 0.681640625 0.306640625 0.6796875 0.3046875 0.681640625 0.302734375 0.677734375 0.302734375 0.673828125 0.298828125
0 0.25390625 0.22265625 0.251953125 0.224609375 0.25390625 0.2265625 0.25390625 0.234375 0.259765625 0.234375 0.259765625 0.232421875 0.26171875 0.23046875 0.26171875 0.228515625 0.259765625 0.2265625 0.2578125 0.2265625
0 0.453125 0.17578125 0.455078125 0.177734375 0.453125 0.1796875 0.453125 0.181640625 0.455078125 0.181640625 0.45703125 0.18359375 0.458984375 0.18359375 0.458984375 0.181640625 0.45703125 0.1796875 0.45703125 0.177734375 0.455078125 0.177734375
0 0.11328125 0.056640625 0.11328125 0.05859375 0.111328125 0.060546875 0.109375 0.05859375 0.111328125 0.060546875 0.111328125 0.064453125 0.11328125 0.0625 0.115234375 0.064453125 0.115234375 0.0625 0.1171875 0.060546875 0.119140625 0.0625 0.119140625 0.064453125 0.119140625 0.0625
0 0.716796875 0.048828125 0.712890625 0.052734375 0.716796875 0.056640625 0.71484375 0.05859375 0.71484375 0.060546875 0.716796875 0.05859375 0.716796875 0.056640625 0.71875 0.0546875 0.71875 0.052734375 0.720703125 0.05078125 0.71875 0.05078125
0 0.6484375 0.001953125 0.6484375 0.00390625 0.646484375 0.005859375 0.64453125 0.005859375 0.64453125 0.0078125 0.642578125 0.009765625 0.64453125 0.0078125 0.646484375 0.009765625 0.646484375 0.013671875 0.650390625 0.009765625 0.65234375 0.01171875 0.650390625 0.009765625 0.650390625 0.0078125 0.65234375 0.005859375 0.650390625 0.0078125 0.6484375 0.0078125 0.646484375 0.005859375 0.650390625 0.001953125
1 0.25390625 0.369140625 0.255859375 0.37109375 0.255859375 0.373046875 0.25390625 0.375 0.25 0.37109375 0.248046875 0.37109375 0.24609375 0.373046875 0.24609375 0.375 0.25 0.37890625 0.248046875 0.380859375 0.25 0.3828125 0.25 0.384765625 0.251953125 0.38671875 0.25 0.388671875 0.251953125 0.38671875 0.25 0.384765625 0.25 0.3828125 0.251953125 0.380859375 0.25390625 0.380859375 0.251953125 0.380859375 0.25 0.37890625 0.25390625 0.375 0.255859375 0.376953125 0.25390625 0.375 0.255859375 0.373046875 0.255859375 0.37109375
1 0.67578125 0.296875 0.673828125 0.298828125 0.677734375 0.302734375 0.673828125 0.306640625 0.671875 0.306640625 0.6796875 0.306640625 0.681640625 0.30859375 0.681640625 0.306640625 0.6796875 0.3046875 0.681640625 0.302734375 0.677734375 0.302734375 0.673828125 0.298828125
1 0.25390625 0.22265625 0.251953125 0.224609375 0.25390625 0.2265625 0.25390625 0.234375 0.259765625 0.234375 0.259765625 0.232421875 0.26171875 0.23046875 0.26171875 0.228515625 0.259765625 0.2265625 0.2578125 0.2265625
1 0.453125 0.17578125 0.455078125 0.177734375 0.453125 0.1796875 0.453125 0.181640625 0.455078125 0.181640625 0.45703125 0.18359375 0.458984375 0.18359375 0.458984375 0.181640625 0.45703125 0.1796875 0.45703125 0.177734375 0.455078125 0.177734375
1 0.11328125 0.056640625 0.11328125 0.05859375 0.111328125 0.060546875 0.109375 0.05859375 0.111328125 0.060546875 0.111328125 0.064453125 0.11328125 0.0625 0.115234375 0.064453125 0.115234375 0.0625 0.1171875 0.060546875 0.119140625 0.0625 0.119140625 0.064453125 0.119140625 0.0625
1 0.716796875 0.048828125 0.712890625 0.052734375 0.716796875 0.056640625 0.71484375 0.05859375 0.71484375 0.060546875 0.716796875 0.05859375 0.716796875 0.056640625 0.71875 0.0546875 0.71875 0.052734375 0.720703125 0.05078125 0.71875 0.05078125
1 0.6484375 0.001953125 0.6484375 0.00390625 0.646484375 0.005859375 0.64453125 0.005859375 0.64453125 0.0078125 0.642578125 0.009765625 0.64453125 0.0078125 0.646484375 0.009765625 0.646484375 0.013671875 0.650390625 0.009765625 0.65234375 0.01171875 0.650390625 0.009765625 0.650390625 0.0078125 0.65234375 0.005859375 0.650390625 0.0078125 0.6484375 0.0078125 0.646484375 0.005859375 0.650390625 0.001953125
