0 0.943359375 0.78125 0.94140625 0.783203125 0.939453125 0.783203125 0.939453125 0.787109375 0.939453125 0.78515625 0.94140625 0.783203125 0.943359375 0.78515625 0.943359375 0.7890625 0.94140625 0.791015625 0.939453125 0.791015625 0.94140625 0.791015625 0.943359375 0.79296875 0.94140625 0.791015625 0.947265625 0.78515625 0.947265625 0.783203125 0.94921875 0.78125 0.951171875 0.783203125 0.94921875 0.78125 0.947265625 0.783203125 0.9453125 0.78125
0 0.224609375 0.70703125 0.22265625 0.708984375 0.22265625 0.7109375 0.220703125 0.712890625 0.21875 0.7109375 0.220703125 0.712890625 0.2265625 0.712890625 0.2265625 0.708984375
0 0.783203125 0.677734375 0.78125 0.6796875 0.783203125 0.681640625 0.783203125 0.68359375 0.78515625 0.68359375 0.787109375 0.685546875 0.7890625 0.68359375 0.791015625 0.685546875 0.787109375 0.681640625 0.7890625 0.6796875 0.791015625 0.6796875 0.7890625 0.6796875 0.787109375 0.677734375 0.78515625 0.6796875
0 0.80859375 0.658203125 0.8046875 0.662109375 0.802734375 0.66015625 0.80078125 0.662109375 0.802734375 0.66015625 0.806640625 0.6640625 0.806640625 0.666015625 0.80859375 0.666015625 0.810546875 0.66796875 0.810546875 0.662109375 0.80859375 0.662109375 0.806640625 0.66015625
0 0.970703125 0.609375 0.970703125 0.615234375 0.97265625 0.6171875 0.974609375 0.615234375 0.9765625 0.6171875 0.9765625 0.615234375 0.974609375 0.61328125 0.974609375 0.611328125 0.9765625 0.609375 0.978515625 0.611328125 0.98046875 0.611328125 0.982421875 0.61328125 0.98046875 0.615234375 0.982421875 0.61328125 0.98046875 0.611328125 0.982421875 0.609375 0.98046875 0.611328125 0.978515625 0.611328125 0.9765625 0.609375 0.974609375 0.611328125 0.97265625 0.611328125
0 0.6640625 0.53515625 0.6640625 0.5390625 0.662109375 0.541015625 0.66015625 0.5390625 0.66015625 0.537109375 0.66015625 0.5390625 0.658203125 0.541015625 0.65625 0.5390625 0.658203125 0.541015625 0.65625 0.54296875 0.658203125 0.54296875 0.658203125 0.541015625 0.66015625 0.5390625 0.6640625 0.54296875 0.662109375 0.544921875 0.669921875 0.537109375 0.66796875 0.5390625
0 0.609375 0.28125 0.609375 0.28515625 0.611328125 0.287109375 0.61328125 0.28515625 0.615234375 0.287109375 0.6171875 0.287109375 0.615234375 0.287109375 0.61328125 0.28515625 0.615234375 0.283203125 0.6171875 0.283203125 0.615234375 0.283203125 0.61328125 0.28125
0 0.142578125 0.265625 0.140625 0.267578125 0.140625 0.26953125 0.14453125 0.2734375 0.146484375 0.271484375 0.146484375 0.265625
0 0.55078125 0.224609375 0.55078125 0.232421875 0.552734375 0.232421875 0.5546875 0.23046875 0.556640625 0.23046875 0.55859375 0.232421875 0.5546875 0.228515625 0.5546875 0.2265625 0.552734375 0.2265625
0 0.400390625 0.189453125 0.3984375 0.19140625 0.39453125 0.19140625 0.39453125 0.193359375 0.392578125 0.1953125 0.39453125 0.193359375 0.396484375 0.1953125 0.3984375 0.1953125 0.400390625 0.193359375 0.40234375 0.193359375 0.408203125 0.19921875 0.408203125 0.201171875 0.412109375 0.197265625 0.416015625 0.201171875 0.4140625 0.19921875 0.416015625 0.197265625 0.4140625 0.19921875 0.41015625 0.1953125 0.412109375 0.193359375 0.412109375 0.19140625 0.412109375 0.193359375 0.41015625 0.1953125 0.408203125 0.1953125 0.40625 0.197265625 0.40234375 0.193359375 0.404296875 0.19140625 0.40625 0.19140625 0.404296875 0.19140625 0.40234375 0.193359375 0.400390625 0.193359375 0.3984375 0.19140625
0 0.208984375 0.142578125 0.20703125 0.14453125 0.205078125 0.14453125 0.205078125 0.150390625 0.20703125 0.150390625 0.208984375 0.15234375 0.2109375 0.150390625 0.208984375 0.1484375 0.208984375 0.146484375 0.2109375 0.14453125
0 0.5703125 0.125 0.568359375 0.126953125 0.5625 0.126953125 0.5625 0.12890625 0.564453125 0.130859375 0.564453125 0.1328125 0.56640625 0.1328125 0.56640625 0.130859375 0.568359375 0.12890625 0.5703125 0.12890625 0.572265625 0.126953125
0 0.373046875 0.111328125 0.37109375 0.11328125 0.369140625 0.11328125 0.369140625 0.115234375 0.365234375 0.119140625 0.36328125 0.1171875 0.365234375 0.119140625 0.3671875 0.1171875 0.37109375 0.12109375 0.369140625 0.119140625 0.37109375 0.1171875 0.373046875 0.1171875
0 0.869140625 0.099609375 0.8671875 0.1015625 0.865234375 0.1015625 0.86328125 0.103515625 0.861328125 0.103515625 0.859375 0.1015625 0.861328125 0.103515625 0.859375 0.10546875 0.861328125 0.107421875 0.86328125 0.10546875 0.869140625 0.10546875 0.87109375 0.107421875 0.873046875 0.10546875 0.869140625 0.1015625
1 0.943359375 0.78125 0.94140625 0.783203125 0.939453125 0.783203125 0.939453125 0.787109375 0.939453125 0.78515625 0.94140625 0.783203125 0.943359375 0.78515625 0.943359375 0.7890625 0.94140625 0.791015625 0.939453125 0.791015625 0.94140625 0.791015625 0.943359375 0.79296875 0.94140625 0.791015625 0.947265625 0.78515625 0.947265625 0.783203125 0.94921875 0.78125 0.951171875 0.783203125 0.94921875 0.78125 0.947265625 0.783203125 0.9453125 0.78125
1 0.224609375 0.70703125 0.22265625 0.708984375 0.22265625 0.7109375 0.220703125 0.712890625 0.21875 0.7109375 0.220703125 0.712890625 0.2265625 0.712890625 0.2265625 0.708984375
1 0.783203125 0.677734375 0.78125 0.6796875 0.783203125 0.681640625 0.783203125 0.68359375 0.78515625 0.68359375 0.787109375 0.685546875 0.7890625 0.68359375 0.791015625 0.685546875 0.787109375 0.681640625 0.7890625 0.6796875 0.791015625 0.6796875 0.7890625 0.6796875 0.787109375 0.677734375 0.78515625 0.6796875
1 0.80859375 0.658203125 0.8046875 0.662109375 0.802734375 0.66015625 0.80078125 0.662109375 0.802734375 0.66015625 0.806640625 0.6640625 0.806640625 0.666015625 0.80859375 0.666015625 0.810546875 0.66796875 0.810546875 0.662109375 0.80859375 0.662109375 0.806640625 0.66015625
1 0.970703125 0.609375 0.970703125 0.615234375 0.97265625 0.6171875 0.974609375 0.615234375 0.9765625 0.6171875 0.9765625 0.615234375 0.974609375 0.61328125 0.974609375 0.611328125 0.9765625 0.609375 0.978515625 0.611328125 0.98046875 0.611328125 0.982421875 0.61328125 0.98046875 0.615234375 0.982421875 0.61328125 0.98046875 0.611328125 0.982421875 0.609375 0.98046875 0.611328125 0.978515625 0.611328125 0.9765625 0.609375 0.974609375 0.611328125 0.97265625 0.611328125
1 0.6640625 0.53515625 0.6640625 0.5390625 0.662109375 0.541015625 0.66015625 0.5390625 0.66015625 0.537109375 0.66015625 0.5390625 0.658203125 0.541015625 0.65625 0.5390625 0.658203125 0.541015625 0.65625 0.54296875 0.658203125 0.54296875 0.658203125 0.541015625 0.66015625 0.5390625 0.6640625 0.54296875 0.662109375 0.544921875 0.669921875 0.537109375 0.66796875 0.5390625
1 0.609375 0.28125 0.609375 0.28515625 0.611328125 0.287109375 0.61328125 0.28515625 0.615234375 0.287109375 0.6171875 0.287109375 0.615234375 0.287109375 0.61328125 0.28515625 0.615234375 0.283203125 0.6171875 0.283203125 0.615234375 0.283203125 0.61328125 0.28125
1 0.142578125 0.265625 0.140625 0.267578125 0.140625 0.26953125 0.14453125 0.2734375 0.146484375 0.271484375 0.146484375 0.265625
1 0.55078125 0.224609375 0.55078125 0.232421875 0.552734375 0.232421875 0.5546875 0.23046875 0.556640625 0.23046875 0.55859375 0.232421875 0.5546875 0.228515625 0.5546875 0.2265625 0.552734375 0.2265625
1 0.400390625 0.189453125 0.3984375 0.19140625 0.39453125 0.19140625 0.39453125 0.193359375 0.392578125 0.1953125 0.39453125 0.193359375 0.396484375 0.1953125 0.3984375 0.1953125 0.400390625 0.193359375 0.40234375 0.193359375 0.408203125 0.19921875 0.408203125 0.201171875 0.412109375 0.197265625 0.416015625 0.201171875 0.4140625 0.19921875 0.416015625 0.197265625 0.4140625 0.19921875 0.41015625 0.1953125 0.412109375 0.193359375 0.412109375 0.19140625 0.412109375 0.193359375 0.41015625 0.1953125 0.408203125 0.1953125 0.40625 0.197265625 0.40234375 0.193359375 0.404296875 0.19140625 0.40625 0.19140625 0.404296875 0.19140625 0.40234375 0.193359375 0.400390625 0.193359375 0.3984375 0.19140625
1 0.208984375 0.142578125 0.20703125 0.14453125 0.205078125 0.14453125 0.205078125 0.150390625 0.20703125 0.150390625 0.208984375 0.15234375 0.2109375 0.150390625 0.208984375 0.1484375 0.208984375 0.146484375 0.2109375 0.14453125
1 0.5703125 0.125 0.568359375 0.126953125 0.5625 0.126953125 0.5625 0.12890625 0.564453125 0.130859375 0.564453125 0.1328125 0.56640625 0.1328125 0.56640625 0.130859375 0.568359375 0.12890625 0.5703125 0.12890625 0.572265625 0.126953125
1 0.373046875 0.111328125 0.37109375 0.11328125 0.369140625 0.11328125 0.369140625 0.115234375 0.365234375 0.119140625 0.36328125 0.1171875 0.365234375 0.119140625 0.3671875 0.1171875 0.37109375 0.12109375 0.369140625 0.119140625 0.37109375 0.1171875 0.373046875 0.1171875
1 0.869140625 0.099609375 0.8671875 0.1015625 0.865234375 0.1015625 0.86328125 0.103515625 0.861328125 0.103515625 0.859375 0.1015625 0.861328125 0.103515625 0.859375 0.10546875 0.861328125 0.107421875 0.86328125 0.10546875 0.869140625 0.10546875 0.87109375 0.107421875 0.873046875 0.10546875 0.869140625 0.1015625
