0 0.822265625 0.3125 0.818359375 0.31640625 0.8203125 0.318359375 0.818359375 0.3203125 0.81640625 0.3203125 0.818359375 0.3203125 0.8203125 0.322265625 0.818359375 0.32421875 0.81640625 0.32421875 0.81640625 0.326171875 0.8203125 0.322265625 0.82421875 0.326171875 0.822265625 0.32421875 0.82421875 0.322265625 0.826171875 0.322265625 0.82421875 0.3203125 0.826171875 0.318359375 0.82421875 0.31640625 0.82421875 0.314453125 0.826171875 0.3125 0.82421875 0.314453125
0 0.490234375 0.302734375 0.4921875 0.302734375 0.494140625 0.3046875 0.4921875 0.306640625 0.494140625 0.30859375 0.490234375 0.3125 0.4921875 0.314453125 0.490234375 0.31640625 0.4921875 0.318359375 0.4921875 0.322265625 0.48828125 0.326171875 0.4921875 0.322265625 0.49609375 0.322265625 0.498046875 0.3203125 0.49609375 0.318359375 0.498046875 0.31640625 0.49609375 0.318359375 0.4921875 0.318359375 0.490234375 0.31640625 0.4921875 0.314453125 0.494140625 0.314453125 0.4921875 0.314453125 0.490234375 0.3125 0.494140625 0.30859375 0.49609375 0.30859375 0.49609375 0.3046875 0.494140625 0.3046875 0.4921875 0.302734375
0 0.96875 0.220703125 0.966796875 0.22265625 0.966796875 0.224609375 0.962890625 0.228515625 0.96484375 0.228515625 0.966796875 0.23046875 0.96875 0.228515625 0.96875 0.224609375 0.970703125 0.22265625 0.97265625 0.22265625 0.970703125 0.22265625
0 0.5 0.05078125 0.501953125 0.052734375 0.5 0.0546875 0.501953125 0.056640625 0.505859375 0.056640625 0.5078125 0.05859375 0.509765625 0.056640625 0.5078125 0.0546875 0.5078125 0.052734375 0.505859375 0.05078125 0.50390625 0.05078125 0.501953125 0.052734375
0 0.740234375 0.0 0.73828125 0.001953125 0.736328125 0.001953125 0.736328125 0.00390625 0.734375 0.005859375 0.736328125 0.0078125 0.73828125 0.005859375 0.740234375 0.0078125 0.7421875 0.005859375 0.744140625 0.005859375 0.7421875 0.005859375 0.740234375 0.00390625 0.744140625 0.0 0.7421875 0.001953125
1 0.822265625 0.3125 0.818359375 0.31640625 0.8203125 0.318359375 0.818359375 0.3203125 0.81640625 0.3203125 0.818359375 0.3203125 0.8203125 0.322265625 0.818359375 0.32421875 0.81640625 0.32421875 0.81640625 0.326171875 0.8203125 0.322265625 0.82421875 0.326171875 0.822265625 0.32421875 0.82421875 0.322265625 0.826171875 0.322265625 0.82421875 0.3203125 0.826171875 0.318359375 0.82421875 0.31640625 0.82421875 0.314453125 0.826171875 0.3125 0.82421875 0.314453125
1 0.490234375 0.302734375 0.4921875 0.302734375 0.494140625 0.3046875 0.4921875 0.306640625 0.494140625 0.30859375 0.490234375 0.3125 0.4921875 0.314453125 0.490234375 0.31640625 0.4921875 0.318359375 0.4921875 0.322265625 0.48828125 0.326171875 0.4921875 0.322265625 0.49609375 0.322265625 0.498046875 0.3203125 0.49609375 0.318359375 0.498046875 0.31640625 0.49609375 0.318359375 0.4921875 0.318359375 0.490234375 0.31640625 0.4921875 0.314453125 0.494140625 0.314453125 0.4921875 0.314453125 0.490234375 0.3125 0.494140625 0.30859375 0.49609375 0.30859375 0.49609375 0.3046875 0.494140625 0.3046875 0.4921875 0.302734375
1 0.96875 0.220703125 0.966796875 0.22265625 0.966796875 0.224609375 0.962890625 0.228515625 0.96484375 0.228515625 0.966796875 0.23046875 0.96875 0.228515625 0.96875 0.224609375 0.970703125 0.22265625 0.97265625 0.22265625 0.970703125 0.22265625
1 0.5 0.05078125 0.501953125 0.052734375 0.5 0.0546875 0.501953125 0.056640625 0.505859375 0.056640625 0.5078125 0.05859375 0.509765625 0.056640625 0.5078125 0.0546875 0.5078125 0.052734375 0.505859375 0.05078125 0.50390625 0.05078125 0.501953125 0.052734375
1 0.740234375 0.0 0.73828125 0.001953125 0.736328125 0.001953125 0.736328125 0.00390625 0.734375 0.005859375 0.736328125 0.0078125 0.73828125 0.005859375 0.740234375 0.0078125 0.7421875 0.005859375 0.744140625 0.005859375 0.7421875 0.005859375 0.740234375 0.00390625 0.744140625 0.0 0.7421875 0.001953125
