0 0.87890625 0.392578125 0.875 0.396484375 0.87109375 0.396484375 0.87109375 0.3984375 0.873046875 0.3984375 0.875 0.400390625 0.87890625 0.400390625 0.87890625 0.3984375 0.876953125 0.396484375 0.876953125 0.39453125 0.87890625 0.392578125 0.880859375 0.39453125 0.8828125 0.39453125 0.880859375 0.39453125
0 0.83203125 0.330078125 0.8359375 0.333984375 0.833984375 0.3359375 0.83203125 0.3359375 0.830078125 0.333984375 0.83203125 0.3359375 0.83203125 0.337890625 0.830078125 0.33984375 0.83203125 0.337890625 0.8359375 0.341796875 0.8359375 0.337890625 0.837890625 0.3359375 0.83984375 0.337890625 0.837890625 0.3359375 0.837890625 0.333984375 0.8359375 0.333984375 0.833984375 0.33203125 0.833984375 0.330078125
0 0.126953125 0.24609375 0.126953125 0.248046875 0.125 0.25 0.125 0.251953125 0.130859375 0.251953125 0.130859375 0.24609375 0.12890625 0.248046875
0 0.279296875 0.205078125 0.27734375 0.20703125 0.275390625 0.20703125 0.27734375 0.20703125 0.279296875 0.208984375 0.279296875 0.212890625 0.28125 0.21484375 0.283203125 0.212890625 0.287109375 0.212890625 0.2890625 0.21484375 0.291015625 0.21484375 0.29296875 0.216796875 0.294921875 0.21484375 0.29296875 0.216796875 0.291015625 0.21484375 0.2890625 0.21484375 0.28515625 0.2109375 0.28515625 0.208984375 0.287109375 0.20703125 0.2890625 0.208984375 0.28515625 0.205078125 0.28125 0.208984375 0.279296875 0.208984375 0.27734375 0.20703125
0 0.365234375 0.203125 0.3671875 0.205078125 0.369140625 0.203125 0.37109375 0.205078125 0.37109375 0.20703125 0.3671875 0.2109375 0.369140625 0.208984375 0.373046875 0.208984375 0.375 0.2109375 0.37109375 0.21484375 0.373046875 0.216796875 0.376953125 0.212890625 0.37890625 0.212890625 0.376953125 0.212890625 0.375 0.2109375 0.375 0.20703125 0.373046875 0.205078125 0.37109375 0.205078125 0.369140625 0.203125 0.3671875 0.205078125
0 0.759765625 0.171875 0.7578125 0.173828125 0.755859375 0.173828125 0.7578125 0.17578125 0.755859375 0.177734375 0.75390625 0.177734375 0.75390625 0.1796875 0.751953125 0.181640625 0.75390625 0.18359375 0.7578125 0.1796875 0.76171875 0.1796875 0.763671875 0.181640625 0.76171875 0.18359375 0.763671875 0.181640625 0.76171875 0.1796875 0.759765625 0.1796875 0.7578125 0.177734375 0.759765625 0.17578125 0.7578125 0.173828125
0 0.845703125 0.125 0.841796875 0.12890625 0.841796875 0.1328125 0.83984375 0.134765625 0.837890625 0.134765625 0.83984375 0.134765625 0.841796875 0.13671875 0.84375 0.13671875 0.845703125 0.138671875 0.84765625 0.13671875 0.849609375 0.138671875 0.84765625 0.13671875 0.845703125 0.138671875 0.84375 0.13671875 0.841796875 0.13671875 0.83984375 0.134765625 0.84375 0.130859375 0.84765625 0.130859375 0.849609375 0.12890625 0.8515625 0.12890625 0.84765625 0.12890625 0.845703125 0.126953125
0 0.693359375 0.064453125 0.6953125 0.06640625 0.693359375 0.068359375 0.693359375 0.0703125 0.69140625 0.072265625 0.689453125 0.0703125 0.6875 0.072265625 0.6875 0.07421875 0.69140625 0.07421875 0.693359375 0.076171875 0.697265625 0.072265625 0.693359375 0.068359375 0.697265625 0.064453125 0.6953125 0.06640625
0 0.982421875 0.056640625 0.98046875 0.05859375 0.97265625 0.05859375 0.974609375 0.060546875 0.974609375 0.0625 0.9765625 0.064453125 0.978515625 0.064453125 0.978515625 0.060546875
0 0.859375 0.02734375 0.859375 0.029296875 0.857421875 0.03125 0.857421875 0.033203125 0.85546875 0.03515625 0.853515625 0.033203125 0.857421875 0.037109375 0.853515625 0.041015625 0.853515625 0.044921875 0.857421875 0.041015625 0.859375 0.04296875 0.857421875 0.041015625 0.857421875 0.037109375 0.859375 0.03515625 0.861328125 0.037109375 0.861328125 0.0390625 0.865234375 0.0390625 0.86328125 0.0390625 0.861328125 0.037109375 0.86328125 0.03515625 0.865234375 0.03515625 0.86328125 0.03515625 0.861328125 0.033203125 0.861328125 0.029296875
0 0.181640625 0.017578125 0.177734375 0.021484375 0.17578125 0.021484375 0.173828125 0.0234375 0.17578125 0.0234375 0.177734375 0.025390625 0.177734375 0.02734375 0.1796875 0.025390625 0.1796875 0.0234375 0.18359375 0.01953125 0.185546875 0.021484375
1 0.87890625 0.392578125 0.875 0.396484375 0.87109375 0.396484375 0.87109375 0.3984375 0.873046875 0.3984375 0.875 0.400390625 0.87890625 0.400390625 0.87890625 0.3984375 0.876953125 0.396484375 0.876953125 0.39453125 0.87890625 0.392578125 0.880859375 0.39453125 0.8828125 0.39453125 0.880859375 0.39453125
1 0.83203125 0.330078125 0.8359375 0.333984375 0.833984375 0.3359375 0.83203125 0.3359375 0.830078125 0.333984375 0.83203125 0.3359375 0.83203125 0.337890625 0.830078125 0.33984375 0.83203125 0.337890625 0.8359375 0.341796875 0.8359375 0.337890625 0.837890625 0.3359375 0.83984375 0.337890625 0.837890625 0.3359375 0.837890625 0.333984375 0.8359375 0.333984375 0.833984375 0.33203125 0.833984375 0.330078125
1 0.126953125 0.24609375 0.126953125 0.248046875 0.125 0.25 0.125 0.251953125 0.130859375 0.251953125 0.130859375 0.24609375 0.12890625 0.248046875
1 0.279296875 0.205078125 0.27734375 0.20703125 0.275390625 0.20703125 0.27734375 0.20703125 0.279296875 0.208984375 0.279296875 0.212890625 0.28125 0.21484375 0.283203125 0.212890625 0.287109375 0.212890625 0.2890625 0.21484375 0.291015625 0.21484375 0.29296875 0.216796875 0.294921875 0.21484375 0.29296875 0.216796875 0.291015625 0.21484375 0.2890625 0.21484375 0.28515625 0.2109375 0.28515625 0.208984375 0.287109375 0.20703125 0.2890625 0.208984375 0.28515625 0.205078125 0.28125 0.208984375 0.279296875 0.208984375 0.27734375 0.20703125
1 0.365234375 0.203125 0.3671875 0.205078125 0.369140625 0.203125 0.37109375 0.205078125 0.37109375 0.20703125 0.3671875 0.2109375 0.369140625 0.208984375 0.373046875 0.208984375 0.375 0.2109375 0.37109375 0.21484375 0.373046875 0.216796875 0.376953125 0.212890625 0.37890625 0.212890625 0.376953125 0.212890625 0.375 0.2109375 0.375 0.20703125 0.373046875 0.205078125 0.37109375 0.205078125 0.369140625 0.203125 0.3671875 0.205078125
1 0.759765625 0.171875 0.7578125 0.173828125 0.755859375 0.173828125 0.7578125 0.17578125 0.755859375 0.177734375 0.75390625 0.177734375 0.75390625 0.1796875 0.751953125 0.181640625 0.75390625 0.18359375 0.7578125 0.1796875 0.76171875 0.1796875 0.763671875 0.181640625 0.76171875 0.18359375 0.763671875 0.181640625 0.76171875 0.1796875 0.759765625 0.1796875 0.7578125 0.177734375 0.759765625 0.17578125 0.7578125 0.173828125
1 0.845703125 0.125 0.841796875 0.12890625 0.841796875 0.1328125 0.83984375 0.134765625 0.837890625 0.134765625 0.83984375 0.134765625 0.841796875 0.13671875 0.84375 0.13671875 0.845703125 0.138671875 0.84765625 0.13671875 0.849609375 0.138671875 0.84765625 0.13671875 0.845703125 0.138671875 0.84375 0.13671875 0.841796875 0.13671875 0.83984375 0.134765625 0.84375 0.130859375 0.84765625 0.130859375 0.849609375 0.12890625 0.8515625 0.12890625 0.84765625 0.12890625 0.845703125 0.126953125
1 0.693359375 0.064453125 0.6953125 0.06640625 0.693359375 0.068359375 0.693359375 0.0703125 0.69140625 0.072265625 0.689453125 0.0703125 0.6875 0.072265625 0.6875 0.07421875 0.69140625 0.07421875 0.693359375 0.076171875 0.697265625 0.072265625 0.693359375 0.068359375 0.697265625 0.064453125 0.6953125 0.06640625
1 0.982421875 0.056640625 0.98046875 0.05859375 0.97265625 0.05859375 0.974609375 0.060546875 0.974609375 0.0625 0.9765625 0.064453125 0.978515625 0.064453125 0.978515625 0.060546875
1 0.859375 0.02734375 0.859375 0.029296875 0.857421875 0.03125 0.857421875 0.033203125 0.85546875 0.03515625 0.853515625 0.033203125 0.857421875 0.037109375 0.853515625 0.041015625 0.853515625 0.044921875 0.857421875 0.041015625 0.859375 0.04296875 0.857421875 0.041015625 0.857421875 0.037109375 0.859375 0.03515625 0.861328125 0.037109375 0.861328125 0.0390625 0.865234375 0.0390625 0.86328125 0.0390625 0.861328125 0.037109375 0.86328125 0.03515625 0.865234375 0.03515625 0.86328125 0.03515625 0.861328125 0.033203125 0.861328125 0.029296875
1 0.181640625 0.017578125 0.177734375 0.021484375 0.17578125 0.021484375 0.173828125 0.0234375 0.17578125 0.0234375 0.177734375 0.025390625 0.177734375 0.02734375 0.1796875 0.025390625 0.1796875 0.0234375 0.18359375 0.01953125 0.185546875 0.021484375
