0 0.6953125 0.345703125 0.693359375 0.34765625 0.693359375 0.349609375 0.689453125 0.353515625 0.6875 0.3515625 0.69140625 0.35546875 0.6953125 0.3515625 0.697265625 0.3515625 0.69921875 0.349609375 0.697265625 0.349609375 0.6953125 0.34765625
0 0.259765625 0.21875 0.251953125 0.2265625 0.255859375 0.23046875 0.2578125 0.228515625 0.259765625 0.23046875 0.259765625 0.232421875 0.259765625 0.23046875 0.26171875 0.228515625 0.26171875 0.22265625 0.259765625 0.220703125
0 0.177734375 0.193359375 0.171875 0.19921875 0.171875 0.201171875 0.173828125 0.203125 0.171875 0.205078125 0.173828125 0.203125 0.17578125 0.205078125 0.17578125 0.20703125 0.181640625 0.201171875 0.1796875 0.19921875 0.181640625 0.197265625
0 0.23828125 0.173828125 0.240234375 0.173828125 0.2421875 0.17578125 0.23828125 0.1796875 0.236328125 0.177734375 0.236328125 0.1796875 0.23828125 0.1796875 0.240234375 0.181640625 0.240234375 0.18359375 0.2421875 0.181640625 0.244140625 0.181640625 0.24609375 0.18359375 0.244140625 0.185546875 0.24609375 0.18359375 0.248046875 0.185546875 0.24609375 0.18359375 0.248046875 0.181640625 0.24609375 0.18359375 0.244140625 0.181640625 0.244140625 0.177734375 0.240234375 0.173828125
0 0.462890625 0.046875 0.462890625 0.048828125 0.4609375 0.05078125 0.462890625 0.05078125 0.46484375 0.052734375 0.466796875 0.052734375 0.466796875 0.048828125 0.46484375 0.046875
1 0.6953125 0.345703125 0.693359375 0.34765625 0.693359375 0.349609375 0.689453125 0.353515625 0.6875 0.3515625 0.69140625 0.35546875 0.6953125 0.3515625 0.697265625 0.3515625 0.69921875 0.349609375 0.697265625 0.349609375 0.6953125 0.34765625
1 0.259765625 0.21875 0.251953125 0.2265625 0.255859375 0.23046875 0.2578125 0.228515625 0.259765625 0.23046875 0.259765625 0.232421875 0.259765625 0.23046875 0.26171875 0.228515625 0.26171875 0.22265625 0.259765625 0.220703125
1 0.177734375 0.193359375 0.171875 0.19921875 0.171875 0.201171875 0.173828125 0.203125 0.171875 0.205078125 0.173828125 0.203125 0.17578125 0.205078125 0.17578125 0.20703125 0.181640625 0.201171875 0.1796875 0.19921875 0.181640625 0.197265625
1 0.23828125 0.173828125 0.240234375 0.173828125 0.2421875 0.17578125 0.23828125 0.1796875 0.236328125 0.177734375 0.236328125 0.1796875 0.23828125 0.1796875 0.240234375 0.181640625 0.240234375 0.18359375 0.2421875 0.181640625 0.244140625 0.181640625 0.24609375 0.18359375 0.244140625 0.185546875 0.24609375 0.18359375 0.248046875 0.185546875 0.24609375 0.18359375 0.248046875 0.181640625 0.24609375 0.18359375 0.244140625 0.181640625 0.244140625 0.177734375 0.240234375 0.173828125
1 0.462890625 0.046875 0.462890625 0.048828125 0.4609375 0.05078125 0.462890625 0.05078125 0.46484375 0.052734375 0.466796875 0.052734375 0.466796875 0.048828125 0.46484375 0.046875
