0 0.994140625 0.69921875 0.9921875 0.701171875 0.994140625 0.703125 0.994140625 0.705078125 0.990234375 0.708984375 0.9921875 0.70703125 0.99609375 0.7109375 0.998046875 0.7109375 0.99609375 0.7109375 0.994140625 0.708984375 0.998046875 0.705078125 0.998046875 0.701171875 0.99609375 0.701171875
0 0.943359375 0.390625 0.9453125 0.392578125 0.947265625 0.390625 0.94921875 0.392578125 0.94921875 0.39453125 0.9453125 0.3984375 0.947265625 0.396484375 0.958984375 0.396484375 0.955078125 0.396484375 0.953125 0.39453125 0.955078125 0.392578125 0.94921875 0.392578125 0.947265625 0.390625 0.9453125 0.392578125
0 0.73828125 0.376953125 0.73828125 0.37890625 0.740234375 0.380859375 0.7421875 0.380859375 0.744140625 0.3828125 0.744140625 0.384765625 0.7421875 0.38671875 0.740234375 0.384765625 0.7421875 0.38671875 0.744140625 0.384765625 0.748046875 0.388671875 0.74609375 0.38671875 0.74609375 0.384765625 0.748046875 0.3828125 0.748046875 0.37890625 0.74609375 0.380859375 0.744140625 0.37890625 0.7421875 0.37890625 0.740234375 0.376953125
0 0.958984375 0.375 0.95703125 0.376953125 0.958984375 0.37890625 0.95703125 0.380859375 0.95703125 0.3828125 0.962890625 0.3828125 0.962890625 0.37890625 0.958984375 0.37890625 0.95703125 0.376953125
0 0.640625 0.171875 0.642578125 0.173828125 0.642578125 0.17578125 0.640625 0.177734375 0.640625 0.181640625 0.642578125 0.1796875 0.64453125 0.181640625 0.646484375 0.181640625 0.6484375 0.18359375 0.650390625 0.18359375 0.650390625 0.181640625 0.6484375 0.1796875 0.646484375 0.1796875 0.64453125 0.177734375 0.64453125 0.17578125 0.646484375 0.173828125 0.6484375 0.17578125 0.646484375 0.173828125 0.64453125 0.17578125
0 0.71484375 0.01953125 0.7109375 0.0234375 0.708984375 0.021484375 0.70703125 0.021484375 0.70703125 0.0234375 0.705078125 0.025390625 0.703125 0.025390625 0.705078125 0.02734375 0.703125 0.029296875 0.70703125 0.025390625 0.708984375 0.02734375 0.7109375 0.025390625 0.712890625 0.02734375 0.71484375 0.02734375 0.712890625 0.025390625 0.71484375 0.0234375 0.712890625 0.021484375
1 0.994140625 0.69921875 0.9921875 0.701171875 0.994140625 0.703125 0.994140625 0.705078125 0.990234375 0.708984375 0.9921875 0.70703125 0.99609375 0.7109375 0.998046875 0.7109375 0.99609375 0.7109375 0.994140625 0.708984375 0.998046875 0.705078125 0.998046875 0.701171875 0.99609375 0.701171875
1 0.943359375 0.390625 0.9453125 0.392578125 0.947265625 0.390625 0.94921875 0.392578125 0.94921875 0.39453125 0.9453125 0.3984375 0.947265625 0.396484375 0.958984375 0.396484375 0.955078125 0.396484375 0.953125 0.39453125 0.955078125 0.392578125 0.94921875 0.392578125 0.947265625 0.390625 0.9453125 0.392578125
1 0.73828125 0.376953125 0.73828125 0.37890625 0.740234375 0.380859375 0.7421875 0.380859375 0.744140625 0.3828125 0.744140625 0.384765625 0.7421875 0.38671875 0.740234375 0.384765625 0.7421875 0.38671875 0.744140625 0.384765625 0.748046875 0.388671875 0.74609375 0.38671875 0.74609375 0.384765625 0.748046875 0.3828125 0.748046875 0.37890625 0.74609375 0.380859375 0.744140625 0.37890625 0.7421875 0.37890625 0.740234375 0.376953125
1 0.958984375 0.375 0.95703125 0.376953125 0.958984375 0.37890625 0.95703125 0.380859375 0.95703125 0.3828125 0.962890625 0.3828125 0.962890625 0.37890625 0.958984375 0.37890625 0.95703125 0.376953125
1 0.640625 0.171875 0.642578125 0.173828125 0.642578125 0.17578125 0.640625 0.177734375 0.640625 0.181640625 0.642578125 0.1796875 0.64453125 0.181640625 0.646484375 0.181640625 0.6484375 0.18359375 0.650390625 0.18359375 0.650390625 0.181640625 0.6484375 0.1796875 0.646484375 0.1796875 0.64453125 0.177734375 0.64453125 0.17578125 0.646484375 0.173828125 0.6484375 0.17578125 0.646484375 0.173828125 0.64453125 0.17578125
1 0.71484375 0.01953125 0.7109375 0.0234375 0.708984375 0.021484375 0.70703125 0.021484375 0.70703125 0.0234375 0.705078125 0.025390625 0.703125 0.025390625 0.705078125 0.02734375 0.703125 0.029296875 0.70703125 0.025390625 0.708984375 0.02734375 0.7109375 0.025390625 0.712890625 0.02734375 0.71484375 0.02734375 0.712890625 0.025390625 0.71484375 0.0234375 0.712890625 0.021484375
