0 0.76171875 0.751953125 0.763671875 0.75390625 0.76171875 0.755859375 0.7578125 0.755859375 0.763671875 0.755859375 0.765625 0.7578125 0.765625 0.759765625 0.767578125 0.7578125 0.767578125 0.755859375 0.76953125 0.75390625 0.767578125 0.751953125
0 0.98828125 0.580078125 0.986328125 0.58203125 0.98828125 0.583984375 0.986328125 0.5859375 0.98828125 0.583984375 0.990234375 0.5859375 0.990234375 0.587890625 0.98828125 0.58984375 0.98828125 0.591796875 0.98828125 0.58984375 0.9921875 0.5859375 0.994140625 0.587890625 0.9921875 0.5859375 0.994140625 0.583984375 0.9921875 0.58203125 0.990234375 0.58203125
0 0.99609375 0.25 0.998046875 0.251953125 0.99609375 0.25390625 0.994140625 0.25390625 0.9921875 0.251953125 0.990234375 0.251953125 0.98828125 0.25390625 0.986328125 0.25390625 0.984375 0.251953125 0.990234375 0.2578125 0.990234375 0.259765625 0.98828125 0.26171875 0.990234375 0.263671875 0.98828125 0.26171875 0.990234375 0.259765625 0.990234375 0.2578125 0.994140625 0.25390625 0.99609375 0.25390625 0.998046875 0.251953125
0 0.755859375 0.11328125 0.755859375 0.115234375 0.75390625 0.1171875 0.75390625 0.123046875 0.7578125 0.123046875 0.7578125 0.119140625 0.759765625 0.1171875 0.76171875 0.119140625 0.759765625 0.1171875 0.7578125 0.119140625 0.755859375 0.1171875
0 0.650390625 0.095703125 0.65234375 0.09765625 0.65234375 0.099609375 0.654296875 0.099609375 0.65625 0.1015625 0.654296875 0.103515625 0.65625 0.10546875 0.658203125 0.103515625 0.66015625 0.103515625 0.658203125 0.103515625 0.65625 0.1015625 0.65625 0.09765625 0.654296875 0.095703125
1 0.76171875 0.751953125 0.763671875 0.75390625 0.76171875 0.755859375 0.7578125 0.755859375 0.763671875 0.755859375 0.765625 0.7578125 0.765625 0.759765625 0.767578125 0.7578125 0.767578125 0.755859375 0.76953125 0.75390625 0.767578125 0.751953125
1 0.98828125 0.580078125 0.986328125 0.58203125 0.98828125 0.583984375 0.986328125 0.5859375 0.98828125 0.583984375 0.990234375 0.5859375 0.990234375 0.587890625 0.98828125 0.58984375 0.98828125 0.591796875 0.98828125 0.58984375 0.9921875 0.5859375 0.994140625 0.587890625 0.9921875 0.5859375 0.994140625 0.583984375 0.9921875 0.58203125 0.990234375 0.58203125
1 0.99609375 0.25 0.998046875 0.251953125 0.99609375 0.25390625 0.994140625 0.25390625 0.9921875 0.251953125 0.990234375 0.251953125 0.98828125 0.25390625 0.986328125 0.25390625 0.984375 0.251953125 0.990234375 0.2578125 0.990234375 0.259765625 0.98828125 0.26171875 0.990234375 0.263671875 0.98828125 0.26171875 0.990234375 0.259765625 0.990234375 0.2578125 0.994140625 0.25390625 0.99609375 0.25390625 0.998046875 0.251953125
1 0.755859375 0.11328125 0.755859375 0.115234375 0.75390625 0.1171875 0.75390625 0.123046875 0.7578125 0.123046875 0.7578125 0.119140625 0.759765625 0.1171875 0.76171875 0.119140625 0.759765625 0.1171875 0.7578125 0.119140625 0.755859375 0.1171875
1 0.650390625 0.095703125 0.65234375 0.09765625 0.65234375 0.099609375 0.654296875 0.099609375 0.65625 0.1015625 0.654296875 0.103515625 0.65625 0.10546875 0.658203125 0.103515625 0.66015625 0.103515625 0.658203125 0.103515625 0.65625 0.1015625 0.65625 0.09765625 0.654296875 0.095703125
