0 0.6328125 0.59375 0.630859375 0.595703125 0.62890625 0.595703125 0.62890625 0.59765625 0.626953125 0.599609375 0.625 0.59765625 0.62890625 0.6015625 0.630859375 0.599609375 0.6328125 0.599609375 0.634765625 0.6015625 0.63671875 0.599609375 0.634765625 0.59765625 0.634765625 0.595703125
0 0.6875 0.5625 0.6875 0.56640625 0.689453125 0.56640625 0.69140625 0.568359375 0.693359375 0.56640625 0.69140625 0.564453125 0.69140625 0.5625
0 0.505859375 0.55859375 0.5078125 0.55859375 0.509765625 0.560546875 0.509765625 0.5625 0.51171875 0.564453125 0.51171875 0.568359375 0.513671875 0.568359375 0.51171875 0.56640625 0.51171875 0.564453125 0.515625 0.560546875 0.517578125 0.560546875 0.515625 0.55859375
0 0.9296875 0.484375 0.92578125 0.48828125 0.923828125 0.486328125 0.92578125 0.48828125 0.92578125 0.490234375 0.923828125 0.4921875 0.92578125 0.490234375 0.927734375 0.490234375 0.9296875 0.4921875 0.92578125 0.49609375 0.927734375 0.49609375 0.927734375 0.494140625 0.9296875 0.4921875 0.931640625 0.4921875 0.931640625 0.490234375 0.93359375 0.48828125 0.931640625 0.490234375 0.9296875 0.48828125
0 0.71875 0.390625 0.720703125 0.392578125 0.71875 0.39453125 0.71875 0.396484375 0.716796875 0.3984375 0.71875 0.400390625 0.71484375 0.404296875 0.71484375 0.40625 0.716796875 0.408203125 0.71875 0.408203125 0.72265625 0.404296875 0.724609375 0.40625 0.724609375 0.408203125 0.72265625 0.41015625 0.724609375 0.408203125 0.724609375 0.40625 0.72265625 0.404296875 0.724609375 0.40234375 0.72265625 0.404296875 0.71875 0.400390625 0.720703125 0.3984375 0.72265625 0.3984375 0.720703125 0.3984375 0.71875 0.396484375 0.71875 0.39453125 0.720703125 0.392578125
0 0.439453125 0.3125 0.44140625 0.314453125 0.439453125 0.31640625 0.4375 0.31640625 0.439453125 0.318359375 0.4375 0.3203125 0.439453125 0.322265625 0.439453125 0.32421875 0.4375 0.326171875 0.439453125 0.32421875 0.44140625 0.326171875 0.4453125 0.322265625 0.443359375 0.3203125 0.4453125 0.318359375 0.447265625 0.318359375 0.4453125 0.318359375 0.443359375 0.31640625 0.4453125 0.314453125 0.447265625 0.314453125 0.447265625 0.3125 0.443359375 0.31640625
0 0.162109375 0.240234375 0.1640625 0.2421875 0.162109375 0.244140625 0.1640625 0.24609375 0.169921875 0.24609375 0.169921875 0.244140625 0.16796875 0.2421875 0.1640625 0.2421875
0 0.00390625 0.189453125 0.0 0.193359375 0.001953125 0.19140625 0.005859375 0.1953125 0.005859375 0.197265625 0.0078125 0.19921875 0.0078125 0.197265625 0.009765625 0.1953125 0.01171875 0.1953125 0.009765625 0.193359375 0.0078125 0.193359375
0 0.6484375 0.17578125 0.64453125 0.1796875 0.646484375 0.1796875 0.650390625 0.18359375 0.6484375 0.185546875 0.646484375 0.185546875 0.64453125 0.18359375 0.642578125 0.185546875 0.64453125 0.18359375 0.646484375 0.185546875 0.6484375 0.185546875 0.650390625 0.18359375 0.65234375 0.185546875 0.654296875 0.18359375 0.654296875 0.177734375 0.65234375 0.17578125
0 0.072265625 0.125 0.068359375 0.12890625 0.0703125 0.130859375 0.072265625 0.130859375 0.07421875 0.1328125 0.076171875 0.1328125 0.076171875 0.126953125 0.07421875 0.126953125
1 0.6328125 0.59375 0.630859375 0.595703125 0.62890625 0.595703125 0.62890625 0.59765625 0.626953125 0.599609375 0.625 0.59765625 0.62890625 0.6015625 0.630859375 0.599609375 0.6328125 0.599609375 0.634765625 0.6015625 0.63671875 0.599609375 0.634765625 0.59765625 0.634765625 0.595703125
1 0.6875 0.5625 0.6875 0.56640625 0.689453125 0.56640625 0.69140625 0.568359375 0.693359375 0.56640625 0.69140625 0.564453125 0.69140625 0.5625
1 0.505859375 0.55859375 0.5078125 0.55859375 0.509765625 0.560546875 0.509765625 0.5625 0.51171875 0.564453125 0.51171875 0.568359375 0.513671875 0.568359375 0.51171875 0.56640625 0.51171875 0.564453125 0.515625 0.560546875 0.517578125 0.560546875 0.515625 0.55859375
1 0.9296875 0.484375 0.92578125 0.48828125 0.923828125 0.486328125 0.92578125 0.48828125 0.92578125 0.490234375 0.923828125 0.4921875 0.92578125 0.490234375 0.927734375 0.490234375 0.9296875 0.4921875 0.92578125 0.49609375 0.927734375 0.49609375 0.927734375 0.494140625 0.9296875 0.4921875 0.931640625 0.4921875 0.931640625 0.490234375 0.93359375 0.48828125 0.931640625 0.490234375 0.9296875 0.48828125
1 0.71875 0.390625 0.720703125 0.392578125 0.71875 0.39453125 0.71875 0.396484375 0.716796875 0.3984375 0.71875 0.400390625 0.71484375 0.404296875 0.71484375 0.40625 0.716796875 0.408203125 0.71875 0.408203125 0.72265625 0.404296875 0.724609375 0.40625 0.724609375 0.408203125 0.72265625 0.41015625 0.724609375 0.408203125 0.724609375 0.40625 0.72265625 0.404296875 0.724609375 0.40234375 0.72265625 0.404296875 0.71875 0.400390625 0.720703125 0.3984375 0.72265625 0.3984375 0.720703125 0.3984375 0.71875 0.396484375 0.71875 0.39453125 0.720703125 0.392578125
1 0.439453125 0.3125 0.44140625 0.314453125 0.439453125 0.31640625 0.4375 0.31640625 0.439453125 0.318359375 0.4375 0.3203125 0.439453125 0.322265625 0.439453125 0.32421875 0.4375 0.326171875 0.439453125 0.32421875 0.44140625 0.326171875 0.4453125 0.322265625 0.443359375 0.3203125 0.4453125 0.318359375 0.447265625 0.318359375 0.4453125 0.318359375 0.443359375 0.31640625 0.4453125 0.314453125 0.447265625 0.314453125 0.447265625 0.3125 0.443359375 0.31640625
1 0.162109375 0.240234375 0.1640625 0.2421875 0.162109375 0.244140625 0.1640625 0.24609375 0.169921875 0.24609375 0.169921875 0.244140625 0.16796875 0.2421875 0.1640625 0.2421875
1 0.00390625 0.189453125 0.0 0.193359375 0.001953125 0.19140625 0.005859375 0.1953125 0.005859375 0.197265625 0.0078125 0.19921875 0.0078125 0.197265625 0.009765625 0.1953125 0.01171875 0.1953125 0.009765625 0.193359375 0.0078125 0.193359375
1 0.6484375 0.17578125 0.64453125 0.1796875 0.646484375 0.1796875 0.650390625 0.18359375 0.6484375 0.185546875 0.646484375 0.185546875 0.64453125 0.18359375 0.642578125 0.185546875 0.64453125 0.18359375 0.646484375 0.185546875 0.6484375 0.185546875 0.650390625 0.18359375 0.65234375 0.185546875 0.654296875 0.18359375 0.654296875 0.177734375 0.65234375 0.17578125
1 0.072265625 0.125 0.068359375 0.12890625 0.0703125 0.130859375 0.072265625 0.130859375 0.07421875 0.1328125 0.076171875 0.1328125 0.076171875 0.126953125 0.07421875 0.126953125
