0 0.177734375 0.255859375 0.177734375 0.26171875 0.181640625 0.26171875 0.18359375 0.259765625 0.185546875 0.26171875 0.18359375 0.259765625 0.185546875 0.2578125 0.18359375 0.259765625 0.181640625 0.2578125 0.181640625 0.255859375 0.1796875 0.2578125
0 0.755859375 0.25 0.7578125 0.251953125 0.75390625 0.255859375 0.755859375 0.2578125 0.755859375 0.26171875 0.7578125 0.259765625 0.759765625 0.26171875 0.759765625 0.259765625 0.763671875 0.255859375 0.76171875 0.2578125 0.759765625 0.2578125 0.7578125 0.255859375 0.759765625 0.25390625 0.759765625 0.251953125 0.7578125 0.251953125
0 0.767578125 0.1875 0.76953125 0.189453125 0.767578125 0.19140625 0.76953125 0.19140625 0.771484375 0.193359375 0.775390625 0.193359375 0.77734375 0.1953125 0.775390625 0.193359375 0.775390625 0.19140625 0.771484375 0.1875 0.76953125 0.189453125
0 0.20703125 0.07421875 0.20703125 0.076171875 0.203125 0.080078125 0.20703125 0.080078125 0.2109375 0.083984375 0.208984375 0.08203125 0.208984375 0.078125 0.2109375 0.076171875 0.208984375 0.07421875
0 0.22265625 0.05859375 0.22265625 0.0625 0.21875 0.06640625 0.220703125 0.064453125 0.228515625 0.064453125 0.2265625 0.0625 0.2265625 0.060546875 0.224609375 0.05859375
1 0.177734375 0.255859375 0.177734375 0.26171875 0.181640625 0.26171875 0.18359375 0.259765625 0.185546875 0.26171875 0.18359375 0.259765625 0.185546875 0.2578125 0.18359375 0.259765625 0.181640625 0.2578125 0.181640625 0.255859375 0.1796875 0.2578125
1 0.755859375 0.25 0.7578125 0.251953125 0.75390625 0.255859375 0.755859375 0.2578125 0.755859375 0.26171875 0.7578125 0.259765625 0.759765625 0.26171875 0.759765625 0.259765625 0.763671875 0.255859375 0.76171875 0.2578125 0.759765625 0.2578125 0.7578125 0.255859375 0.759765625 0.25390625 0.759765625 0.251953125 0.7578125 0.251953125
1 0.767578125 0.1875 0.76953125 0.189453125 0.767578125 0.19140625 0.76953125 0.19140625 0.771484375 0.193359375 0.775390625 0.193359375 0.77734375 0.1953125 0.775390625 0.193359375 0.775390625 0.19140625 0.771484375 0.1875 0.76953125 0.189453125
1 0.20703125 0.07421875 0.20703125 0.076171875 0.203125 0.080078125 0.20703125 0.080078125 0.2109375 0.083984375 0.208984375 0.08203125 0.208984375 0.078125 0.2109375 0.076171875 0.208984375 0.07421875
1 0.22265625 0.05859375 0.22265625 0.0625 0.21875 0.06640625 0.220703125 0.064453125 0.228515625 0.064453125 0.2265625 0.0625 0.2265625 0.060546875 0.224609375 0.05859375
