0 0.765625 0.3828125 0.767578125 0.384765625 0.767578125 0.38671875 0.765625 0.388671875 0.765625 0.392578125 0.76953125 0.396484375 0.767578125 0.3984375 0.765625 0.3984375 0.767578125 0.3984375 0.771484375 0.39453125 0.7734375 0.396484375 0.76953125 0.392578125 0.76953125 0.388671875 0.767578125 0.38671875 0.767578125 0.3828125
0 0.87109375 0.298828125 0.87109375 0.30078125 0.869140625 0.302734375 0.865234375 0.302734375 0.86328125 0.30078125 0.861328125 0.302734375 0.86328125 0.30078125 0.869140625 0.306640625 0.8671875 0.30859375 0.869140625 0.30859375 0.873046875 0.3046875 0.873046875 0.302734375 0.87109375 0.30078125
0 0.87109375 0.203125 0.8671875 0.20703125 0.8671875 0.208984375 0.865234375 0.2109375 0.86328125 0.208984375 0.861328125 0.2109375 0.86328125 0.208984375 0.8671875 0.212890625 0.869140625 0.2109375 0.873046875 0.2109375 0.87109375 0.208984375 0.873046875 0.20703125 0.87109375 0.20703125 0.869140625 0.205078125
0 0.669921875 0.203125 0.66796875 0.205078125 0.66015625 0.205078125 0.65625 0.208984375 0.658203125 0.2109375 0.658203125 0.212890625 0.66015625 0.21484375 0.662109375 0.21484375 0.6640625 0.212890625 0.666015625 0.21484375 0.66796875 0.21484375 0.66796875 0.212890625 0.666015625 0.21484375 0.6640625 0.212890625 0.662109375 0.21484375 0.66015625 0.21484375 0.658203125 0.212890625 0.662109375 0.208984375 0.666015625 0.208984375 0.666015625 0.20703125
0 0.34375 0.080078125 0.345703125 0.08203125 0.345703125 0.083984375 0.349609375 0.087890625 0.349609375 0.08984375 0.34765625 0.091796875 0.353515625 0.0859375 0.35546875 0.087890625 0.35546875 0.08984375 0.353515625 0.091796875 0.35546875 0.08984375 0.357421875 0.091796875 0.35546875 0.08984375 0.357421875 0.087890625 0.359375 0.087890625 0.361328125 0.0859375 0.361328125 0.083984375 0.359375 0.08203125 0.357421875 0.08203125 0.35546875 0.083984375 0.353515625 0.083984375 0.3515625 0.08203125 0.353515625 0.080078125 0.34765625 0.0859375 0.345703125 0.083984375 0.345703125 0.08203125
0 0.974609375 0.046875 0.97265625 0.048828125 0.97265625 0.05078125 0.970703125 0.052734375 0.970703125 0.0546875 0.974609375 0.05859375 0.970703125 0.0546875 0.97265625 0.052734375 0.974609375 0.052734375 0.9765625 0.0546875 0.974609375 0.052734375 0.978515625 0.048828125 0.98046875 0.05078125 0.98046875 0.052734375 0.98046875 0.05078125 0.9765625 0.046875
1 0.765625 0.3828125 0.767578125 0.384765625 0.767578125 0.38671875 0.765625 0.388671875 0.765625 0.392578125 0.76953125 0.396484375 0.767578125 0.3984375 0.765625 0.3984375 0.767578125 0.3984375 0.771484375 0.39453125 0.7734375 0.396484375 0.76953125 0.392578125 0.76953125 0.388671875 0.767578125 0.38671875 0.767578125 0.3828125
1 0.87109375 0.298828125 0.87109375 0.30078125 0.869140625 0.302734375 0.865234375 0.302734375 0.86328125 0.30078125 0.861328125 0.302734375 0.86328125 0.30078125 0.869140625 0.306640625 0.8671875 0.30859375 0.869140625 0.30859375 0.873046875 0.3046875 0.873046875 0.302734375 0.87109375 0.30078125
1 0.87109375 0.203125 0.8671875 0.20703125 0.8671875 0.208984375 0.865234375 0.2109375 0.86328125 0.208984375 0.861328125 0.2109375 0.86328125 0.208984375 0.8671875 0.212890625 0.869140625 0.2109375 0.873046875 0.2109375 0.87109375 0.208984375 0.873046875 0.20703125 0.87109375 0.20703125 0.869140625 0.205078125
1 0.669921875 0.203125 0.66796875 0.205078125 0.66015625 0.205078125 0.65625 0.208984375 0.658203125 0.2109375 0.658203125 0.212890625 0.66015625 0.21484375 0.662109375 0.21484375 0.6640625 0.212890625 0.666015625 0.21484375 0.66796875 0.21484375 0.66796875 0.212890625 0.666015625 0.21484375 0.6640625 0.212890625 0.662109375 0.21484375 0.66015625 0.21484375 0.658203125 0.212890625 0.662109375 0.208984375 0.666015625 0.208984375 0.666015625 0.20703125
1 0.34375 0.080078125 0.345703125 0.08203125 0.345703125 0.083984375 0.349609375 0.087890625 0.349609375 0.08984375 0.34765625 0.091796875 0.353515625 0.0859375 0.35546875 0.087890625 0.35546875 0.08984375 0.353515625 0.091796875 0.35546875 0.08984375 0.357421875 0.091796875 0.35546875 0.08984375 0.357421875 0.087890625 0.359375 0.087890625 0.361328125 0.0859375 0.361328125 0.083984375 0.359375 0.08203125 0.357421875 0.08203125 0.35546875 0.083984375 0.353515625 0.083984375 0.3515625 0.08203125 0.353515625 0.080078125 0.34765625 0.0859375 0.345703125 0.083984375 0.345703125 0.08203125
1 0.974609375 0.046875 0.97265625 0.048828125 0.97265625 0.05078125 0.970703125 0.052734375 0.970703125 0.0546875 0.974609375 0.05859375 0.970703125 0.0546875 0.97265625 0.052734375 0.974609375 0.052734375 0.9765625 0.0546875 0.974609375 0.052734375 0.978515625 0.048828125 0.98046875 0.05078125 0.98046875 0.052734375 0.98046875 0.05078125 0.9765625 0.046875
