0 0.09765625 0.44140625 0.095703125 0.443359375 0.09765625 0.4453125 0.095703125 0.447265625 0.095703125 0.44921875 0.1015625 0.44921875 0.099609375 0.447265625 0.099609375 0.4453125 0.1015625 0.443359375 0.103515625 0.443359375 0.1015625 0.443359375 0.099609375 0.44140625
0 0.068359375 0.427734375 0.06640625 0.4296875 0.06640625 0.431640625 0.064453125 0.43359375 0.0625 0.43359375 0.06640625 0.43359375 0.068359375 0.435546875 0.0703125 0.43359375 0.072265625 0.43359375 0.07421875 0.435546875 0.072265625 0.43359375 0.0703125 0.43359375 0.068359375 0.431640625 0.0703125 0.4296875
0 0.16796875 0.125 0.171875 0.12890625 0.169921875 0.130859375 0.162109375 0.130859375 0.1640625 0.1328125 0.1640625 0.134765625 0.162109375 0.13671875 0.16015625 0.134765625 0.162109375 0.13671875 0.16015625 0.138671875 0.162109375 0.13671875 0.1640625 0.138671875 0.171875 0.138671875 0.173828125 0.13671875 0.17578125 0.13671875 0.17578125 0.134765625 0.173828125 0.1328125 0.17578125 0.130859375 0.177734375 0.130859375 0.17578125 0.130859375 0.173828125 0.1328125 0.171875 0.130859375 0.171875 0.12890625 0.173828125 0.126953125 0.171875 0.125 0.169921875 0.126953125
0 0.255859375 0.0546875 0.2578125 0.056640625 0.2578125 0.0625 0.259765625 0.0625 0.263671875 0.06640625 0.26171875 0.064453125 0.26171875 0.060546875 0.263671875 0.05859375 0.259765625 0.05859375
0 0.115234375 0.0546875 0.111328125 0.05859375 0.11328125 0.056640625 0.1171875 0.060546875 0.115234375 0.05859375 0.1171875 0.056640625 0.119140625 0.056640625 0.123046875 0.060546875 0.125 0.060546875 0.126953125 0.05859375 0.130859375 0.05859375 0.126953125 0.05859375 0.125 0.056640625 0.123046875 0.056640625 0.12109375 0.05859375 0.119140625 0.056640625 0.1171875 0.056640625
1 0.09765625 0.44140625 0.095703125 0.443359375 0.09765625 0.4453125 0.095703125 0.447265625 0.095703125 0.44921875 0.1015625 0.44921875 0.099609375 0.447265625 0.099609375 0.4453125 0.1015625 0.443359375 0.103515625 0.443359375 0.1015625 0.443359375 0.099609375 0.44140625
1 0.068359375 0.427734375 0.06640625 0.4296875 0.06640625 0.431640625 0.064453125 0.43359375 0.0625 0.43359375 0.06640625 0.43359375 0.068359375 0.435546875 0.0703125 0.43359375 0.072265625 0.43359375 0.07421875 0.435546875 0.072265625 0.43359375 0.0703125 0.43359375 0.068359375 0.431640625 0.0703125 0.4296875
1 0.16796875 0.125 0.171875 0.12890625 0.169921875 0.130859375 0.162109375 0.130859375 0.1640625 0.1328125 0.1640625 0.134765625 0.162109375 0.13671875 0.16015625 0.134765625 0.162109375 0.13671875 0.16015625 0.138671875 0.162109375 0.13671875 0.1640625 0.138671875 0.171875 0.138671875 0.173828125 0.13671875 0.17578125 0.13671875 0.17578125 0.134765625 0.173828125 0.1328125 0.17578125 0.130859375 0.177734375 0.130859375 0.17578125 0.130859375 0.173828125 0.1328125 0.171875 0.130859375 0.171875 0.12890625 0.173828125 0.126953125 0.171875 0.125 0.169921875 0.126953125
1 0.255859375 0.0546875 0.2578125 0.056640625 0.2578125 0.0625 0.259765625 0.0625 0.263671875 0.06640625 0.26171875 0.064453125 0.26171875 0.060546875 0.263671875 0.05859375 0.259765625 0.05859375
1 0.115234375 0.0546875 0.111328125 0.05859375 0.11328125 0.056640625 0.1171875 0.060546875 0.115234375 0.05859375 0.1171875 0.056640625 0.119140625 0.056640625 0.123046875 0.060546875 0.125 0.060546875 0.126953125 0.05859375 0.130859375 0.05859375 0.126953125 0.05859375 0.125 0.056640625 0.123046875 0.056640625 0.12109375 0.05859375 0.119140625 0.056640625 0.1171875 0.056640625
