0 0.962890625 0.568359375 0.96484375 0.5703125 0.962890625 0.572265625 0.96484375 0.57421875 0.970703125 0.57421875 0.96875 0.572265625 0.970703125 0.5703125 0.974609375 0.5703125 0.96484375 0.5703125
0 0.78125 0.423828125 0.78515625 0.427734375 0.78515625 0.43359375 0.783203125 0.435546875 0.78125 0.43359375 0.783203125 0.435546875 0.78515625 0.43359375 0.787109375 0.43359375 0.7890625 0.431640625 0.791015625 0.431640625 0.787109375 0.427734375 0.787109375 0.42578125 0.7890625 0.423828125 0.791015625 0.42578125 0.79296875 0.423828125 0.791015625 0.42578125 0.7890625 0.423828125 0.787109375 0.42578125 0.78515625 0.42578125 0.783203125 0.423828125
0 0.07421875 0.392578125 0.0703125 0.396484375 0.068359375 0.39453125 0.06640625 0.39453125 0.068359375 0.396484375 0.068359375 0.400390625 0.072265625 0.400390625 0.07421875 0.3984375 0.076171875 0.400390625 0.07421875 0.3984375 0.07421875 0.396484375 0.076171875 0.39453125
0 0.5078125 0.333984375 0.509765625 0.3359375 0.5078125 0.337890625 0.509765625 0.33984375 0.5078125 0.341796875 0.509765625 0.33984375 0.51171875 0.33984375 0.513671875 0.341796875 0.513671875 0.3359375 0.509765625 0.3359375
0 0.552734375 0.26953125 0.546875 0.275390625 0.552734375 0.275390625 0.5546875 0.2734375 0.55859375 0.27734375 0.556640625 0.275390625 0.55859375 0.2734375 0.556640625 0.275390625 0.552734375 0.271484375
0 0.501953125 0.15234375 0.501953125 0.154296875 0.5 0.15625 0.5 0.158203125 0.50390625 0.162109375 0.501953125 0.1640625 0.5 0.1640625 0.501953125 0.1640625 0.505859375 0.16015625 0.5078125 0.162109375 0.50390625 0.158203125 0.50390625 0.15625 0.501953125 0.154296875
0 0.376953125 0.126953125 0.37890625 0.12890625 0.380859375 0.126953125 0.3828125 0.12890625 0.3828125 0.130859375 0.37890625 0.134765625 0.380859375 0.134765625 0.3828125 0.13671875 0.384765625 0.13671875 0.38671875 0.138671875 0.388671875 0.13671875 0.38671875 0.138671875 0.384765625 0.13671875 0.384765625 0.130859375 0.388671875 0.126953125 0.38671875 0.126953125 0.384765625 0.12890625 0.3828125 0.12890625 0.380859375 0.126953125 0.37890625 0.12890625
0 0.888671875 0.0234375 0.88671875 0.025390625 0.884765625 0.025390625 0.884765625 0.03125 0.88671875 0.033203125 0.88671875 0.037109375 0.888671875 0.037109375 0.88671875 0.03515625 0.88671875 0.033203125 0.888671875 0.03125 0.888671875 0.029296875 0.88671875 0.02734375 0.88671875 0.025390625
0 0.6015625 0.0 0.59765625 0.00390625 0.595703125 0.001953125 0.599609375 0.005859375 0.6015625 0.00390625 0.603515625 0.00390625 0.60546875 0.001953125 0.607421875 0.00390625 0.609375 0.00390625 0.611328125 0.001953125 0.615234375 0.001953125 0.611328125 0.001953125 0.609375 0.0 0.607421875 0.0 0.603515625 0.00390625 0.6015625 0.00390625 0.599609375 0.001953125
1 0.962890625 0.568359375 0.96484375 0.5703125 0.962890625 0.572265625 0.96484375 0.57421875 0.970703125 0.57421875 0.96875 0.572265625 0.970703125 0.5703125 0.974609375 0.5703125 0.96484375 0.5703125
1 0.78125 0.423828125 0.78515625 0.427734375 0.78515625 0.43359375 0.783203125 0.435546875 0.78125 0.43359375 0.783203125 0.435546875 0.78515625 0.43359375 0.787109375 0.43359375 0.7890625 0.431640625 0.791015625 0.431640625 0.787109375 0.427734375 0.787109375 0.42578125 0.7890625 0.423828125 0.791015625 0.42578125 0.79296875 0.423828125 0.791015625 0.42578125 0.7890625 0.423828125 0.787109375 0.42578125 0.78515625 0.42578125 0.783203125 0.423828125
1 0.07421875 0.392578125 0.0703125 0.396484375 0.068359375 0.39453125 0.06640625 0.39453125 0.068359375 0.396484375 0.068359375 0.400390625 0.072265625 0.400390625 0.07421875 0.3984375 0.076171875 0.400390625 0.07421875 0.3984375 0.07421875 0.396484375 0.076171875 0.39453125
1 0.5078125 0.333984375 0.509765625 0.3359375 0.5078125 0.337890625 0.509765625 0.33984375 0.5078125 0.341796875 0.509765625 0.33984375 0.51171875 0.33984375 0.513671875 0.341796875 0.513671875 0.3359375 0.509765625 0.3359375
1 0.552734375 0.26953125 0.546875 0.275390625 0.552734375 0.275390625 0.5546875 0.2734375 0.55859375 0.27734375 0.556640625 0.275390625 0.55859375 0.2734375 0.556640625 0.275390625 0.552734375 0.271484375
1 0.501953125 0.15234375 0.501953125 0.154296875 0.5 0.15625 0.5 0.158203125 0.50390625 0.162109375 0.501953125 0.1640625 0.5 0.1640625 0.501953125 0.1640625 0.505859375 0.16015625 0.5078125 0.162109375 0.50390625 0.158203125 0.50390625 0.15625 0.501953125 0.154296875
1 0.376953125 0.126953125 0.37890625 0.12890625 0.380859375 0.126953125 0.3828125 0.12890625 0.3828125 0.130859375 0.37890625 0.134765625 0.380859375 0.134765625 0.3828125 0.13671875 0.384765625 0.13671875 0.38671875 0.138671875 0.388671875 0.13671875 0.38671875 0.138671875 0.384765625 0.13671875 0.384765625 0.130859375 0.388671875 0.126953125 0.38671875 0.126953125 0.384765625 0.12890625 0.3828125 0.12890625 0.380859375 0.126953125 0.37890625 0.12890625
1 0.888671875 0.0234375 0.88671875 0.025390625 0.884765625 0.025390625 0.884765625 0.03125 0.88671875 0.033203125 0.88671875 0.037109375 0.888671875 0.037109375 0.88671875 0.03515625 0.88671875 0.033203125 0.888671875 0.03125 0.888671875 0.029296875 0.88671875 0.02734375 0.88671875 0.025390625
1 0.6015625 0.0 0.59765625 0.00390625 0.595703125 0.001953125 0.599609375 0.005859375 0.6015625 0.00390625 0.603515625 0.00390625 0.60546875 0.001953125 0.607421875 0.00390625 0.609375 0.00390625 0.611328125 0.001953125 0.615234375 0.001953125 0.611328125 0.001953125 0.609375 0.0 0.607421875 0.0 0.603515625 0.00390625 0.6015625 0.00390625 0.599609375 0.001953125
