0 0.875 0.611328125 0.87109375 0.615234375 0.873046875 0.6171875 0.87109375 0.619140625 0.873046875 0.62109375 0.87109375 0.623046875 0.875 0.619140625 0.875 0.615234375 0.876953125 0.61328125 0.87890625 0.61328125 0.876953125 0.61328125
0 0.67578125 0.275390625 0.677734375 0.27734375 0.677734375 0.279296875 0.67578125 0.28125 0.671875 0.27734375 0.669921875 0.27734375 0.66796875 0.279296875 0.669921875 0.28125 0.66796875 0.283203125 0.6640625 0.283203125 0.66796875 0.283203125 0.669921875 0.28515625 0.671875 0.28515625 0.673828125 0.287109375 0.671875 0.2890625 0.671875 0.291015625 0.669921875 0.29296875 0.671875 0.294921875 0.673828125 0.29296875 0.671875 0.291015625 0.671875 0.2890625 0.673828125 0.287109375 0.67578125 0.287109375 0.673828125 0.287109375 0.671875 0.28515625 0.67578125 0.28125 0.677734375 0.283203125 0.67578125 0.28125 0.677734375 0.279296875 0.677734375 0.27734375
0 0.751953125 0.146484375 0.751953125 0.1484375 0.75 0.150390625 0.75 0.154296875 0.75390625 0.154296875 0.755859375 0.15234375 0.751953125 0.1484375
0 0.697265625 0.015625 0.6953125 0.017578125 0.693359375 0.017578125 0.6953125 0.01953125 0.693359375 0.021484375 0.69140625 0.021484375 0.69140625 0.0234375 0.689453125 0.025390625 0.69140625 0.02734375 0.6953125 0.0234375 0.69921875 0.0234375 0.701171875 0.025390625 0.69921875 0.02734375 0.701171875 0.025390625 0.69921875 0.0234375 0.697265625 0.0234375 0.6953125 0.021484375 0.697265625 0.01953125 0.6953125 0.017578125
0 0.669921875 0.0 0.666015625 0.00390625 0.6640625 0.001953125 0.662109375 0.00390625 0.6640625 0.001953125 0.666015625 0.00390625 0.666015625 0.005859375 0.6640625 0.0078125 0.662109375 0.0078125 0.66015625 0.009765625 0.66015625 0.01171875 0.662109375 0.01171875 0.6640625 0.009765625 0.666015625 0.009765625 0.66796875 0.0078125 0.669921875 0.009765625 0.669921875 0.005859375 0.66796875 0.00390625 0.66796875 0.001953125
1 0.875 0.611328125 0.87109375 0.615234375 0.873046875 0.6171875 0.87109375 0.619140625 0.873046875 0.62109375 0.87109375 0.623046875 0.875 0.619140625 0.875 0.615234375 0.876953125 0.61328125 0.87890625 0.61328125 0.876953125 0.61328125
1 0.67578125 0.275390625 0.677734375 0.27734375 0.677734375 0.279296875 0.67578125 0.28125 0.671875 0.27734375 0.669921875 0.27734375 0.66796875 0.279296875 0.669921875 0.28125 0.66796875 0.283203125 0.6640625 0.283203125 0.66796875 0.283203125 0.669921875 0.28515625 0.671875 0.28515625 0.673828125 0.287109375 0.671875 0.2890625 0.671875 0.291015625 0.669921875 0.29296875 0.671875 0.294921875 0.673828125 0.29296875 0.671875 0.291015625 0.671875 0.2890625 0.673828125 0.287109375 0.67578125 0.287109375 0.673828125 0.287109375 0.671875 0.28515625 0.67578125 0.28125 0.677734375 0.283203125 0.67578125 0.28125 0.677734375 0.279296875 0.677734375 0.27734375
1 0.751953125 0.146484375 0.751953125 0.1484375 0.75 0.150390625 0.75 0.154296875 0.75390625 0.154296875 0.755859375 0.15234375 0.751953125 0.1484375
1 0.697265625 0.015625 0.6953125 0.017578125 0.693359375 0.017578125 0.6953125 0.01953125 0.693359375 0.021484375 0.69140625 0.021484375 0.69140625 0.0234375 0.689453125 0.025390625 0.69140625 0.02734375 0.6953125 0.0234375 0.69921875 0.0234375 0.701171875 0.025390625 0.69921875 0.02734375 0.701171875 0.025390625 0.69921875 0.0234375 0.697265625 0.0234375 0.6953125 0.021484375 0.697265625 0.01953125 0.6953125 0.017578125
1 0.669921875 0.0 0.666015625 0.00390625 0.6640625 0.001953125 0.662109375 0.00390625 0.6640625 0.001953125 0.666015625 0.00390625 0.666015625 0.005859375 0.6640625 0.0078125 0.662109375 0.0078125 0.66015625 0.009765625 0.66015625 0.01171875 0.662109375 0.01171875 0.6640625 0.009765625 0.666015625 0.009765625 0.66796875 0.0078125 0.669921875 0.009765625 0.669921875 0.005859375 0.66796875 0.00390625 0.66796875 0.001953125
