0 0.068359375 0.89453125 0.064453125 0.8984375 0.0625 0.896484375 0.0703125 0.904296875 0.068359375 0.90234375 0.072265625 0.8984375 0.07421875 0.900390625 0.07421875 0.90234375 0.076171875 0.90234375 0.07421875 0.900390625 0.076171875 0.8984375 0.07421875 0.900390625 0.072265625 0.8984375 0.072265625 0.896484375 0.072265625 0.8984375 0.0703125 0.900390625 0.068359375 0.8984375
0 0.1640625 0.611328125 0.1640625 0.61328125 0.166015625 0.615234375 0.166015625 0.6171875 0.16796875 0.6171875 0.169921875 0.619140625 0.16796875 0.6171875 0.169921875 0.615234375 0.169921875 0.61328125 0.16796875 0.61328125 0.166015625 0.611328125
0 0.0 0.583984375 0.001953125 0.583984375 0.00390625 0.5859375 0.0 0.58984375 0.0 0.59375 0.001953125 0.595703125 0.001953125 0.59765625 0.0 0.599609375 0.001953125 0.599609375 0.001953125 0.595703125 0.00390625 0.59375 0.00390625 0.58984375 0.0078125 0.5859375 0.005859375 0.587890625 0.001953125 0.583984375
0 0.51953125 0.267578125 0.5234375 0.271484375 0.521484375 0.2734375 0.51953125 0.2734375 0.517578125 0.271484375 0.51953125 0.2734375 0.51953125 0.275390625 0.517578125 0.27734375 0.51953125 0.275390625 0.5234375 0.279296875 0.5234375 0.275390625 0.525390625 0.2734375 0.52734375 0.275390625 0.525390625 0.2734375 0.525390625 0.271484375 0.5234375 0.271484375 0.521484375 0.26953125 0.521484375 0.267578125
0 0.314453125 0.220703125 0.314453125 0.22265625 0.31640625 0.224609375 0.314453125 0.2265625 0.314453125 0.228515625 0.3125 0.23046875 0.314453125 0.228515625 0.31640625 0.228515625 0.318359375 0.23046875 0.318359375 0.228515625 0.3203125 0.2265625 0.3203125 0.224609375 0.31640625 0.224609375 0.314453125 0.22265625
0 0.775390625 0.048828125 0.771484375 0.052734375 0.771484375 0.0546875 0.767578125 0.05859375 0.765625 0.056640625 0.765625 0.0546875 0.767578125 0.052734375 0.765625 0.0546875 0.763671875 0.0546875 0.76171875 0.056640625 0.76171875 0.0625 0.763671875 0.064453125 0.765625 0.0625 0.767578125 0.064453125 0.767578125 0.06640625 0.765625 0.068359375 0.763671875 0.068359375 0.767578125 0.068359375 0.767578125 0.064453125 0.76953125 0.0625 0.76953125 0.060546875 0.771484375 0.05859375 0.76953125 0.056640625 0.771484375 0.0546875 0.771484375 0.052734375
0 0.681640625 0.041015625 0.677734375 0.044921875 0.67578125 0.044921875 0.673828125 0.04296875 0.671875 0.044921875 0.671875 0.046875 0.673828125 0.048828125 0.671875 0.05078125 0.673828125 0.048828125 0.67578125 0.05078125 0.67578125 0.048828125 0.677734375 0.046875 0.677734375 0.044921875
1 0.068359375 0.89453125 0.064453125 0.8984375 0.0625 0.896484375 0.0703125 0.904296875 0.068359375 0.90234375 0.072265625 0.8984375 0.07421875 0.900390625 0.07421875 0.90234375 0.076171875 0.90234375 0.07421875 0.900390625 0.076171875 0.8984375 0.07421875 0.900390625 0.072265625 0.8984375 0.072265625 0.896484375 0.072265625 0.8984375 0.0703125 0.900390625 0.068359375 0.8984375
1 0.1640625 0.611328125 0.1640625 0.61328125 0.166015625 0.615234375 0.166015625 0.6171875 0.16796875 0.6171875 0.169921875 0.619140625 0.16796875 0.6171875 0.169921875 0.615234375 0.169921875 0.61328125 0.16796875 0.61328125 0.166015625 0.611328125
1 0.0 0.583984375 0.001953125 0.583984375 0.00390625 0.5859375 0.0 0.58984375 0.0 0.59375 0.001953125 0.595703125 0.001953125 0.59765625 0.0 0.599609375 0.001953125 0.599609375 0.001953125 0.595703125 0.00390625 0.59375 0.00390625 0.58984375 0.0078125 0.5859375 0.005859375 0.587890625 0.001953125 0.583984375
1 0.51953125 0.267578125 0.5234375 0.271484375 0.521484375 0.2734375 0.51953125 0.2734375 0.517578125 0.271484375 0.51953125 0.2734375 0.51953125 0.275390625 0.517578125 0.27734375 0.51953125 0.275390625 0.5234375 0.279296875 0.5234375 0.275390625 0.525390625 0.2734375 0.52734375 0.275390625 0.525390625 0.2734375 0.525390625 0.271484375 0.5234375 0.271484375 0.521484375 0.26953125 0.521484375 0.267578125
1 0.314453125 0.220703125 0.314453125 0.22265625 0.31640625 0.224609375 0.314453125 0.2265625 0.314453125 0.228515625 0.3125 0.23046875 0.314453125 0.228515625 0.31640625 0.228515625 0.318359375 0.23046875 0.318359375 0.228515625 0.3203125 0.2265625 0.3203125 0.224609375 0.31640625 0.224609375 0.314453125 0.22265625
1 0.775390625 0.048828125 0.771484375 0.052734375 0.771484375 0.0546875 0.767578125 0.05859375 0.765625 0.056640625 0.765625 0.0546875 0.767578125 0.052734375 0.765625 0.0546875 0.763671875 0.0546875 0.76171875 0.056640625 0.76171875 0.0625 0.763671875 0.064453125 0.765625 0.0625 0.767578125 0.064453125 0.767578125 0.06640625 0.765625 0.068359375 0.763671875 0.068359375 0.767578125 0.068359375 0.767578125 0.064453125 0.76953125 0.0625 0.76953125 0.060546875 0.771484375 0.05859375 0.76953125 0.056640625 0.771484375 0.0546875 0.771484375 0.052734375
1 0.681640625 0.041015625 0.677734375 0.044921875 0.67578125 0.044921875 0.673828125 0.04296875 0.671875 0.044921875 0.671875 0.046875 0.673828125 0.048828125 0.671875 0.05078125 0.673828125 0.048828125 0.67578125 0.05078125 0.67578125 0.048828125 0.677734375 0.046875 0.677734375 0.044921875
