0 0.556640625 0.3359375 0.5546875 0.337890625 0.55078125 0.337890625 0.552734375 0.33984375 0.552734375 0.341796875 0.55078125 0.34375 0.552734375 0.341796875 0.5546875 0.34375 0.5546875 0.345703125 0.5546875 0.34375 0.556640625 0.341796875
0 0.43359375 0.3359375 0.43359375 0.33984375 0.431640625 0.341796875 0.431640625 0.34375 0.4296875 0.345703125 0.427734375 0.345703125 0.435546875 0.345703125 0.435546875 0.341796875 0.43359375 0.33984375 0.43359375 0.337890625 0.435546875 0.3359375
0 0.62890625 0.330078125 0.62890625 0.33203125 0.625 0.3359375 0.626953125 0.333984375 0.62890625 0.333984375 0.630859375 0.3359375 0.62890625 0.337890625 0.62890625 0.33984375 0.630859375 0.33984375 0.6328125 0.341796875 0.630859375 0.33984375 0.634765625 0.3359375 0.6328125 0.333984375 0.6328125 0.330078125 0.630859375 0.33203125
0 0.68359375 0.287109375 0.6796875 0.291015625 0.677734375 0.2890625 0.681640625 0.29296875 0.681640625 0.294921875 0.6796875 0.296875 0.681640625 0.298828125 0.68359375 0.296875 0.685546875 0.296875 0.685546875 0.29296875 0.681640625 0.2890625 0.68359375 0.287109375 0.685546875 0.287109375
0 0.765625 0.015625 0.767578125 0.017578125 0.765625 0.01953125 0.765625 0.021484375 0.763671875 0.0234375 0.765625 0.025390625 0.76171875 0.029296875 0.763671875 0.029296875 0.767578125 0.033203125 0.767578125 0.03515625 0.765625 0.037109375 0.767578125 0.037109375 0.767578125 0.033203125 0.76953125 0.03125 0.76953125 0.029296875 0.771484375 0.02734375 0.76953125 0.029296875 0.765625 0.025390625 0.767578125 0.0234375 0.76953125 0.0234375 0.767578125 0.0234375 0.765625 0.021484375 0.765625 0.01953125 0.767578125 0.017578125
1 0.556640625 0.3359375 0.5546875 0.337890625 0.55078125 0.337890625 0.552734375 0.33984375 0.552734375 0.341796875 0.55078125 0.34375 0.552734375 0.341796875 0.5546875 0.34375 0.5546875 0.345703125 0.5546875 0.34375 0.556640625 0.341796875
1 0.43359375 0.3359375 0.43359375 0.33984375 0.431640625 0.341796875 0.431640625 0.34375 0.4296875 0.345703125 0.427734375 0.345703125 0.435546875 0.345703125 0.435546875 0.341796875 0.43359375 0.33984375 0.43359375 0.337890625 0.435546875 0.3359375
1 0.62890625 0.330078125 0.62890625 0.33203125 0.625 0.3359375 0.626953125 0.333984375 0.62890625 0.333984375 0.630859375 0.3359375 0.62890625 0.337890625 0.62890625 0.33984375 0.630859375 0.33984375 0.6328125 0.341796875 0.630859375 0.33984375 0.634765625 0.3359375 0.6328125 0.333984375 0.6328125 0.330078125 0.630859375 0.33203125
1 0.68359375 0.287109375 0.6796875 0.291015625 0.677734375 0.2890625 0.681640625 0.29296875 0.681640625 0.294921875 0.6796875 0.296875 0.681640625 0.298828125 0.68359375 0.296875 0.685546875 0.296875 0.685546875 0.29296875 0.681640625 0.2890625 0.68359375 0.287109375 0.685546875 0.287109375
1 0.765625 0.015625 0.767578125 0.017578125 0.765625 0.01953125 0.765625 0.021484375 0.763671875 0.0234375 0.765625 0.025390625 0.76171875 0.029296875 0.763671875 0.029296875 0.767578125 0.033203125 0.767578125 0.03515625 0.765625 0.037109375 0.767578125 0.037109375 0.767578125 0.033203125 0.76953125 0.03125 0.76953125 0.029296875 0.771484375 0.02734375 0.76953125 0.029296875 0.765625 0.025390625 0.767578125 0.0234375 0.76953125 0.0234375 0.767578125 0.0234375 0.765625 0.021484375 0.765625 0.01953125 0.767578125 0.017578125
