0 0.80078125 0.287109375 0.802734375 0.2890625 0.80078125 0.291015625 0.798828125 0.291015625 0.796875 0.2890625 0.798828125 0.291015625 0.796875 0.29296875 0.798828125 0.294921875 0.796875 0.29296875 0.798828125 0.291015625 0.80078125 0.291015625 0.8046875 0.294921875 0.80859375 0.294921875 0.810546875 0.29296875 0.80859375 0.291015625 0.8046875 0.291015625
0 0.86328125 0.21875 0.861328125 0.220703125 0.8671875 0.2265625 0.87109375 0.22265625 0.873046875 0.22265625 0.87109375 0.22265625 0.869140625 0.220703125 0.869140625 0.21875 0.8671875 0.220703125 0.865234375 0.220703125
0 0.546875 0.2109375 0.54296875 0.21484375 0.5390625 0.21484375 0.54296875 0.21484375 0.544921875 0.216796875 0.548828125 0.216796875 0.548828125 0.212890625
0 0.177734375 0.205078125 0.17578125 0.20703125 0.173828125 0.20703125 0.173828125 0.2109375 0.17578125 0.212890625 0.1796875 0.208984375 0.1796875 0.20703125 0.181640625 0.205078125 0.1796875 0.20703125
0 0.427734375 0.203125 0.4296875 0.205078125 0.42578125 0.208984375 0.423828125 0.20703125 0.423828125 0.205078125 0.421875 0.205078125 0.423828125 0.20703125 0.421875 0.208984375 0.423828125 0.20703125 0.42578125 0.208984375 0.42578125 0.2109375 0.42578125 0.208984375 0.427734375 0.20703125 0.4296875 0.208984375 0.4296875 0.212890625 0.43359375 0.208984375 0.435546875 0.2109375
0 0.373046875 0.115234375 0.375 0.1171875 0.373046875 0.119140625 0.37109375 0.119140625 0.373046875 0.119140625 0.376953125 0.123046875 0.37890625 0.123046875 0.380859375 0.12109375 0.3828125 0.123046875 0.384765625 0.12109375 0.3828125 0.123046875 0.380859375 0.12109375 0.380859375 0.1171875 0.3828125 0.115234375 0.384765625 0.1171875 0.3828125 0.115234375 0.380859375 0.1171875 0.37890625 0.115234375
0 0.27734375 0.052734375 0.2734375 0.056640625 0.271484375 0.0546875 0.275390625 0.05859375 0.275390625 0.060546875 0.2734375 0.0625 0.275390625 0.064453125 0.27734375 0.0625 0.279296875 0.0625 0.279296875 0.05859375 0.275390625 0.0546875 0.27734375 0.052734375 0.279296875 0.052734375
1 0.80078125 0.287109375 0.802734375 0.2890625 0.80078125 0.291015625 0.798828125 0.291015625 0.796875 0.2890625 0.798828125 0.291015625 0.796875 0.29296875 0.798828125 0.294921875 0.796875 0.29296875 0.798828125 0.291015625 0.80078125 0.291015625 0.8046875 0.294921875 0.80859375 0.294921875 0.810546875 0.29296875 0.80859375 0.291015625 0.8046875 0.291015625
1 0.86328125 0.21875 0.861328125 0.220703125 0.8671875 0.2265625 0.87109375 0.22265625 0.873046875 0.22265625 0.87109375 0.22265625 0.869140625 0.220703125 0.869140625 0.21875 0.8671875 0.220703125 0.865234375 0.220703125
1 0.546875 0.2109375 0.54296875 0.21484375 0.5390625 0.21484375 0.54296875 0.21484375 0.544921875 0.216796875 0.548828125 0.216796875 0.548828125 0.212890625
1 0.177734375 0.205078125 0.17578125 0.20703125 0.173828125 0.20703125 0.173828125 0.2109375 0.17578125 0.212890625 0.1796875 0.208984375 0.1796875 0.20703125 0.181640625 0.205078125 0.1796875 0.20703125
1 0.427734375 0.203125 0.4296875 0.205078125 0.42578125 0.208984375 0.423828125 0.20703125 0.423828125 0.205078125 0.421875 0.205078125 0.423828125 0.20703125 0.421875 0.208984375 0.423828125 0.20703125 0.42578125 0.208984375 0.42578125 0.2109375 0.42578125 0.208984375 0.427734375 0.20703125 0.4296875 0.208984375 0.4296875 0.212890625 0.43359375 0.208984375 0.435546875 0.2109375
1 0.373046875 0.115234375 0.375 0.1171875 0.373046875 0.119140625 0.37109375 0.119140625 0.373046875 0.119140625 0.376953125 0.123046875 0.37890625 0.123046875 0.380859375 0.12109375 0.3828125 0.123046875 0.384765625 0.12109375 0.3828125 0.123046875 0.380859375 0.12109375 0.380859375 0.1171875 0.3828125 0.115234375 0.384765625 0.1171875 0.3828125 0.115234375 0.380859375 0.1171875 0.37890625 0.115234375
1 0.27734375 0.052734375 0.2734375 0.056640625 0.271484375 0.0546875 0.275390625 0.05859375 0.275390625 0.060546875 0.2734375 0.0625 0.275390625 0.064453125 0.27734375 0.0625 0.279296875 0.0625 0.279296875 0.05859375 0.275390625 0.0546875 0.27734375 0.052734375 0.279296875 0.052734375
