0 0.64453125 0.380859375 0.642578125 0.3828125 0.64453125 0.384765625 0.64453125 0.38671875 0.646484375 0.388671875 0.6484375 0.38671875 0.650390625 0.38671875 0.650390625 0.384765625 0.65234375 0.3828125 0.654296875 0.384765625 0.650390625 0.380859375 0.6484375 0.3828125 0.646484375 0.3828125
0 0.427734375 0.2421875 0.4296875 0.2421875 0.431640625 0.244140625 0.4296875 0.24609375 0.427734375 0.24609375 0.4296875 0.24609375 0.431640625 0.248046875 0.435546875 0.248046875 0.435546875 0.244140625 0.43359375 0.2421875 0.431640625 0.244140625 0.4296875 0.2421875
0 0.71875 0.234375 0.720703125 0.236328125 0.71875 0.23828125 0.720703125 0.23828125 0.72265625 0.240234375 0.72265625 0.2421875 0.724609375 0.2421875 0.7265625 0.240234375 0.73046875 0.244140625 0.728515625 0.2421875 0.73046875 0.240234375 0.728515625 0.23828125 0.73046875 0.236328125 0.728515625 0.236328125 0.7265625 0.23828125 0.724609375 0.236328125 0.72265625 0.23828125
0 0.09375 0.22265625 0.09375 0.224609375 0.091796875 0.2265625 0.0859375 0.2265625 0.08984375 0.2265625 0.091796875 0.228515625 0.08984375 0.23046875 0.09375 0.23046875 0.095703125 0.228515625 0.09765625 0.228515625 0.09375 0.224609375
0 0.017578125 0.203125 0.01953125 0.205078125 0.017578125 0.20703125 0.015625 0.20703125 0.017578125 0.208984375 0.015625 0.2109375 0.017578125 0.212890625 0.017578125 0.21484375 0.015625 0.216796875 0.017578125 0.21484375 0.01953125 0.216796875 0.0234375 0.212890625 0.021484375 0.2109375 0.0234375 0.208984375 0.025390625 0.208984375 0.0234375 0.208984375 0.021484375 0.20703125 0.0234375 0.205078125 0.025390625 0.205078125 0.025390625 0.203125 0.021484375 0.20703125
0 0.40625 0.03125 0.404296875 0.033203125 0.404296875 0.037109375 0.40625 0.03515625 0.408203125 0.037109375 0.408203125 0.0390625 0.412109375 0.0390625 0.41015625 0.0390625 0.408203125 0.037109375 0.41015625 0.03515625 0.412109375 0.03515625 0.41015625 0.03515625 0.408203125 0.033203125 0.408203125 0.03125
1 0.64453125 0.380859375 0.642578125 0.3828125 0.64453125 0.384765625 0.64453125 0.38671875 0.646484375 0.388671875 0.6484375 0.38671875 0.650390625 0.38671875 0.650390625 0.384765625 0.65234375 0.3828125 0.654296875 0.384765625 0.650390625 0.380859375 0.6484375 0.3828125 0.646484375 0.3828125
1 0.427734375 0.2421875 0.4296875 0.2421875 0.431640625 0.244140625 0.4296875 0.24609375 0.427734375 0.24609375 0.4296875 0.24609375 0.431640625 0.248046875 0.435546875 0.248046875 0.435546875 0.244140625 0.43359375 0.2421875 0.431640625 0.244140625 0.4296875 0.2421875
1 0.71875 0.234375 0.720703125 0.236328125 0.71875 0.23828125 0.720703125 0.23828125 0.72265625 0.240234375 0.72265625 0.2421875 0.724609375 0.2421875 0.7265625 0.240234375 0.73046875 0.244140625 0.728515625 0.2421875 0.73046875 0.240234375 0.728515625 0.23828125 0.73046875 0.236328125 0.728515625 0.236328125 0.7265625 0.23828125 0.724609375 0.236328125 0.72265625 0.23828125
1 0.09375 0.22265625 0.09375 0.224609375 0.091796875 0.2265625 0.0859375 0.2265625 0.08984375 0.2265625 0.091796875 0.228515625 0.08984375 0.23046875 0.09375 0.23046875 0.095703125 0.228515625 0.09765625 0.228515625 0.09375 0.224609375
1 0.017578125 0.203125 0.01953125 0.205078125 0.017578125 0.20703125 0.015625 0.20703125 0.017578125 0.208984375 0.015625 0.2109375 0.017578125 0.212890625 0.017578125 0.21484375 0.015625 0.216796875 0.017578125 0.21484375 0.01953125 0.216796875 0.0234375 0.212890625 0.021484375 0.2109375 0.0234375 0.208984375 0.025390625 0.208984375 0.0234375 0.208984375 0.021484375 0.20703125 0.0234375 0.205078125 0.025390625 0.205078125 0.025390625 0.203125 0.021484375 0.20703125
1 0.40625 0.03125 0.404296875 0.033203125 0.404296875 0.037109375 0.40625 0.03515625 0.408203125 0.037109375 0.408203125 0.0390625 0.412109375 0.0390625 0.41015625 0.0390625 0.408203125 0.037109375 0.41015625 0.03515625 0.412109375 0.03515625 0.41015625 0.03515625 0.408203125 0.033203125 0.408203125 0.03125
