0 0.078125 0.3046875 0.080078125 0.306640625 0.080078125 0.30859375 0.076171875 0.3125 0.07421875 0.3125 0.076171875 0.314453125 0.078125 0.314453125 0.08203125 0.318359375 0.083984375 0.318359375 0.08203125 0.318359375 0.080078125 0.31640625 0.08203125 0.314453125 0.080078125 0.3125 0.08203125 0.310546875 0.080078125 0.30859375 0.080078125 0.3046875
0 0.5390625 0.2734375 0.541015625 0.2734375 0.54296875 0.275390625 0.541015625 0.27734375 0.54296875 0.279296875 0.541015625 0.28125 0.54296875 0.283203125 0.54296875 0.287109375 0.544921875 0.287109375 0.54296875 0.28515625 0.54296875 0.283203125 0.546875 0.279296875 0.548828125 0.279296875 0.546875 0.27734375 0.544921875 0.27734375 0.541015625 0.2734375
0 0.6875 0.1484375 0.68359375 0.15234375 0.6796875 0.15234375 0.68359375 0.15234375 0.685546875 0.154296875 0.68359375 0.15625 0.6875 0.16015625 0.685546875 0.162109375 0.6875 0.1640625 0.6875 0.166015625 0.689453125 0.16796875 0.6875 0.169921875 0.689453125 0.16796875 0.6875 0.166015625 0.6875 0.1640625 0.689453125 0.162109375 0.69140625 0.162109375 0.689453125 0.162109375 0.6875 0.16015625 0.69140625 0.15625 0.693359375 0.158203125 0.689453125 0.154296875 0.689453125 0.150390625
0 0.115234375 0.130859375 0.1171875 0.130859375 0.119140625 0.1328125 0.115234375 0.13671875 0.115234375 0.140625 0.11328125 0.142578125 0.115234375 0.140625 0.1171875 0.142578125 0.119140625 0.142578125 0.119140625 0.140625 0.12109375 0.138671875 0.1171875 0.134765625 0.119140625 0.1328125 0.1171875 0.130859375
0 0.20703125 0.125 0.20703125 0.130859375 0.212890625 0.130859375 0.212890625 0.126953125 0.2109375 0.125
1 0.078125 0.3046875 0.080078125 0.306640625 0.080078125 0.30859375 0.076171875 0.3125 0.07421875 0.3125 0.076171875 0.314453125 0.078125 0.314453125 0.08203125 0.318359375 0.083984375 0.318359375 0.08203125 0.318359375 0.080078125 0.31640625 0.08203125 0.314453125 0.080078125 0.3125 0.08203125 0.310546875 0.080078125 0.30859375 0.080078125 0.3046875
1 0.5390625 0.2734375 0.541015625 0.2734375 0.54296875 0.275390625 0.541015625 0.27734375 0.54296875 0.279296875 0.541015625 0.28125 0.54296875 0.283203125 0.54296875 0.287109375 0.544921875 0.287109375 0.54296875 0.28515625 0.54296875 0.283203125 0.546875 0.279296875 0.548828125 0.279296875 0.546875 0.27734375 0.544921875 0.27734375 0.541015625 0.2734375
1 0.6875 0.1484375 0.68359375 0.15234375 0.6796875 0.15234375 0.68359375 0.15234375 0.685546875 0.154296875 0.68359375 0.15625 0.6875 0.16015625 0.685546875 0.162109375 0.6875 0.1640625 0.6875 0.166015625 0.689453125 0.16796875 0.6875 0.169921875 0.689453125 0.16796875 0.6875 0.166015625 0.6875 0.1640625 0.689453125 0.162109375 0.69140625 0.162109375 0.689453125 0.162109375 0.6875 0.16015625 0.69140625 0.15625 0.693359375 0.158203125 0.689453125 0.154296875 0.689453125 0.150390625
1 0.115234375 0.130859375 0.1171875 0.130859375 0.119140625 0.1328125 0.115234375 0.13671875 0.115234375 0.140625 0.11328125 0.142578125 0.115234375 0.140625 0.1171875 0.142578125 0.119140625 0.142578125 0.119140625 0.140625 0.12109375 0.138671875 0.1171875 0.134765625 0.119140625 0.1328125 0.1171875 0.130859375
1 0.20703125 0.125 0.20703125 0.130859375 0.212890625 0.130859375 0.212890625 0.126953125 0.2109375 0.125
