0 0.626953125 0.365234375 0.625 0.3671875 0.626953125 0.369140625 0.626953125 0.37109375 0.62890625 0.37109375 0.630859375 0.373046875 0.6328125 0.37109375 0.634765625 0.373046875 0.630859375 0.369140625 0.6328125 0.3671875 0.634765625 0.3671875 0.6328125 0.3671875 0.630859375 0.365234375 0.62890625 0.3671875
0 0.56640625 0.16015625 0.564453125 0.162109375 0.56640625 0.1640625 0.564453125 0.166015625 0.564453125 0.16796875 0.5703125 0.16796875 0.568359375 0.166015625 0.568359375 0.1640625 0.5703125 0.162109375 0.572265625 0.162109375 0.5703125 0.162109375 0.568359375 0.16015625
0 0.501953125 0.095703125 0.50390625 0.09765625 0.501953125 0.099609375 0.5 0.099609375 0.5 0.10546875 0.501953125 0.103515625 0.50390625 0.103515625 0.50390625 0.1015625 0.5078125 0.09765625 0.509765625 0.099609375 0.5078125 0.09765625 0.505859375 0.099609375
0 0.1015625 0.0859375 0.09765625 0.08984375 0.09375 0.08984375 0.095703125 0.091796875 0.095703125 0.095703125 0.09375 0.09765625 0.09765625 0.09375 0.099609375 0.09375 0.099609375 0.087890625
0 0.134765625 0.015625 0.1328125 0.017578125 0.134765625 0.01953125 0.1328125 0.021484375 0.1328125 0.0234375 0.130859375 0.025390625 0.126953125 0.021484375 0.12890625 0.01953125 0.12890625 0.017578125 0.126953125 0.01953125 0.126953125 0.021484375 0.130859375 0.025390625 0.134765625 0.021484375 0.138671875 0.025390625 0.13671875 0.0234375 0.138671875 0.021484375 0.13671875 0.01953125 0.138671875 0.017578125 0.13671875 0.015625
1 0.626953125 0.365234375 0.625 0.3671875 0.626953125 0.369140625 0.626953125 0.37109375 0.62890625 0.37109375 0.630859375 0.373046875 0.6328125 0.37109375 0.634765625 0.373046875 0.630859375 0.369140625 0.6328125 0.3671875 0.634765625 0.3671875 0.6328125 0.3671875 0.630859375 0.365234375 0.62890625 0.3671875
1 0.56640625 0.16015625 0.564453125 0.162109375 0.56640625 0.1640625 0.564453125 0.166015625 0.564453125 0.16796875 0.5703125 0.16796875 0.568359375 0.166015625 0.568359375 0.1640625 0.5703125 0.162109375 0.572265625 0.162109375 0.5703125 0.162109375 0.568359375 0.16015625
1 0.501953125 0.095703125 0.50390625 0.09765625 0.501953125 0.099609375 0.5 0.099609375 0.5 0.10546875 0.501953125 0.103515625 0.50390625 0.103515625 0.50390625 0.1015625 0.5078125 0.09765625 0.509765625 0.099609375 0.5078125 0.09765625 0.505859375 0.099609375
1 0.1015625 0.0859375 0.09765625 0.08984375 0.09375 0.08984375 0.095703125 0.091796875 0.095703125 0.095703125 0.09375 0.09765625 0.09765625 0.09375 0.099609375 0.09375 0.099609375 0.087890625
1 0.134765625 0.015625 0.1328125 0.017578125 0.134765625 0.01953125 0.1328125 0.021484375 0.1328125 0.0234375 0.130859375 0.025390625 0.126953125 0.021484375 0.12890625 0.01953125 0.12890625 0.017578125 0.126953125 0.01953125 0.126953125 0.021484375 0.130859375 0.025390625 0.134765625 0.021484375 0.138671875 0.025390625 0.13671875 0.0234375 0.138671875 0.021484375 0.13671875 0.01953125 0.138671875 0.017578125 0.13671875 0.015625
