0 0.298828125 0.5 0.298828125 0.505859375 0.296875 0.5078125 0.298828125 0.5078125 0.302734375 0.50390625 0.302734375 0.5 0.30078125 0.501953125
0 0.880859375 0.359375 0.8828125 0.361328125 0.87890625 0.365234375 0.880859375 0.3671875 0.880859375 0.37109375 0.8828125 0.369140625 0.884765625 0.37109375 0.884765625 0.369140625 0.888671875 0.365234375 0.88671875 0.3671875 0.884765625 0.3671875 0.8828125 0.365234375 0.884765625 0.36328125 0.884765625 0.361328125 0.8828125 0.361328125
0 0.37109375 0.333984375 0.369140625 0.3359375 0.365234375 0.3359375 0.36328125 0.337890625 0.36328125 0.33984375 0.361328125 0.341796875 0.36328125 0.33984375 0.365234375 0.33984375 0.3671875 0.341796875 0.369140625 0.33984375 0.37109375 0.341796875 0.369140625 0.33984375 0.37109375 0.337890625 0.369140625 0.3359375
0 0.427734375 0.16015625 0.423828125 0.1640625 0.423828125 0.166015625 0.42578125 0.16796875 0.42578125 0.166015625 0.423828125 0.1640625 0.427734375 0.16015625 0.4296875 0.162109375 0.4296875 0.1640625 0.431640625 0.166015625 0.4296875 0.16796875 0.431640625 0.169921875 0.43359375 0.169921875 0.435546875 0.16796875 0.43359375 0.166015625 0.435546875 0.1640625 0.43359375 0.162109375 0.435546875 0.16015625 0.431640625 0.1640625
0 0.357421875 0.078125 0.353515625 0.08203125 0.3515625 0.080078125 0.349609375 0.08203125 0.3515625 0.080078125 0.353515625 0.08203125 0.353515625 0.083984375 0.3515625 0.0859375 0.349609375 0.0859375 0.34765625 0.087890625 0.34765625 0.08984375 0.349609375 0.08984375 0.3515625 0.087890625 0.353515625 0.087890625 0.35546875 0.0859375 0.357421875 0.087890625 0.357421875 0.083984375 0.35546875 0.08203125 0.35546875 0.080078125
0 0.8828125 0.033203125 0.8828125 0.041015625 0.880859375 0.04296875 0.87890625 0.041015625 0.880859375 0.04296875 0.8828125 0.04296875 0.884765625 0.044921875 0.8828125 0.04296875 0.884765625 0.041015625 0.88671875 0.041015625 0.88671875 0.037109375 0.888671875 0.03515625 0.88671875 0.037109375 0.884765625 0.037109375 0.8828125 0.03515625 0.884765625 0.033203125
0 0.92578125 0.01953125 0.923828125 0.021484375 0.923828125 0.025390625 0.92578125 0.025390625 0.927734375 0.02734375 0.9296875 0.025390625 0.931640625 0.02734375 0.9296875 0.025390625 0.9296875 0.0234375
1 0.298828125 0.5 0.298828125 0.505859375 0.296875 0.5078125 0.298828125 0.5078125 0.302734375 0.50390625 0.302734375 0.5 0.30078125 0.501953125
1 0.880859375 0.359375 0.8828125 0.361328125 0.87890625 0.365234375 0.880859375 0.3671875 0.880859375 0.37109375 0.8828125 0.369140625 0.884765625 0.37109375 0.884765625 0.369140625 0.888671875 0.365234375 0.88671875 0.3671875 0.884765625 0.3671875 0.8828125 0.365234375 0.884765625 0.36328125 0.884765625 0.361328125 0.8828125 0.361328125
1 0.37109375 0.333984375 0.369140625 0.3359375 0.365234375 0.3359375 0.36328125 0.337890625 0.36328125 0.33984375 0.361328125 0.341796875 0.36328125 0.33984375 0.365234375 0.33984375 0.3671875 0.341796875 0.369140625 0.33984375 0.37109375 0.341796875 0.369140625 0.33984375 0.37109375 0.337890625 0.369140625 0.3359375
1 0.427734375 0.16015625 0.423828125 0.1640625 0.423828125 0.166015625 0.42578125 0.16796875 0.42578125 0.166015625 0.423828125 0.1640625 0.427734375 0.16015625 0.4296875 0.162109375 0.4296875 0.1640625 0.431640625 0.166015625 0.4296875 0.16796875 0.431640625 0.169921875 0.43359375 0.169921875 0.435546875 0.16796875 0.43359375 0.166015625 0.435546875 0.1640625 0.43359375 0.162109375 0.435546875 0.16015625 0.431640625 0.1640625
1 0.357421875 0.078125 0.353515625 0.08203125 0.3515625 0.080078125 0.349609375 0.08203125 0.3515625 0.080078125 0.353515625 0.08203125 0.353515625 0.083984375 0.3515625 0.0859375 0.349609375 0.0859375 0.34765625 0.087890625 0.34765625 0.08984375 0.349609375 0.08984375 0.3515625 0.087890625 0.353515625 0.087890625 0.35546875 0.0859375 0.357421875 0.087890625 0.357421875 0.083984375 0.35546875 0.08203125 0.35546875 0.080078125
1 0.8828125 0.033203125 0.8828125 0.041015625 0.880859375 0.04296875 0.87890625 0.041015625 0.880859375 0.04296875 0.8828125 0.04296875 0.884765625 0.044921875 0.8828125 0.04296875 0.884765625 0.041015625 0.88671875 0.041015625 0.88671875 0.037109375 0.888671875 0.03515625 0.88671875 0.037109375 0.884765625 0.037109375 0.8828125 0.03515625 0.884765625 0.033203125
1 0.92578125 0.01953125 0.923828125 0.021484375 0.923828125 0.025390625 0.92578125 0.025390625 0.927734375 0.02734375 0.9296875 0.025390625 0.931640625 0.02734375 0.9296875 0.025390625 0.9296875 0.0234375
