0 0.953125 0.32421875 0.953125 0.326171875 0.94921875 0.330078125 0.9453125 0.330078125 0.94921875 0.330078125 0.953125 0.333984375 0.955078125 0.33203125 0.955078125 0.326171875
0 0.900390625 0.3125 0.900390625 0.314453125 0.8984375 0.31640625 0.896484375 0.314453125 0.89453125 0.314453125 0.896484375 0.314453125 0.8984375 0.31640625 0.896484375 0.318359375 0.896484375 0.322265625 0.8984375 0.32421875 0.900390625 0.322265625 0.90234375 0.322265625 0.90234375 0.3203125 0.904296875 0.318359375 0.90234375 0.3203125 0.8984375 0.31640625 0.900390625 0.314453125
0 0.5703125 0.3046875 0.572265625 0.3046875 0.57421875 0.306640625 0.572265625 0.30859375 0.57421875 0.310546875 0.572265625 0.3125 0.57421875 0.314453125 0.57421875 0.318359375 0.578125 0.318359375 0.576171875 0.318359375 0.57421875 0.31640625 0.57421875 0.314453125 0.576171875 0.3125 0.578125 0.314453125 0.580078125 0.3125 0.580078125 0.310546875 0.578125 0.30859375 0.576171875 0.30859375 0.572265625 0.3046875
0 0.8828125 0.302734375 0.884765625 0.3046875 0.8828125 0.306640625 0.87890625 0.306640625 0.8828125 0.310546875 0.884765625 0.310546875 0.88671875 0.30859375 0.884765625 0.306640625 0.884765625 0.3046875
0 0.4375 0.2578125 0.439453125 0.259765625 0.439453125 0.263671875 0.44140625 0.263671875 0.443359375 0.26171875 0.4453125 0.26171875 0.443359375 0.259765625 0.443359375 0.2578125
0 0.76953125 0.146484375 0.76953125 0.154296875 0.771484375 0.154296875 0.7734375 0.15234375 0.775390625 0.15234375 0.77734375 0.154296875 0.7734375 0.150390625 0.7734375 0.1484375 0.771484375 0.1484375
0 0.94921875 0.11328125 0.951171875 0.115234375 0.951171875 0.1171875 0.947265625 0.12109375 0.94921875 0.12109375 0.951171875 0.123046875 0.953125 0.12109375 0.953125 0.1171875 0.951171875 0.115234375 0.953125 0.11328125 0.951171875 0.115234375
0 0.912109375 0.078125 0.908203125 0.08203125 0.90625 0.080078125 0.908203125 0.08203125 0.908203125 0.083984375 0.90625 0.0859375 0.908203125 0.083984375 0.91015625 0.0859375 0.9140625 0.0859375 0.9140625 0.083984375 0.916015625 0.08203125 0.919921875 0.0859375 0.919921875 0.087890625 0.91796875 0.08984375 0.916015625 0.08984375 0.91796875 0.08984375 0.919921875 0.091796875 0.923828125 0.087890625 0.92578125 0.087890625 0.923828125 0.087890625 0.921875 0.0859375 0.921875 0.08203125 0.9140625 0.08203125 0.912109375 0.080078125
0 0.1796875 0.001953125 0.177734375 0.00390625 0.1796875 0.005859375 0.177734375 0.0078125 0.17578125 0.0078125 0.17578125 0.009765625 0.177734375 0.009765625 0.1796875 0.01171875 0.181640625 0.01171875 0.185546875 0.0078125 0.185546875 0.005859375 0.18359375 0.005859375 0.181640625 0.0078125 0.177734375 0.00390625
1 0.953125 0.32421875 0.953125 0.326171875 0.94921875 0.330078125 0.9453125 0.330078125 0.94921875 0.330078125 0.953125 0.333984375 0.955078125 0.33203125 0.955078125 0.326171875
1 0.900390625 0.3125 0.900390625 0.314453125 0.8984375 0.31640625 0.896484375 0.314453125 0.89453125 0.314453125 0.896484375 0.314453125 0.8984375 0.31640625 0.896484375 0.318359375 0.896484375 0.322265625 0.8984375 0.32421875 0.900390625 0.322265625 0.90234375 0.322265625 0.90234375 0.3203125 0.904296875 0.318359375 0.90234375 0.3203125 0.8984375 0.31640625 0.900390625 0.314453125
1 0.5703125 0.3046875 0.572265625 0.3046875 0.57421875 0.306640625 0.572265625 0.30859375 0.57421875 0.310546875 0.572265625 0.3125 0.57421875 0.314453125 0.57421875 0.318359375 0.578125 0.318359375 0.576171875 0.318359375 0.57421875 0.31640625 0.57421875 0.314453125 0.576171875 0.3125 0.578125 0.314453125 0.580078125 0.3125 0.580078125 0.310546875 0.578125 0.30859375 0.576171875 0.30859375 0.572265625 0.3046875
1 0.8828125 0.302734375 0.884765625 0.3046875 0.8828125 0.306640625 0.87890625 0.306640625 0.8828125 0.310546875 0.884765625 0.310546875 0.88671875 0.30859375 0.884765625 0.306640625 0.884765625 0.3046875
1 0.4375 0.2578125 0.439453125 0.259765625 0.439453125 0.263671875 0.44140625 0.263671875 0.443359375 0.26171875 0.4453125 0.26171875 0.443359375 0.259765625 0.443359375 0.2578125
1 0.76953125 0.146484375 0.76953125 0.154296875 0.771484375 0.154296875 0.7734375 0.15234375 0.775390625 0.15234375 0.77734375 0.154296875 0.7734375 0.150390625 0.7734375 0.1484375 0.771484375 0.1484375
1 0.94921875 0.11328125 0.951171875 0.115234375 0.951171875 0.1171875 0.947265625 0.12109375 0.94921875 0.12109375 0.951171875 0.123046875 0.953125 0.12109375 0.953125 0.1171875 0.951171875 0.115234375 0.953125 0.11328125 0.951171875 0.115234375
1 0.912109375 0.078125 0.908203125 0.08203125 0.90625 0.080078125 0.908203125 0.08203125 0.908203125 0.083984375 0.90625 0.0859375 0.908203125 0.083984375 0.91015625 0.0859375 0.9140625 0.0859375 0.9140625 0.083984375 0.916015625 0.08203125 0.919921875 0.0859375 0.919921875 0.087890625 0.91796875 0.08984375 0.916015625 0.08984375 0.91796875 0.08984375 0.919921875 0.091796875 0.923828125 0.087890625 0.92578125 0.087890625 0.923828125 0.087890625 0.921875 0.0859375 0.921875 0.08203125 0.9140625 0.08203125 0.912109375 0.080078125
1 0.1796875 0.001953125 0.177734375 0.00390625 0.1796875 0.005859375 0.177734375 0.0078125 0.17578125 0.0078125 0.17578125 0.009765625 0.177734375 0.009765625 0.1796875 0.01171875 0.181640625 0.01171875 0.185546875 0.0078125 0.185546875 0.005859375 0.18359375 0.005859375 0.181640625 0.0078125 0.177734375 0.00390625
