0 0.412109375 0.421875 0.41015625 0.423828125 0.408203125 0.423828125 0.408203125 0.42578125 0.40625 0.427734375 0.408203125 0.4296875 0.41015625 0.427734375 0.412109375 0.4296875 0.4140625 0.427734375 0.416015625 0.427734375 0.4140625 0.427734375 0.412109375 0.42578125 0.416015625 0.421875 0.4140625 0.423828125
0 0.357421875 0.15234375 0.35546875 0.154296875 0.357421875 0.15625 0.35546875 0.158203125 0.3515625 0.158203125 0.35546875 0.158203125 0.357421875 0.16015625 0.359375 0.158203125 0.36328125 0.162109375 0.365234375 0.162109375 0.36328125 0.162109375 0.361328125 0.16015625 0.36328125 0.158203125 0.361328125 0.15625 0.361328125 0.154296875 0.359375 0.15234375
0 0.099609375 0.046875 0.09765625 0.048828125 0.099609375 0.046875 0.1015625 0.048828125 0.1015625 0.05078125 0.099609375 0.052734375 0.09765625 0.052734375 0.09765625 0.0546875 0.099609375 0.056640625 0.09765625 0.05859375 0.099609375 0.05859375 0.1015625 0.056640625 0.1015625 0.0546875 0.103515625 0.052734375 0.10546875 0.052734375 0.103515625 0.052734375 0.1015625 0.05078125 0.10546875 0.046875 0.103515625 0.048828125 0.1015625 0.048828125
0 0.57421875 0.0390625 0.57421875 0.04296875 0.572265625 0.044921875 0.572265625 0.046875 0.5703125 0.048828125 0.568359375 0.046875 0.568359375 0.041015625 0.568359375 0.046875 0.5703125 0.048828125 0.568359375 0.05078125 0.56640625 0.05078125 0.568359375 0.05078125 0.5703125 0.048828125 0.572265625 0.05078125 0.572265625 0.052734375 0.568359375 0.056640625 0.56640625 0.0546875 0.568359375 0.056640625 0.56640625 0.05859375 0.576171875 0.048828125 0.576171875 0.044921875 0.57421875 0.04296875 0.57421875 0.041015625 0.576171875 0.0390625
0 0.1171875 0.01171875 0.111328125 0.017578125 0.115234375 0.013671875 0.1171875 0.015625 0.1171875 0.017578125 0.115234375 0.01953125 0.1171875 0.017578125 0.12109375 0.017578125 0.123046875 0.015625 0.12109375 0.015625 0.119140625 0.013671875 0.119140625 0.01171875
1 0.412109375 0.421875 0.41015625 0.423828125 0.408203125 0.423828125 0.408203125 0.42578125 0.40625 0.427734375 0.408203125 0.4296875 0.41015625 0.427734375 0.412109375 0.4296875 0.4140625 0.427734375 0.416015625 0.427734375 0.4140625 0.427734375 0.412109375 0.42578125 0.416015625 0.421875 0.4140625 0.423828125
1 0.357421875 0.15234375 0.35546875 0.154296875 0.357421875 0.15625 0.35546875 0.158203125 0.3515625 0.158203125 0.35546875 0.158203125 0.357421875 0.16015625 0.359375 0.158203125 0.36328125 0.162109375 0.365234375 0.162109375 0.36328125 0.162109375 0.361328125 0.16015625 0.36328125 0.158203125 0.361328125 0.15625 0.361328125 0.154296875 0.359375 0.15234375
1 0.099609375 0.046875 0.09765625 0.048828125 0.099609375 0.046875 0.1015625 0.048828125 0.1015625 0.05078125 0.099609375 0.052734375 0.09765625 0.052734375 0.09765625 0.0546875 0.099609375 0.056640625 0.09765625 0.05859375 0.099609375 0.05859375 0.1015625 0.056640625 0.1015625 0.0546875 0.103515625 0.052734375 0.10546875 0.052734375 0.103515625 0.052734375 0.1015625 0.05078125 0.10546875 0.046875 0.103515625 0.048828125 0.1015625 0.048828125
1 0.57421875 0.0390625 0.57421875 0.04296875 0.572265625 0.044921875 0.572265625 0.046875 0.5703125 0.048828125 0.568359375 0.046875 0.568359375 0.041015625 0.568359375 0.046875 0.5703125 0.048828125 0.568359375 0.05078125 0.56640625 0.05078125 0.568359375 0.05078125 0.5703125 0.048828125 0.572265625 0.05078125 0.572265625 0.052734375 0.568359375 0.056640625 0.56640625 0.0546875 0.568359375 0.056640625 0.56640625 0.05859375 0.576171875 0.048828125 0.576171875 0.044921875 0.57421875 0.04296875 0.57421875 0.041015625 0.576171875 0.0390625
1 0.1171875 0.01171875 0.111328125 0.017578125 0.115234375 0.013671875 0.1171875 0.015625 0.1171875 0.017578125 0.115234375 0.01953125 0.1171875 0.017578125 0.12109375 0.017578125 0.123046875 0.015625 0.12109375 0.015625 0.119140625 0.013671875 0.119140625 0.01171875
