0 0.728515625 0.984375 0.7265625 0.986328125 0.724609375 0.986328125 0.7265625 0.98828125 0.724609375 0.990234375 0.72265625 0.990234375 0.72265625 0.9921875 0.720703125 0.994140625 0.72265625 0.99609375 0.7265625 0.9921875 0.73046875 0.9921875 0.732421875 0.994140625 0.73046875 0.99609375 0.732421875 0.994140625 0.73046875 0.9921875 0.728515625 0.9921875 0.7265625 0.990234375 0.728515625 0.98828125 0.7265625 0.986328125
0 0.611328125 0.90625 0.609375 0.908203125 0.611328125 0.91015625 0.61328125 0.91015625 0.615234375 0.912109375 0.619140625 0.912109375 0.619140625 0.908203125 0.62109375 0.90625 0.623046875 0.908203125 0.62109375 0.90625 0.619140625 0.908203125 0.6171875 0.90625 0.61328125 0.91015625 0.611328125 0.91015625 0.609375 0.908203125
0 0.763671875 0.828125 0.76171875 0.830078125 0.7578125 0.830078125 0.76171875 0.830078125 0.763671875 0.83203125 0.76953125 0.83203125 0.771484375 0.833984375 0.76953125 0.8359375 0.767578125 0.8359375 0.767578125 0.841796875 0.771484375 0.837890625 0.76953125 0.8359375 0.771484375 0.833984375 0.7734375 0.833984375 0.775390625 0.83203125 0.7734375 0.830078125 0.775390625 0.83203125 0.7734375 0.833984375 0.771484375 0.833984375 0.76953125 0.83203125 0.76953125 0.830078125 0.767578125 0.830078125 0.765625 0.828125
0 0.294921875 0.80859375 0.29296875 0.810546875 0.294921875 0.810546875 0.296875 0.8125 0.298828125 0.8125 0.30078125 0.814453125 0.302734375 0.8125 0.30078125 0.810546875 0.302734375 0.80859375 0.3046875 0.80859375
0 0.75 0.734375 0.751953125 0.736328125 0.75 0.73828125 0.751953125 0.73828125 0.75390625 0.740234375 0.75390625 0.7421875 0.755859375 0.7421875 0.7578125 0.740234375 0.76171875 0.744140625 0.759765625 0.7421875 0.76171875 0.740234375 0.759765625 0.73828125 0.76171875 0.736328125 0.759765625 0.736328125 0.7578125 0.73828125 0.755859375 0.736328125 0.75390625 0.73828125
0 0.451171875 0.73046875 0.44921875 0.732421875 0.44921875 0.734375 0.447265625 0.736328125 0.44921875 0.73828125 0.447265625 0.740234375 0.4453125 0.740234375 0.447265625 0.740234375 0.451171875 0.736328125 0.453125 0.73828125 0.455078125 0.736328125 0.458984375 0.736328125 0.455078125 0.736328125 0.451171875 0.732421875
0 0.193359375 0.427734375 0.193359375 0.4296875 0.19140625 0.431640625 0.1875 0.431640625 0.189453125 0.431640625 0.19140625 0.43359375 0.193359375 0.43359375 0.1953125 0.435546875 0.197265625 0.43359375 0.1953125 0.431640625 0.1953125 0.4296875
0 0.392578125 0.376953125 0.390625 0.37890625 0.392578125 0.380859375 0.39453125 0.380859375 0.396484375 0.3828125 0.39453125 0.384765625 0.396484375 0.38671875 0.39453125 0.388671875 0.396484375 0.38671875 0.3984375 0.38671875 0.396484375 0.384765625 0.3984375 0.3828125 0.400390625 0.3828125 0.400390625 0.380859375 0.40234375 0.37890625 0.400390625 0.376953125 0.396484375 0.380859375 0.392578125 0.380859375 0.390625 0.37890625
0 0.873046875 0.3046875 0.87109375 0.306640625 0.869140625 0.306640625 0.869140625 0.310546875 0.8671875 0.3125 0.865234375 0.310546875 0.869140625 0.314453125 0.87109375 0.3125 0.873046875 0.3125 0.873046875 0.310546875 0.87109375 0.30859375 0.87109375 0.306640625
0 0.703125 0.189453125 0.703125 0.19140625 0.701171875 0.193359375 0.69921875 0.193359375 0.69921875 0.1953125 0.705078125 0.1953125 0.70703125 0.197265625 0.705078125 0.19921875 0.708984375 0.1953125 0.7109375 0.197265625 0.712890625 0.1953125 0.7109375 0.197265625 0.70703125 0.193359375 0.70703125 0.19140625 0.705078125 0.19140625
1 0.728515625 0.984375 0.7265625 0.986328125 0.724609375 0.986328125 0.7265625 0.98828125 0.724609375 0.990234375 0.72265625 0.990234375 0.72265625 0.9921875 0.720703125 0.994140625 0.72265625 0.99609375 0.7265625 0.9921875 0.73046875 0.9921875 0.732421875 0.994140625 0.73046875 0.99609375 0.732421875 0.994140625 0.73046875 0.9921875 0.728515625 0.9921875 0.7265625 0.990234375 0.728515625 0.98828125 0.7265625 0.986328125
1 0.611328125 0.90625 0.609375 0.908203125 0.611328125 0.91015625 0.61328125 0.91015625 0.615234375 0.912109375 0.619140625 0.912109375 0.619140625 0.908203125 0.62109375 0.90625 0.623046875 0.908203125 0.62109375 0.90625 0.619140625 0.908203125 0.6171875 0.90625 0.61328125 0.91015625 0.611328125 0.91015625 0.609375 0.908203125
1 0.763671875 0.828125 0.76171875 0.830078125 0.7578125 0.830078125 0.76171875 0.830078125 0.763671875 0.83203125 0.76953125 0.83203125 0.771484375 0.833984375 0.76953125 0.8359375 0.767578125 0.8359375 0.767578125 0.841796875 0.771484375 0.837890625 0.76953125 0.8359375 0.771484375 0.833984375 0.7734375 0.833984375 0.775390625 0.83203125 0.7734375 0.830078125 0.775390625 0.83203125 0.7734375 0.833984375 0.771484375 0.833984375 0.76953125 0.83203125 0.76953125 0.830078125 0.767578125 0.830078125 0.765625 0.828125
1 0.294921875 0.80859375 0.29296875 0.810546875 0.294921875 0.810546875 0.296875 0.8125 0.298828125 0.8125 0.30078125 0.814453125 0.302734375 0.8125 0.30078125 0.810546875 0.302734375 0.80859375 0.3046875 0.80859375
1 0.75 0.734375 0.751953125 0.736328125 0.75 0.73828125 0.751953125 0.73828125 0.75390625 0.740234375 0.75390625 0.7421875 0.755859375 0.7421875 0.7578125 0.740234375 0.76171875 0.744140625 0.759765625 0.7421875 0.76171875 0.740234375 0.759765625 0.73828125 0.76171875 0.736328125 0.759765625 0.736328125 0.7578125 0.73828125 0.755859375 0.736328125 0.75390625 0.73828125
1 0.451171875 0.73046875 0.44921875 0.732421875 0.44921875 0.734375 0.447265625 0.736328125 0.44921875 0.73828125 0.447265625 0.740234375 0.4453125 0.740234375 0.447265625 0.740234375 0.451171875 0.736328125 0.453125 0.73828125 0.455078125 0.736328125 0.458984375 0.736328125 0.455078125 0.736328125 0.451171875 0.732421875
1 0.193359375 0.427734375 0.193359375 0.4296875 0.19140625 0.431640625 0.1875 0.431640625 0.189453125 0.431640625 0.19140625 0.43359375 0.193359375 0.43359375 0.1953125 0.435546875 0.197265625 0.43359375 0.1953125 0.431640625 0.1953125 0.4296875
1 0.392578125 0.376953125 0.390625 0.37890625 0.392578125 0.380859375 0.39453125 0.380859375 0.396484375 0.3828125 0.39453125 0.384765625 0.396484375 0.38671875 0.39453125 0.388671875 0.396484375 0.38671875 0.3984375 0.38671875 0.396484375 0.384765625 0.3984375 0.3828125 0.400390625 0.3828125 0.400390625 0.380859375 0.40234375 0.37890625 0.400390625 0.376953125 0.396484375 0.380859375 0.392578125 0.380859375 0.390625 0.37890625
1 0.873046875 0.3046875 0.87109375 0.306640625 0.869140625 0.306640625 0.869140625 0.310546875 0.8671875 0.3125 0.865234375 0.310546875 0.869140625 0.314453125 0.87109375 0.3125 0.873046875 0.3125 0.873046875 0.310546875 0.87109375 0.30859375 0.87109375 0.306640625
1 0.703125 0.189453125 0.703125 0.19140625 0.701171875 0.193359375 0.69921875 0.193359375 0.69921875 0.1953125 0.705078125 0.1953125 0.70703125 0.197265625 0.705078125 0.19921875 0.708984375 0.1953125 0.7109375 0.197265625 0.712890625 0.1953125 0.7109375 0.197265625 0.70703125 0.193359375 0.70703125 0.19140625 0.705078125 0.19140625
