0 0.0 0.490234375 0.001953125 0.490234375 0.00390625 0.4921875 0.0 0.49609375 0.0 0.498046875 0.001953125 0.5 0.001953125 0.501953125 0.001953125 0.5 0.00390625 0.498046875 0.00390625 0.49609375 0.0078125 0.4921875 0.005859375 0.494140625 0.001953125 0.490234375
0 0.078125 0.1875 0.080078125 0.189453125 0.078125 0.19140625 0.080078125 0.19140625 0.08203125 0.193359375 0.08203125 0.1953125 0.083984375 0.1953125 0.0859375 0.193359375 0.08984375 0.197265625 0.087890625 0.1953125 0.08984375 0.193359375 0.087890625 0.19140625 0.08984375 0.189453125 0.087890625 0.189453125 0.0859375 0.19140625 0.083984375 0.189453125 0.08203125 0.19140625
0 0.50390625 0.109375 0.501953125 0.111328125 0.5 0.111328125 0.498046875 0.11328125 0.498046875 0.1171875 0.49609375 0.119140625 0.494140625 0.119140625 0.49609375 0.119140625 0.498046875 0.12109375 0.5 0.12109375 0.498046875 0.12109375 0.49609375 0.119140625 0.498046875 0.1171875 0.501953125 0.1171875 0.50390625 0.119140625
0 0.736328125 0.05078125 0.736328125 0.052734375 0.734375 0.0546875 0.734375 0.05859375 0.736328125 0.060546875 0.73828125 0.05859375 0.740234375 0.05859375 0.7421875 0.060546875 0.744140625 0.060546875 0.7421875 0.060546875 0.740234375 0.05859375 0.7421875 0.056640625 0.744140625 0.056640625 0.7421875 0.0546875 0.74609375 0.05078125 0.748046875 0.052734375 0.74609375 0.05078125 0.744140625 0.052734375 0.73828125 0.052734375
0 0.72265625 0.0390625 0.71875 0.04296875 0.71875 0.044921875 0.724609375 0.044921875 0.724609375 0.04296875 0.72265625 0.041015625 0.724609375 0.0390625
1 0.0 0.490234375 0.001953125 0.490234375 0.00390625 0.4921875 0.0 0.49609375 0.0 0.498046875 0.001953125 0.5 0.001953125 0.501953125 0.001953125 0.5 0.00390625 0.498046875 0.00390625 0.49609375 0.0078125 0.4921875 0.005859375 0.494140625 0.001953125 0.490234375
1 0.078125 0.1875 0.080078125 0.189453125 0.078125 0.19140625 0.080078125 0.19140625 0.08203125 0.193359375 0.08203125 0.1953125 0.083984375 0.1953125 0.0859375 0.193359375 0.08984375 0.197265625 0.087890625 0.1953125 0.08984375 0.193359375 0.087890625 0.19140625 0.08984375 0.189453125 0.087890625 0.189453125 0.0859375 0.19140625 0.083984375 0.189453125 0.08203125 0.19140625
1 0.50390625 0.109375 0.501953125 0.111328125 0.5 0.111328125 0.498046875 0.11328125 0.498046875 0.1171875 0.49609375 0.119140625 0.494140625 0.119140625 0.49609375 0.119140625 0.498046875 0.12109375 0.5 0.12109375 0.498046875 0.12109375 0.49609375 0.119140625 0.498046875 0.1171875 0.501953125 0.1171875 0.50390625 0.119140625
1 0.736328125 0.05078125 0.736328125 0.052734375 0.734375 0.0546875 0.734375 0.05859375 0.736328125 0.060546875 0.73828125 0.05859375 0.740234375 0.05859375 0.7421875 0.060546875 0.744140625 0.060546875 0.7421875 0.060546875 0.740234375 0.05859375 0.7421875 0.056640625 0.744140625 0.056640625 0.7421875 0.0546875 0.74609375 0.05078125 0.748046875 0.052734375 0.74609375 0.05078125 0.744140625 0.052734375 0.73828125 0.052734375
1 0.72265625 0.0390625 0.71875 0.04296875 0.71875 0.044921875 0.724609375 0.044921875 0.724609375 0.04296875 0.72265625 0.041015625 0.724609375 0.0390625
