0 0.939453125 0.953125 0.94140625 0.955078125 0.943359375 0.955078125 0.9453125 0.95703125 0.943359375 0.958984375 0.9453125 0.9609375 0.947265625 0.958984375 0.947265625 0.95703125 0.94921875 0.955078125 0.951171875 0.955078125 0.947265625 0.955078125 0.9453125 0.953125 0.943359375 0.955078125 0.94140625 0.955078125
0 0.6484375 0.921875 0.6484375 0.923828125 0.646484375 0.92578125 0.64453125 0.923828125 0.642578125 0.92578125 0.64453125 0.927734375 0.642578125 0.9296875 0.646484375 0.92578125 0.6484375 0.927734375 0.650390625 0.927734375 0.65234375 0.92578125 0.654296875 0.92578125 0.65234375 0.92578125 0.650390625 0.923828125 0.65234375 0.921875 0.650390625 0.923828125
0 0.5234375 0.90625 0.521484375 0.908203125 0.515625 0.908203125 0.513671875 0.91015625 0.51171875 0.91015625 0.513671875 0.912109375 0.513671875 0.9140625 0.517578125 0.9140625 0.51953125 0.916015625 0.5234375 0.912109375 0.52734375 0.916015625 0.521484375 0.91015625 0.521484375 0.908203125
0 0.13671875 0.849609375 0.1328125 0.853515625 0.130859375 0.8515625 0.134765625 0.85546875 0.134765625 0.857421875 0.1328125 0.859375 0.134765625 0.859375 0.138671875 0.86328125 0.13671875 0.861328125 0.13671875 0.859375 0.138671875 0.857421875 0.138671875 0.85546875 0.134765625 0.8515625 0.13671875 0.849609375 0.138671875 0.849609375
0 0.318359375 0.73828125 0.314453125 0.7421875 0.314453125 0.744140625 0.3125 0.74609375 0.314453125 0.748046875 0.3203125 0.748046875 0.322265625 0.74609375 0.322265625 0.73828125
0 0.244140625 0.724609375 0.24609375 0.7265625 0.244140625 0.728515625 0.2421875 0.728515625 0.240234375 0.7265625 0.240234375 0.728515625 0.2421875 0.73046875 0.240234375 0.732421875 0.244140625 0.732421875 0.24609375 0.73046875 0.24609375 0.7265625
0 0.642578125 0.689453125 0.642578125 0.69140625 0.64453125 0.689453125 0.646484375 0.69140625 0.6484375 0.689453125 0.650390625 0.689453125 0.65234375 0.69140625 0.6484375 0.6953125 0.64453125 0.6953125 0.64453125 0.697265625 0.640625 0.701171875 0.642578125 0.69921875 0.650390625 0.69921875 0.654296875 0.6953125 0.65234375 0.693359375 0.65234375 0.69140625 0.650390625 0.689453125 0.6484375 0.689453125 0.646484375 0.69140625 0.64453125 0.689453125
0 0.09765625 0.66796875 0.09765625 0.669921875 0.099609375 0.671875 0.09765625 0.673828125 0.095703125 0.673828125 0.09765625 0.67578125 0.095703125 0.677734375 0.095703125 0.6796875 0.099609375 0.6796875 0.099609375 0.67578125 0.1015625 0.673828125 0.1015625 0.669921875 0.103515625 0.66796875 0.1015625 0.669921875 0.099609375 0.66796875
0 0.7890625 0.658203125 0.787109375 0.66015625 0.78515625 0.66015625 0.78515625 0.662109375 0.78125 0.666015625 0.78515625 0.662109375 0.787109375 0.6640625 0.787109375 0.666015625 0.7890625 0.6640625 0.791015625 0.6640625 0.79296875 0.666015625 0.791015625 0.6640625 0.79296875 0.662109375 0.79296875 0.66015625 0.791015625 0.658203125
0 0.958984375 0.62109375 0.9609375 0.62109375 0.962890625 0.623046875 0.962890625 0.625 0.96484375 0.626953125 0.96484375 0.630859375 0.96875 0.630859375 0.966796875 0.630859375 0.96484375 0.62890625 0.96484375 0.626953125 0.966796875 0.625 0.96875 0.626953125 0.970703125 0.625 0.970703125 0.623046875 0.96875 0.62109375
0 0.755859375 0.2578125 0.7578125 0.2578125 0.759765625 0.259765625 0.7578125 0.26171875 0.755859375 0.26171875 0.7578125 0.26171875 0.759765625 0.263671875 0.763671875 0.263671875 0.763671875 0.259765625 0.76171875 0.2578125 0.759765625 0.259765625 0.7578125 0.2578125
0 0.1328125 0.189453125 0.130859375 0.19140625 0.130859375 0.193359375 0.12890625 0.1953125 0.126953125 0.1953125 0.12890625 0.1953125 0.130859375 0.197265625 0.126953125 0.201171875 0.12890625 0.19921875 0.130859375 0.19921875 0.1328125 0.201171875 0.134765625 0.19921875 0.1328125 0.201171875 0.130859375 0.19921875 0.130859375 0.197265625 0.1328125 0.1953125 0.134765625 0.1953125 0.134765625 0.193359375 0.1328125 0.19140625 0.134765625 0.189453125
0 0.5 0.16796875 0.5 0.171875 0.501953125 0.173828125 0.501953125 0.17578125 0.5 0.177734375 0.501953125 0.177734375 0.501953125 0.173828125 0.50390625 0.171875 0.50390625 0.169921875 0.505859375 0.16796875 0.5078125 0.16796875
0 0.0625 0.015625 0.0625 0.01953125 0.064453125 0.021484375 0.064453125 0.0234375 0.064453125 0.021484375 0.068359375 0.017578125 0.06640625 0.015625
1 0.939453125 0.953125 0.94140625 0.955078125 0.943359375 0.955078125 0.9453125 0.95703125 0.943359375 0.958984375 0.9453125 0.9609375 0.947265625 0.958984375 0.947265625 0.95703125 0.94921875 0.955078125 0.951171875 0.955078125 0.947265625 0.955078125 0.9453125 0.953125 0.943359375 0.955078125 0.94140625 0.955078125
1 0.6484375 0.921875 0.6484375 0.923828125 0.646484375 0.92578125 0.64453125 0.923828125 0.642578125 0.92578125 0.64453125 0.927734375 0.642578125 0.9296875 0.646484375 0.92578125 0.6484375 0.927734375 0.650390625 0.927734375 0.65234375 0.92578125 0.654296875 0.92578125 0.65234375 0.92578125 0.650390625 0.923828125 0.65234375 0.921875 0.650390625 0.923828125
1 0.5234375 0.90625 0.521484375 0.908203125 0.515625 0.908203125 0.513671875 0.91015625 0.51171875 0.91015625 0.513671875 0.912109375 0.513671875 0.9140625 0.517578125 0.9140625 0.51953125 0.916015625 0.5234375 0.912109375 0.52734375 0.916015625 0.521484375 0.91015625 0.521484375 0.908203125
1 0.13671875 0.849609375 0.1328125 0.853515625 0.130859375 0.8515625 0.134765625 0.85546875 0.134765625 0.857421875 0.1328125 0.859375 0.134765625 0.859375 0.138671875 0.86328125 0.13671875 0.861328125 0.13671875 0.859375 0.138671875 0.857421875 0.138671875 0.85546875 0.134765625 0.8515625 0.13671875 0.849609375 0.138671875 0.849609375
1 0.318359375 0.73828125 0.314453125 0.7421875 0.314453125 0.744140625 0.3125 0.74609375 0.314453125 0.748046875 0.3203125 0.748046875 0.322265625 0.74609375 0.322265625 0.73828125
1 0.244140625 0.724609375 0.24609375 0.7265625 0.244140625 0.728515625 0.2421875 0.728515625 0.240234375 0.7265625 0.240234375 0.728515625 0.2421875 0.73046875 0.240234375 0.732421875 0.244140625 0.732421875 0.24609375 0.73046875 0.24609375 0.7265625
1 0.642578125 0.689453125 0.642578125 0.69140625 0.64453125 0.689453125 0.646484375 0.69140625 0.6484375 0.689453125 0.650390625 0.689453125 0.65234375 0.69140625 0.6484375 0.6953125 0.64453125 0.6953125 0.64453125 0.697265625 0.640625 0.701171875 0.642578125 0.69921875 0.650390625 0.69921875 0.654296875 0.6953125 0.65234375 0.693359375 0.65234375 0.69140625 0.650390625 0.689453125 0.6484375 0.689453125 0.646484375 0.69140625 0.64453125 0.689453125
1 0.09765625 0.66796875 0.09765625 0.669921875 0.099609375 0.671875 0.09765625 0.673828125 0.095703125 0.673828125 0.09765625 0.67578125 0.095703125 0.677734375 0.095703125 0.6796875 0.099609375 0.6796875 0.099609375 0.67578125 0.1015625 0.673828125 0.1015625 0.669921875 0.103515625 0.66796875 0.1015625 0.669921875 0.099609375 0.66796875
1 0.7890625 0.658203125 0.787109375 0.66015625 0.78515625 0.66015625 0.78515625 0.662109375 0.78125 0.666015625 0.78515625 0.662109375 0.787109375 0.6640625 0.787109375 0.666015625 0.7890625 0.6640625 0.791015625 0.6640625 0.79296875 0.666015625 0.791015625 0.6640625 0.79296875 0.662109375 0.79296875 0.66015625 0.791015625 0.658203125
1 0.958984375 0.62109375 0.9609375 0.62109375 0.962890625 0.623046875 0.962890625 0.625 0.96484375 0.626953125 0.96484375 0.630859375 0.96875 0.630859375 0.966796875 0.630859375 0.96484375 0.62890625 0.96484375 0.626953125 0.966796875 0.625 0.96875 0.626953125 0.970703125 0.625 0.970703125 0.623046875 0.96875 0.62109375
1 0.755859375 0.2578125 0.7578125 0.2578125 0.759765625 0.259765625 0.7578125 0.26171875 0.755859375 0.26171875 0.7578125 0.26171875 0.759765625 0.263671875 0.763671875 0.263671875 0.763671875 0.259765625 0.76171875 0.2578125 0.759765625 0.259765625 0.7578125 0.2578125
1 0.1328125 0.189453125 0.130859375 0.19140625 0.130859375 0.193359375 0.12890625 0.1953125 0.126953125 0.1953125 0.12890625 0.1953125 0.130859375 0.197265625 0.126953125 0.201171875 0.12890625 0.19921875 0.130859375 0.19921875 0.1328125 0.201171875 0.134765625 0.19921875 0.1328125 0.201171875 0.130859375 0.19921875 0.130859375 0.197265625 0.1328125 0.1953125 0.134765625 0.1953125 0.134765625 0.193359375 0.1328125 0.19140625 0.134765625 0.189453125
1 0.5 0.16796875 0.5 0.171875 0.501953125 0.173828125 0.501953125 0.17578125 0.5 0.177734375 0.501953125 0.177734375 0.501953125 0.173828125 0.50390625 0.171875 0.50390625 0.169921875 0.505859375 0.16796875 0.5078125 0.16796875
1 0.0625 0.015625 0.0625 0.01953125 0.064453125 0.021484375 0.064453125 0.0234375 0.064453125 0.021484375 0.068359375 0.017578125 0.06640625 0.015625
