0 0.822265625 0.806640625 0.8203125 0.80859375 0.8203125 0.810546875 0.822265625 0.8125 0.8203125 0.814453125 0.822265625 0.8125 0.826171875 0.81640625 0.82421875 0.818359375 0.822265625 0.818359375 0.82421875 0.818359375 0.826171875 0.8203125 0.826171875 0.822265625 0.82421875 0.82421875 0.826171875 0.826171875 0.828125 0.82421875 0.826171875 0.822265625 0.826171875 0.8203125 0.82421875 0.818359375 0.826171875 0.81640625 0.828125 0.81640625 0.830078125 0.814453125 0.833984375 0.814453125 0.830078125 0.814453125 0.826171875 0.810546875 0.826171875 0.80859375 0.822265625 0.8125 0.8203125 0.810546875 0.8203125 0.80859375
0 0.505859375 0.265625 0.5078125 0.267578125 0.509765625 0.265625 0.51171875 0.267578125 0.51171875 0.26953125 0.5078125 0.2734375 0.509765625 0.271484375 0.521484375 0.271484375 0.517578125 0.271484375 0.515625 0.26953125 0.517578125 0.267578125 0.51171875 0.267578125 0.509765625 0.265625 0.5078125 0.267578125
0 0.357421875 0.234375 0.35546875 0.236328125 0.353515625 0.236328125 0.357421875 0.240234375 0.357421875 0.2421875 0.35546875 0.244140625 0.357421875 0.2421875 0.359375 0.244140625 0.357421875 0.2421875 0.359375 0.240234375 0.359375 0.236328125
0 0.630859375 0.21875 0.6328125 0.220703125 0.62890625 0.224609375 0.626953125 0.22265625 0.626953125 0.220703125 0.625 0.220703125 0.626953125 0.22265625 0.625 0.224609375 0.626953125 0.22265625 0.62890625 0.224609375 0.62890625 0.2265625 0.62890625 0.224609375 0.630859375 0.22265625 0.6328125 0.224609375 0.6328125 0.228515625 0.63671875 0.224609375 0.638671875 0.2265625
0 0.259765625 0.203125 0.259765625 0.205078125 0.255859375 0.208984375 0.25390625 0.20703125 0.255859375 0.208984375 0.25390625 0.2109375 0.255859375 0.212890625 0.2578125 0.212890625 0.259765625 0.21484375 0.26171875 0.212890625 0.259765625 0.2109375 0.26171875 0.208984375 0.259765625 0.2109375 0.2578125 0.208984375 0.2578125 0.20703125 0.259765625 0.205078125
0 0.01953125 0.0625 0.017578125 0.064453125 0.015625 0.064453125 0.01953125 0.068359375 0.0234375 0.064453125 0.025390625 0.064453125 0.02734375 0.0625 0.025390625 0.064453125 0.0234375 0.064453125 0.021484375 0.0625
0 0.564453125 0.046875 0.5625 0.048828125 0.5625 0.05078125 0.56640625 0.0546875 0.568359375 0.052734375 0.56640625 0.05078125 0.56640625 0.046875
1 0.822265625 0.806640625 0.8203125 0.80859375 0.8203125 0.810546875 0.822265625 0.8125 0.8203125 0.814453125 0.822265625 0.8125 0.826171875 0.81640625 0.82421875 0.818359375 0.822265625 0.818359375 0.82421875 0.818359375 0.826171875 0.8203125 0.826171875 0.822265625 0.82421875 0.82421875 0.826171875 0.826171875 0.828125 0.82421875 0.826171875 0.822265625 0.826171875 0.8203125 0.82421875 0.818359375 0.826171875 0.81640625 0.828125 0.81640625 0.830078125 0.814453125 0.833984375 0.814453125 0.830078125 0.814453125 0.826171875 0.810546875 0.826171875 0.80859375 0.822265625 0.8125 0.8203125 0.810546875 0.8203125 0.80859375
1 0.505859375 0.265625 0.5078125 0.267578125 0.509765625 0.265625 0.51171875 0.267578125 0.51171875 0.26953125 0.5078125 0.2734375 0.509765625 0.271484375 0.521484375 0.271484375 0.517578125 0.271484375 0.515625 0.26953125 0.517578125 0.267578125 0.51171875 0.267578125 0.509765625 0.265625 0.5078125 0.267578125
1 0.357421875 0.234375 0.35546875 0.236328125 0.353515625 0.236328125 0.357421875 0.240234375 0.357421875 0.2421875 0.35546875 0.244140625 0.357421875 0.2421875 0.359375 0.244140625 0.357421875 0.2421875 0.359375 0.240234375 0.359375 0.236328125
1 0.630859375 0.21875 0.6328125 0.220703125 0.62890625 0.224609375 0.626953125 0.22265625 0.626953125 0.220703125 0.625 0.220703125 0.626953125 0.22265625 0.625 0.224609375 0.626953125 0.22265625 0.62890625 0.224609375 0.62890625 0.2265625 0.62890625 0.224609375 0.630859375 0.22265625 0.6328125 0.224609375 0.6328125 0.228515625 0.63671875 0.224609375 0.638671875 0.2265625
1 0.259765625 0.203125 0.259765625 0.205078125 0.255859375 0.208984375 0.25390625 0.20703125 0.255859375 0.208984375 0.25390625 0.2109375 0.255859375 0.212890625 0.2578125 0.212890625 0.259765625 0.21484375 0.26171875 0.212890625 0.259765625 0.2109375 0.26171875 0.208984375 0.259765625 0.2109375 0.2578125 0.208984375 0.2578125 0.20703125 0.259765625 0.205078125
1 0.01953125 0.0625 0.017578125 0.064453125 0.015625 0.064453125 0.01953125 0.068359375 0.0234375 0.064453125 0.025390625 0.064453125 0.02734375 0.0625 0.025390625 0.064453125 0.0234375 0.064453125 0.021484375 0.0625
1 0.564453125 0.046875 0.5625 0.048828125 0.5625 0.05078125 0.56640625 0.0546875 0.568359375 0.052734375 0.56640625 0.05078125 0.56640625 0.046875
