0 0.548828125 0.546875 0.55078125 0.548828125 0.55078125 0.55078125 0.552734375 0.552734375 0.556640625 0.552734375 0.55859375 0.5546875 0.556640625 0.552734375 0.55859375 0.55078125 0.556640625 0.548828125 0.55859375 0.546875 0.556640625 0.548828125 0.5546875 0.546875 0.552734375 0.548828125 0.55078125 0.548828125
0 0.38671875 0.3671875 0.38671875 0.37109375 0.384765625 0.373046875 0.384765625 0.376953125 0.380859375 0.380859375 0.3828125 0.37890625 0.38671875 0.3828125 0.388671875 0.3828125 0.38671875 0.3828125 0.384765625 0.380859375 0.388671875 0.376953125 0.388671875 0.373046875 0.38671875 0.37109375 0.38671875 0.369140625 0.388671875 0.3671875
0 0.751953125 0.296875 0.75 0.298828125 0.751953125 0.30078125 0.755859375 0.30078125 0.759765625 0.3046875 0.7578125 0.302734375 0.759765625 0.30078125 0.76171875 0.30078125 0.763671875 0.302734375 0.76171875 0.30078125 0.763671875 0.298828125 0.76171875 0.296875 0.763671875 0.298828125 0.76171875 0.30078125 0.759765625 0.30078125 0.755859375 0.296875
0 0.830078125 0.29296875 0.830078125 0.294921875 0.828125 0.296875 0.83203125 0.30078125 0.833984375 0.30078125 0.833984375 0.298828125 0.837890625 0.294921875 0.837890625 0.29296875 0.837890625 0.294921875 0.8359375 0.296875 0.833984375 0.294921875 0.833984375 0.29296875 0.83203125 0.294921875
0 0.765625 0.267578125 0.76171875 0.271484375 0.763671875 0.2734375 0.76171875 0.275390625 0.763671875 0.27734375 0.76171875 0.279296875 0.765625 0.275390625 0.765625 0.271484375 0.767578125 0.26953125 0.76953125 0.26953125 0.767578125 0.26953125
0 0.0 0.26171875 0.0 0.265625 0.001953125 0.267578125 0.001953125 0.26953125 0.0 0.271484375 0.001953125 0.271484375 0.001953125 0.267578125 0.00390625 0.265625 0.00390625 0.263671875 0.005859375 0.26171875 0.0078125 0.26171875
0 0.1640625 0.234375 0.162109375 0.236328125 0.16015625 0.236328125 0.16015625 0.23828125 0.162109375 0.240234375 0.16015625 0.2421875 0.158203125 0.2421875 0.15625 0.240234375 0.16015625 0.244140625 0.16015625 0.24609375 0.162109375 0.244140625 0.1640625 0.24609375 0.1640625 0.2421875 0.166015625 0.240234375 0.162109375 0.236328125
0 0.64453125 0.158203125 0.642578125 0.16015625 0.642578125 0.162109375 0.640625 0.1640625 0.642578125 0.166015625 0.642578125 0.16796875 0.64453125 0.169921875 0.642578125 0.16796875 0.642578125 0.166015625 0.640625 0.1640625 0.642578125 0.162109375 0.64453125 0.162109375 0.6484375 0.166015625 0.6484375 0.16796875 0.6484375 0.166015625 0.646484375 0.1640625 0.650390625 0.16015625 0.6484375 0.16015625 0.646484375 0.158203125
0 0.892578125 0.15625 0.896484375 0.16015625 0.896484375 0.162109375 0.8984375 0.162109375 0.900390625 0.1640625 0.900390625 0.15625 0.8984375 0.15625 0.896484375 0.158203125 0.89453125 0.158203125
0 0.51953125 0.111328125 0.51953125 0.11328125 0.515625 0.1171875 0.517578125 0.115234375 0.51953125 0.115234375 0.521484375 0.1171875 0.51953125 0.119140625 0.51953125 0.12109375 0.521484375 0.12109375 0.5234375 0.123046875 0.521484375 0.12109375 0.525390625 0.1171875 0.5234375 0.115234375 0.5234375 0.111328125 0.521484375 0.11328125
0 0.486328125 0.078125 0.48828125 0.080078125 0.490234375 0.080078125 0.4921875 0.08203125 0.490234375 0.083984375 0.4921875 0.0859375 0.494140625 0.083984375 0.494140625 0.08203125 0.49609375 0.080078125 0.498046875 0.080078125 0.494140625 0.080078125 0.4921875 0.078125 0.490234375 0.080078125 0.48828125 0.080078125
1 0.548828125 0.546875 0.55078125 0.548828125 0.55078125 0.55078125 0.552734375 0.552734375 0.556640625 0.552734375 0.55859375 0.5546875 0.556640625 0.552734375 0.55859375 0.55078125 0.556640625 0.548828125 0.55859375 0.546875 0.556640625 0.548828125 0.5546875 0.546875 0.552734375 0.548828125 0.55078125 0.548828125
1 0.38671875 0.3671875 0.38671875 0.37109375 0.384765625 0.373046875 0.384765625 0.376953125 0.380859375 0.380859375 0.3828125 0.37890625 0.38671875 0.3828125 0.388671875 0.3828125 0.38671875 0.3828125 0.384765625 0.380859375 0.388671875 0.376953125 0.388671875 0.373046875 0.38671875 0.37109375 0.38671875 0.369140625 0.388671875 0.3671875
1 0.751953125 0.296875 0.75 0.298828125 0.751953125 0.30078125 0.755859375 0.30078125 0.759765625 0.3046875 0.7578125 0.302734375 0.759765625 0.30078125 0.76171875 0.30078125 0.763671875 0.302734375 0.76171875 0.30078125 0.763671875 0.298828125 0.76171875 0.296875 0.763671875 0.298828125 0.76171875 0.30078125 0.759765625 0.30078125 0.755859375 0.296875
1 0.830078125 0.29296875 0.830078125 0.294921875 0.828125 0.296875 0.83203125 0.30078125 0.833984375 0.30078125 0.833984375 0.298828125 0.837890625 0.294921875 0.837890625 0.29296875 0.837890625 0.294921875 0.8359375 0.296875 0.833984375 0.294921875 0.833984375 0.29296875 0.83203125 0.294921875
1 0.765625 0.267578125 0.76171875 0.271484375 0.763671875 0.2734375 0.76171875 0.275390625 0.763671875 0.27734375 0.76171875 0.279296875 0.765625 0.275390625 0.765625 0.271484375 0.767578125 0.26953125 0.76953125 0.26953125 0.767578125 0.26953125
1 0.0 0.26171875 0.0 0.265625 0.001953125 0.267578125 0.001953125 0.26953125 0.0 0.271484375 0.001953125 0.271484375 0.001953125 0.267578125 0.00390625 0.265625 0.00390625 0.263671875 0.005859375 0.26171875 0.0078125 0.26171875
1 0.1640625 0.234375 0.162109375 0.236328125 0.16015625 0.236328125 0.16015625 0.23828125 0.162109375 0.240234375 0.16015625 0.2421875 0.158203125 0.2421875 0.15625 0.240234375 0.16015625 0.244140625 0.16015625 0.24609375 0.162109375 0.244140625 0.1640625 0.24609375 0.1640625 0.2421875 0.166015625 0.240234375 0.162109375 0.236328125
1 0.64453125 0.158203125 0.642578125 0.16015625 0.642578125 0.162109375 0.640625 0.1640625 0.642578125 0.166015625 0.642578125 0.16796875 0.64453125 0.169921875 0.642578125 0.16796875 0.642578125 0.166015625 0.640625 0.1640625 0.642578125 0.162109375 0.64453125 0.162109375 0.6484375 0.166015625 0.6484375 0.16796875 0.6484375 0.166015625 0.646484375 0.1640625 0.650390625 0.16015625 0.6484375 0.16015625 0.646484375 0.158203125
1 0.892578125 0.15625 0.896484375 0.16015625 0.896484375 0.162109375 0.8984375 0.162109375 0.900390625 0.1640625 0.900390625 0.15625 0.8984375 0.15625 0.896484375 0.158203125 0.89453125 0.158203125
1 0.51953125 0.111328125 0.51953125 0.11328125 0.515625 0.1171875 0.517578125 0.115234375 0.51953125 0.115234375 0.521484375 0.1171875 0.51953125 0.119140625 0.51953125 0.12109375 0.521484375 0.12109375 0.5234375 0.123046875 0.521484375 0.12109375 0.525390625 0.1171875 0.5234375 0.115234375 0.5234375 0.111328125 0.521484375 0.11328125
1 0.486328125 0.078125 0.48828125 0.080078125 0.490234375 0.080078125 0.4921875 0.08203125 0.490234375 0.083984375 0.4921875 0.0859375 0.494140625 0.083984375 0.494140625 0.08203125 0.49609375 0.080078125 0.498046875 0.080078125 0.494140625 0.080078125 0.4921875 0.078125 0.490234375 0.080078125 0.48828125 0.080078125
