0 0.96484375 0.94140625 0.9609375 0.9453125 0.958984375 0.943359375 0.95703125 0.943359375 0.95703125 0.9453125 0.955078125 0.947265625 0.953125 0.947265625 0.955078125 0.94921875 0.953125 0.951171875 0.95703125 0.947265625 0.958984375 0.94921875 0.9609375 0.947265625 0.962890625 0.94921875 0.96484375 0.94921875 0.962890625 0.947265625 0.96484375 0.9453125 0.962890625 0.943359375
0 0.9921875 0.6015625 0.990234375 0.603515625 0.990234375 0.607421875 0.986328125 0.611328125 0.984375 0.609375 0.98828125 0.61328125 0.986328125 0.611328125 0.98828125 0.609375 0.990234375 0.609375 0.9921875 0.611328125 0.99609375 0.611328125 0.998046875 0.609375 0.998046875 0.603515625 0.99609375 0.603515625 0.994140625 0.6015625
0 0.55078125 0.51171875 0.55078125 0.513671875 0.548828125 0.515625 0.546875 0.515625 0.548828125 0.517578125 0.552734375 0.517578125 0.5546875 0.51953125 0.552734375 0.517578125 0.552734375 0.515625 0.5546875 0.513671875 0.55859375 0.517578125 0.552734375 0.51171875
0 0.755859375 0.39453125 0.75390625 0.396484375 0.755859375 0.3984375 0.75390625 0.400390625 0.755859375 0.400390625 0.7578125 0.3984375 0.759765625 0.3984375 0.759765625 0.396484375 0.76171875 0.39453125
0 0.072265625 0.328125 0.072265625 0.330078125 0.068359375 0.333984375 0.06640625 0.33203125 0.068359375 0.333984375 0.06640625 0.3359375 0.068359375 0.337890625 0.0703125 0.337890625 0.072265625 0.33984375 0.07421875 0.337890625 0.072265625 0.3359375 0.07421875 0.333984375 0.072265625 0.3359375 0.0703125 0.333984375 0.0703125 0.33203125 0.072265625 0.330078125
0 0.58203125 0.28125 0.583984375 0.283203125 0.58203125 0.28515625 0.583984375 0.287109375 0.583984375 0.2890625 0.5859375 0.291015625 0.5859375 0.29296875 0.587890625 0.291015625 0.58984375 0.29296875 0.591796875 0.291015625 0.587890625 0.287109375 0.5859375 0.2890625 0.58203125 0.28515625 0.583984375 0.283203125
0 0.599609375 0.240234375 0.6015625 0.2421875 0.599609375 0.244140625 0.59765625 0.244140625 0.595703125 0.2421875 0.59765625 0.244140625 0.59765625 0.24609375 0.599609375 0.248046875 0.60546875 0.248046875 0.603515625 0.24609375 0.603515625 0.244140625 0.60546875 0.2421875 0.603515625 0.240234375 0.6015625 0.2421875
0 0.158203125 0.236328125 0.16015625 0.23828125 0.158203125 0.240234375 0.16015625 0.2421875 0.158203125 0.244140625 0.158203125 0.24609375 0.158203125 0.244140625 0.16015625 0.2421875 0.162109375 0.2421875 0.1640625 0.244140625 0.162109375 0.24609375 0.162109375 0.248046875 0.1640625 0.248046875 0.166015625 0.24609375 0.166015625 0.244140625 0.1640625 0.244140625 0.162109375 0.2421875 0.162109375 0.240234375
0 0.078125 0.234375 0.076171875 0.236328125 0.078125 0.23828125 0.078125 0.240234375 0.080078125 0.2421875 0.078125 0.244140625 0.076171875 0.244140625 0.07421875 0.24609375 0.0703125 0.24609375 0.07421875 0.24609375 0.078125 0.25 0.078125 0.251953125 0.08203125 0.248046875 0.083984375 0.25 0.083984375 0.251953125 0.08203125 0.25390625 0.083984375 0.251953125 0.083984375 0.25 0.08203125 0.248046875 0.083984375 0.24609375 0.08203125 0.248046875 0.078125 0.244140625 0.080078125 0.2421875 0.08203125 0.2421875 0.080078125 0.2421875 0.078125 0.240234375 0.078125 0.23828125 0.080078125 0.236328125
0 0.4375 0.1875 0.439453125 0.189453125 0.4375 0.19140625 0.439453125 0.19140625 0.44140625 0.193359375 0.44140625 0.1953125 0.443359375 0.1953125 0.4453125 0.193359375 0.44921875 0.197265625 0.447265625 0.1953125 0.44921875 0.193359375 0.447265625 0.19140625 0.44921875 0.189453125 0.447265625 0.189453125 0.4453125 0.19140625 0.443359375 0.189453125 0.44140625 0.19140625
0 0.080078125 0.109375 0.078125 0.111328125 0.080078125 0.109375 0.083984375 0.11328125 0.083984375 0.115234375 0.0859375 0.11328125 0.087890625 0.115234375 0.087890625 0.1171875 0.0859375 0.119140625 0.091796875 0.11328125 0.08984375 0.111328125 0.08984375 0.109375 0.0859375 0.109375 0.0859375 0.111328125 0.083984375 0.11328125
0 0.021484375 0.0859375 0.0234375 0.087890625 0.01953125 0.091796875 0.017578125 0.08984375 0.01953125 0.091796875 0.01953125 0.09375 0.025390625 0.09375 0.02734375 0.091796875 0.029296875 0.091796875 0.02734375 0.08984375 0.029296875 0.087890625 0.02734375 0.0859375 0.025390625 0.087890625 0.0234375 0.087890625
0 0.61328125 0.078125 0.611328125 0.080078125 0.609375 0.080078125 0.607421875 0.08203125 0.60546875 0.08203125 0.603515625 0.083984375 0.603515625 0.0859375 0.60546875 0.0859375 0.607421875 0.087890625 0.607421875 0.08984375 0.609375 0.08984375 0.611328125 0.091796875 0.609375 0.08984375 0.611328125 0.087890625 0.61328125 0.087890625 0.615234375 0.08984375 0.615234375 0.091796875 0.615234375 0.08984375 0.6171875 0.087890625 0.619140625 0.087890625 0.62109375 0.08984375 0.619140625 0.087890625 0.6171875 0.087890625 0.61328125 0.083984375 0.61328125 0.08203125 0.611328125 0.080078125
1 0.96484375 0.94140625 0.9609375 0.9453125 0.958984375 0.943359375 0.95703125 0.943359375 0.95703125 0.9453125 0.955078125 0.947265625 0.953125 0.947265625 0.955078125 0.94921875 0.953125 0.951171875 0.95703125 0.947265625 0.958984375 0.94921875 0.9609375 0.947265625 0.962890625 0.94921875 0.96484375 0.94921875 0.962890625 0.947265625 0.96484375 0.9453125 0.962890625 0.943359375
1 0.9921875 0.6015625 0.990234375 0.603515625 0.990234375 0.607421875 0.986328125 0.611328125 0.984375 0.609375 0.98828125 0.61328125 0.986328125 0.611328125 0.98828125 0.609375 0.990234375 0.609375 0.9921875 0.611328125 0.99609375 0.611328125 0.998046875 0.609375 0.998046875 0.603515625 0.99609375 0.603515625 0.994140625 0.6015625
1 0.55078125 0.51171875 0.55078125 0.513671875 0.548828125 0.515625 0.546875 0.515625 0.548828125 0.517578125 0.552734375 0.517578125 0.5546875 0.51953125 0.552734375 0.517578125 0.552734375 0.515625 0.5546875 0.513671875 0.55859375 0.517578125 0.552734375 0.51171875
1 0.755859375 0.39453125 0.75390625 0.396484375 0.755859375 0.3984375 0.75390625 0.400390625 0.755859375 0.400390625 0.7578125 0.3984375 0.759765625 0.3984375 0.759765625 0.396484375 0.76171875 0.39453125
1 0.072265625 0.328125 0.072265625 0.330078125 0.068359375 0.333984375 0.06640625 0.33203125 0.068359375 0.333984375 0.06640625 0.3359375 0.068359375 0.337890625 0.0703125 0.337890625 0.072265625 0.33984375 0.07421875 0.337890625 0.072265625 0.3359375 0.07421875 0.333984375 0.072265625 0.3359375 0.0703125 0.333984375 0.0703125 0.33203125 0.072265625 0.330078125
1 0.58203125 0.28125 0.583984375 0.283203125 0.58203125 0.28515625 0.583984375 0.287109375 0.583984375 0.2890625 0.5859375 0.291015625 0.5859375 0.29296875 0.587890625 0.291015625 0.58984375 0.29296875 0.591796875 0.291015625 0.587890625 0.287109375 0.5859375 0.2890625 0.58203125 0.28515625 0.583984375 0.283203125
1 0.599609375 0.240234375 0.6015625 0.2421875 0.599609375 0.244140625 0.59765625 0.244140625 0.595703125 0.2421875 0.59765625 0.244140625 0.59765625 0.24609375 0.599609375 0.248046875 0.60546875 0.248046875 0.603515625 0.24609375 0.603515625 0.244140625 0.60546875 0.2421875 0.603515625 0.240234375 0.6015625 0.2421875
1 0.158203125 0.236328125 0.16015625 0.23828125 0.158203125 0.240234375 0.16015625 0.2421875 0.158203125 0.244140625 0.158203125 0.24609375 0.158203125 0.244140625 0.16015625 0.2421875 0.162109375 0.2421875 0.1640625 0.244140625 0.162109375 0.24609375 0.162109375 0.248046875 0.1640625 0.248046875 0.166015625 0.24609375 0.166015625 0.244140625 0.1640625 0.244140625 0.162109375 0.2421875 0.162109375 0.240234375
1 0.078125 0.234375 0.076171875 0.236328125 0.078125 0.23828125 0.078125 0.240234375 0.080078125 0.2421875 0.078125 0.244140625 0.076171875 0.244140625 0.07421875 0.24609375 0.0703125 0.24609375 0.07421875 0.24609375 0.078125 0.25 0.078125 0.251953125 0.08203125 0.248046875 0.083984375 0.25 0.083984375 0.251953125 0.08203125 0.25390625 0.083984375 0.251953125 0.083984375 0.25 0.08203125 0.248046875 0.083984375 0.24609375 0.08203125 0.248046875 0.078125 0.244140625 0.080078125 0.2421875 0.08203125 0.2421875 0.080078125 0.2421875 0.078125 0.240234375 0.078125 0.23828125 0.080078125 0.236328125
1 0.4375 0.1875 0.439453125 0.189453125 0.4375 0.19140625 0.439453125 0.19140625 0.44140625 0.193359375 0.44140625 0.1953125 0.443359375 0.1953125 0.4453125 0.193359375 0.44921875 0.197265625 0.447265625 0.1953125 0.44921875 0.193359375 0.447265625 0.19140625 0.44921875 0.189453125 0.447265625 0.189453125 0.4453125 0.19140625 0.443359375 0.189453125 0.44140625 0.19140625
1 0.080078125 0.109375 0.078125 0.111328125 0.080078125 0.109375 0.083984375 0.11328125 0.083984375 0.115234375 0.0859375 0.11328125 0.087890625 0.115234375 0.087890625 0.1171875 0.0859375 0.119140625 0.091796875 0.11328125 0.08984375 0.111328125 0.08984375 0.109375 0.0859375 0.109375 0.0859375 0.111328125 0.083984375 0.11328125
1 0.021484375 0.0859375 0.0234375 0.087890625 0.01953125 0.091796875 0.017578125 0.08984375 0.01953125 0.091796875 0.01953125 0.09375 0.025390625 0.09375 0.02734375 0.091796875 0.029296875 0.091796875 0.02734375 0.08984375 0.029296875 0.087890625 0.02734375 0.0859375 0.025390625 0.087890625 0.0234375 0.087890625
1 0.61328125 0.078125 0.611328125 0.080078125 0.609375 0.080078125 0.607421875 0.08203125 0.60546875 0.08203125 0.603515625 0.083984375 0.603515625 0.0859375 0.60546875 0.0859375 0.607421875 0.087890625 0.607421875 0.08984375 0.609375 0.08984375 0.611328125 0.091796875 0.609375 0.08984375 0.611328125 0.087890625 0.61328125 0.087890625 0.615234375 0.08984375 0.615234375 0.091796875 0.615234375 0.08984375 0.6171875 0.087890625 0.619140625 0.087890625 0.62109375 0.08984375 0.619140625 0.087890625 0.6171875 0.087890625 0.61328125 0.083984375 0.61328125 0.08203125 0.611328125 0.080078125
