0 0.953125 0.78125 0.955078125 0.783203125 0.955078125 0.78515625 0.95703125 0.787109375 0.9609375 0.787109375 0.962890625 0.78515625 0.966796875 0.7890625 0.962890625 0.78515625 0.96484375 0.783203125 0.962890625 0.78125 0.96484375 0.783203125 0.962890625 0.78515625 0.9609375 0.78515625 0.958984375 0.783203125 0.955078125 0.783203125
0 0.94921875 0.3046875 0.94921875 0.30859375 0.947265625 0.310546875 0.947265625 0.31640625 0.94921875 0.31640625 0.951171875 0.318359375 0.94921875 0.31640625 0.94921875 0.314453125 0.951171875 0.3125 0.951171875 0.310546875 0.94921875 0.30859375 0.94921875 0.306640625 0.951171875 0.3046875
0 0.83984375 0.205078125 0.8359375 0.208984375 0.833984375 0.20703125 0.833984375 0.208984375 0.83203125 0.2109375 0.83203125 0.212890625 0.833984375 0.21484375 0.83203125 0.216796875 0.833984375 0.21484375 0.8359375 0.21484375 0.837890625 0.216796875 0.8359375 0.21484375 0.837890625 0.212890625 0.8359375 0.2109375 0.8359375 0.208984375
0 0.396484375 0.099609375 0.396484375 0.1015625 0.39453125 0.103515625 0.390625 0.103515625 0.392578125 0.103515625 0.39453125 0.10546875 0.396484375 0.10546875 0.3984375 0.107421875 0.400390625 0.10546875 0.3984375 0.103515625 0.3984375 0.1015625
0 0.81640625 0.08984375 0.81640625 0.091796875 0.818359375 0.09375 0.818359375 0.095703125 0.8203125 0.09765625 0.8203125 0.099609375 0.822265625 0.099609375 0.822265625 0.09765625 0.82421875 0.095703125 0.82421875 0.08984375 0.822265625 0.091796875 0.8203125 0.08984375 0.8203125 0.091796875 0.818359375 0.09375 0.81640625 0.091796875
0 0.634765625 0.064453125 0.6328125 0.06640625 0.634765625 0.068359375 0.630859375 0.072265625 0.62890625 0.072265625 0.626953125 0.0703125 0.626953125 0.072265625 0.625 0.07421875 0.626953125 0.076171875 0.6328125 0.076171875 0.634765625 0.07421875 0.63671875 0.076171875 0.638671875 0.07421875 0.63671875 0.076171875 0.634765625 0.07421875 0.634765625 0.072265625 0.6328125 0.0703125 0.634765625 0.068359375 0.6328125 0.06640625
0 0.724609375 0.048828125 0.7265625 0.05078125 0.7265625 0.052734375 0.728515625 0.0546875 0.728515625 0.056640625 0.732421875 0.052734375 0.728515625 0.048828125 0.7265625 0.05078125
0 0.849609375 0.0390625 0.845703125 0.04296875 0.84765625 0.041015625 0.8515625 0.044921875 0.849609375 0.04296875 0.8515625 0.041015625 0.853515625 0.041015625 0.857421875 0.044921875 0.861328125 0.044921875 0.86328125 0.04296875 0.861328125 0.041015625 0.857421875 0.041015625 0.85546875 0.04296875 0.853515625 0.041015625 0.8515625 0.041015625
1 0.953125 0.78125 0.955078125 0.783203125 0.955078125 0.78515625 0.95703125 0.787109375 0.9609375 0.787109375 0.962890625 0.78515625 0.966796875 0.7890625 0.962890625 0.78515625 0.96484375 0.783203125 0.962890625 0.78125 0.96484375 0.783203125 0.962890625 0.78515625 0.9609375 0.78515625 0.958984375 0.783203125 0.955078125 0.783203125
1 0.94921875 0.3046875 0.94921875 0.30859375 0.947265625 0.310546875 0.947265625 0.31640625 0.94921875 0.31640625 0.951171875 0.318359375 0.94921875 0.31640625 0.94921875 0.314453125 0.951171875 0.3125 0.951171875 0.310546875 0.94921875 0.30859375 0.94921875 0.306640625 0.951171875 0.3046875
1 0.83984375 0.205078125 0.8359375 0.208984375 0.833984375 0.20703125 0.833984375 0.208984375 0.83203125 0.2109375 0.83203125 0.212890625 0.833984375 0.21484375 0.83203125 0.216796875 0.833984375 0.21484375 0.8359375 0.21484375 0.837890625 0.216796875 0.8359375 0.21484375 0.837890625 0.212890625 0.8359375 0.2109375 0.8359375 0.208984375
1 0.396484375 0.099609375 0.396484375 0.1015625 0.39453125 0.103515625 0.390625 0.103515625 0.392578125 0.103515625 0.39453125 0.10546875 0.396484375 0.10546875 0.3984375 0.107421875 0.400390625 0.10546875 0.3984375 0.103515625 0.3984375 0.1015625
1 0.81640625 0.08984375 0.81640625 0.091796875 0.818359375 0.09375 0.818359375 0.095703125 0.8203125 0.09765625 0.8203125 0.099609375 0.822265625 0.099609375 0.822265625 0.09765625 0.82421875 0.095703125 0.82421875 0.08984375 0.822265625 0.091796875 0.8203125 0.08984375 0.8203125 0.091796875 0.818359375 0.09375 0.81640625 0.091796875
1 0.634765625 0.064453125 0.6328125 0.06640625 0.634765625 0.068359375 0.630859375 0.072265625 0.62890625 0.072265625 0.626953125 0.0703125 0.626953125 0.072265625 0.625 0.07421875 0.626953125 0.076171875 0.6328125 0.076171875 0.634765625 0.07421875 0.63671875 0.076171875 0.638671875 0.07421875 0.63671875 0.076171875 0.634765625 0.07421875 0.634765625 0.072265625 0.6328125 0.0703125 0.634765625 0.068359375 0.6328125 0.06640625
1 0.724609375 0.048828125 0.7265625 0.05078125 0.7265625 0.052734375 0.728515625 0.0546875 0.728515625 0.056640625 0.732421875 0.052734375 0.728515625 0.048828125 0.7265625 0.05078125
1 0.849609375 0.0390625 0.845703125 0.04296875 0.84765625 0.041015625 0.8515625 0.044921875 0.849609375 0.04296875 0.8515625 0.041015625 0.853515625 0.041015625 0.857421875 0.044921875 0.861328125 0.044921875 0.86328125 0.04296875 0.861328125 0.041015625 0.857421875 0.041015625 0.85546875 0.04296875 0.853515625 0.041015625 0.8515625 0.041015625
