0 0.142578125 0.708984375 0.140625 0.7109375 0.142578125 0.712890625 0.140625 0.71484375 0.14453125 0.71875 0.14453125 0.720703125 0.146484375 0.720703125 0.1484375 0.71875 0.1484375 0.716796875 0.146484375 0.71484375 0.1484375 0.712890625 0.150390625 0.712890625 0.1484375 0.712890625 0.146484375 0.71484375 0.14453125 0.712890625 0.14453125 0.7109375
0 0.1015625 0.65234375 0.099609375 0.654296875 0.099609375 0.65625 0.09765625 0.658203125 0.10546875 0.658203125 0.107421875 0.66015625 0.103515625 0.65625 0.103515625 0.65234375
0 0.36328125 0.484375 0.365234375 0.486328125 0.36328125 0.48828125 0.365234375 0.490234375 0.365234375 0.4921875 0.3671875 0.494140625 0.3671875 0.49609375 0.369140625 0.494140625 0.37109375 0.49609375 0.373046875 0.494140625 0.369140625 0.490234375 0.3671875 0.4921875 0.36328125 0.48828125 0.365234375 0.486328125
0 0.42578125 0.4765625 0.421875 0.48046875 0.419921875 0.48046875 0.41796875 0.482421875 0.41796875 0.484375 0.419921875 0.486328125 0.421875 0.486328125 0.42578125 0.490234375 0.427734375 0.490234375 0.42578125 0.490234375 0.423828125 0.48828125 0.42578125 0.486328125 0.423828125 0.484375 0.423828125 0.482421875 0.42578125 0.48046875 0.423828125 0.478515625 0.42578125 0.4765625 0.427734375 0.4765625
0 0.22265625 0.306640625 0.22265625 0.30859375 0.220703125 0.310546875 0.21875 0.30859375 0.220703125 0.310546875 0.220703125 0.314453125 0.22265625 0.3125 0.224609375 0.314453125 0.224609375 0.3125 0.2265625 0.310546875 0.228515625 0.3125 0.228515625 0.314453125 0.228515625 0.3125
0 0.0546875 0.0625 0.056640625 0.064453125 0.0546875 0.06640625 0.056640625 0.068359375 0.0546875 0.0703125 0.056640625 0.068359375 0.060546875 0.068359375 0.060546875 0.0625 0.05859375 0.064453125 0.056640625 0.064453125
0 0.2421875 0.005859375 0.244140625 0.005859375 0.24609375 0.0078125 0.244140625 0.009765625 0.2421875 0.009765625 0.244140625 0.009765625 0.24609375 0.01171875 0.24609375 0.013671875 0.25 0.013671875 0.251953125 0.01171875 0.255859375 0.01171875 0.251953125 0.01171875 0.25 0.009765625 0.248046875 0.009765625 0.24609375 0.0078125 0.24609375 0.005859375
1 0.142578125 0.708984375 0.140625 0.7109375 0.142578125 0.712890625 0.140625 0.71484375 0.14453125 0.71875 0.14453125 0.720703125 0.146484375 0.720703125 0.1484375 0.71875 0.1484375 0.716796875 0.146484375 0.71484375 0.1484375 0.712890625 0.150390625 0.712890625 0.1484375 0.712890625 0.146484375 0.71484375 0.14453125 0.712890625 0.14453125 0.7109375
1 0.1015625 0.65234375 0.099609375 0.654296875 0.099609375 0.65625 0.09765625 0.658203125 0.10546875 0.658203125 0.107421875 0.66015625 0.103515625 0.65625 0.103515625 0.65234375
1 0.36328125 0.484375 0.365234375 0.486328125 0.36328125 0.48828125 0.365234375 0.490234375 0.365234375 0.4921875 0.3671875 0.494140625 0.3671875 0.49609375 0.369140625 0.494140625 0.37109375 0.49609375 0.373046875 0.494140625 0.369140625 0.490234375 0.3671875 0.4921875 0.36328125 0.48828125 0.365234375 0.486328125
1 0.42578125 0.4765625 0.421875 0.48046875 0.419921875 0.48046875 0.41796875 0.482421875 0.41796875 0.484375 0.419921875 0.486328125 0.421875 0.486328125 0.42578125 0.490234375 0.427734375 0.490234375 0.42578125 0.490234375 0.423828125 0.48828125 0.42578125 0.486328125 0.423828125 0.484375 0.423828125 0.482421875 0.42578125 0.48046875 0.423828125 0.478515625 0.42578125 0.4765625 0.427734375 0.4765625
1 0.22265625 0.306640625 0.22265625 0.30859375 0.220703125 0.310546875 0.21875 0.30859375 0.220703125 0.310546875 0.220703125 0.314453125 0.22265625 0.3125 0.224609375 0.314453125 0.224609375 0.3125 0.2265625 0.310546875 0.228515625 0.3125 0.228515625 0.314453125 0.228515625 0.3125
1 0.0546875 0.0625 0.056640625 0.064453125 0.0546875 0.06640625 0.056640625 0.068359375 0.0546875 0.0703125 0.056640625 0.068359375 0.060546875 0.068359375 0.060546875 0.0625 0.05859375 0.064453125 0.056640625 0.064453125
1 0.2421875 0.005859375 0.244140625 0.005859375 0.24609375 0.0078125 0.244140625 0.009765625 0.2421875 0.009765625 0.244140625 0.009765625 0.24609375 0.01171875 0.24609375 0.013671875 0.25 0.013671875 0.251953125 0.01171875 0.255859375 0.01171875 0.251953125 0.01171875 0.25 0.009765625 0.248046875 0.009765625 0.24609375 0.0078125 0.24609375 0.005859375
