0 0.15625 0.2734375 0.158203125 0.275390625 0.158203125 0.27734375 0.154296875 0.28125 0.15234375 0.28125 0.154296875 0.283203125 0.15625 0.283203125 0.16015625 0.287109375 0.162109375 0.287109375 0.16015625 0.287109375 0.158203125 0.28515625 0.16015625 0.283203125 0.158203125 0.28125 0.16015625 0.279296875 0.158203125 0.27734375 0.158203125 0.2734375
0 0.908203125 0.224609375 0.91015625 0.2265625 0.908203125 0.228515625 0.908203125 0.23046875 0.90625 0.232421875 0.908203125 0.23046875 0.91015625 0.232421875 0.912109375 0.232421875 0.9140625 0.23046875 0.91796875 0.23046875 0.9140625 0.23046875
0 0.38671875 0.1875 0.38671875 0.19140625 0.388671875 0.193359375 0.392578125 0.189453125 0.396484375 0.189453125 0.392578125 0.189453125 0.390625 0.1875
0 0.69140625 0.158203125 0.6875 0.162109375 0.689453125 0.16015625 0.693359375 0.1640625 0.693359375 0.166015625 0.6953125 0.16796875 0.6953125 0.166015625 0.697265625 0.1640625 0.69921875 0.1640625 0.697265625 0.162109375 0.6953125 0.162109375
0 0.537109375 0.140625 0.537109375 0.142578125 0.53515625 0.14453125 0.53515625 0.150390625 0.537109375 0.15234375 0.53515625 0.154296875 0.546875 0.154296875 0.546875 0.1484375 0.544921875 0.146484375 0.544921875 0.14453125 0.546875 0.142578125 0.544921875 0.142578125 0.54296875 0.140625 0.541015625 0.142578125 0.5390625 0.142578125
0 0.419921875 0.13671875 0.41796875 0.138671875 0.41796875 0.140625 0.416015625 0.142578125 0.41796875 0.14453125 0.416015625 0.146484375 0.4140625 0.146484375 0.416015625 0.146484375 0.419921875 0.142578125 0.421875 0.142578125 0.423828125 0.140625 0.421875 0.140625 0.419921875 0.138671875
0 0.09765625 0.03515625 0.095703125 0.037109375 0.09765625 0.0390625 0.095703125 0.041015625 0.095703125 0.04296875 0.1015625 0.04296875 0.099609375 0.041015625 0.099609375 0.0390625 0.1015625 0.037109375 0.103515625 0.037109375 0.1015625 0.037109375 0.099609375 0.03515625
0 0.7109375 0.017578125 0.708984375 0.01953125 0.7109375 0.021484375 0.708984375 0.0234375 0.7109375 0.021484375 0.71484375 0.021484375 0.716796875 0.01953125 0.716796875 0.017578125
1 0.15625 0.2734375 0.158203125 0.275390625 0.158203125 0.27734375 0.154296875 0.28125 0.15234375 0.28125 0.154296875 0.283203125 0.15625 0.283203125 0.16015625 0.287109375 0.162109375 0.287109375 0.16015625 0.287109375 0.158203125 0.28515625 0.16015625 0.283203125 0.158203125 0.28125 0.16015625 0.279296875 0.158203125 0.27734375 0.158203125 0.2734375
1 0.908203125 0.224609375 0.91015625 0.2265625 0.908203125 0.228515625 0.908203125 0.23046875 0.90625 0.232421875 0.908203125 0.23046875 0.91015625 0.232421875 0.912109375 0.232421875 0.9140625 0.23046875 0.91796875 0.23046875 0.9140625 0.23046875
1 0.38671875 0.1875 0.38671875 0.19140625 0.388671875 0.193359375 0.392578125 0.189453125 0.396484375 0.189453125 0.392578125 0.189453125 0.390625 0.1875
1 0.69140625 0.158203125 0.6875 0.162109375 0.689453125 0.16015625 0.693359375 0.1640625 0.693359375 0.166015625 0.6953125 0.16796875 0.6953125 0.166015625 0.697265625 0.1640625 0.69921875 0.1640625 0.697265625 0.162109375 0.6953125 0.162109375
1 0.537109375 0.140625 0.537109375 0.142578125 0.53515625 0.14453125 0.53515625 0.150390625 0.537109375 0.15234375 0.53515625 0.154296875 0.546875 0.154296875 0.546875 0.1484375 0.544921875 0.146484375 0.544921875 0.14453125 0.546875 0.142578125 0.544921875 0.142578125 0.54296875 0.140625 0.541015625 0.142578125 0.5390625 0.142578125
1 0.419921875 0.13671875 0.41796875 0.138671875 0.41796875 0.140625 0.416015625 0.142578125 0.41796875 0.14453125 0.416015625 0.146484375 0.4140625 0.146484375 0.416015625 0.146484375 0.419921875 0.142578125 0.421875 0.142578125 0.423828125 0.140625 0.421875 0.140625 0.419921875 0.138671875
1 0.09765625 0.03515625 0.095703125 0.037109375 0.09765625 0.0390625 0.095703125 0.041015625 0.095703125 0.04296875 0.1015625 0.04296875 0.099609375 0.041015625 0.099609375 0.0390625 0.1015625 0.037109375 0.103515625 0.037109375 0.1015625 0.037109375 0.099609375 0.03515625
1 0.7109375 0.017578125 0.708984375 0.01953125 0.7109375 0.021484375 0.708984375 0.0234375 0.7109375 0.021484375 0.71484375 0.021484375 0.716796875 0.01953125 0.716796875 0.017578125
