0 0.787109375 0.0703125 0.78515625 0.072265625 0.783203125 0.072265625 0.783203125 0.07421875 0.78125 0.076171875 0.779296875 0.07421875 0.775390625 0.078125 0.7734375 0.076171875 0.7734375 0.07421875 0.775390625 0.072265625 0.7734375 0.07421875 0.7734375 0.076171875 0.775390625 0.078125 0.775390625 0.08203125 0.7734375 0.083984375 0.771484375 0.083984375 0.76953125 0.0859375 0.771484375 0.083984375 0.7734375 0.083984375 0.775390625 0.0859375 0.775390625 0.087890625 0.7734375 0.08984375 0.771484375 0.08984375 0.771484375 0.091796875 0.7734375 0.08984375 0.775390625 0.091796875 0.77734375 0.091796875 0.779296875 0.08984375 0.78125 0.091796875 0.7890625 0.091796875 0.791015625 0.08984375 0.79296875 0.091796875 0.794921875 0.08984375 0.796875 0.08984375 0.798828125 0.091796875 0.796875 0.08984375 0.798828125 0.087890625 0.796875 0.0859375 0.796875 0.080078125 0.798828125 0.078125 0.794921875 0.078125 0.79296875 0.076171875 0.794921875 0.07421875 0.79296875 0.076171875 0.791015625 0.07421875 0.7890625 0.076171875 0.787109375 0.076171875 0.78515625 0.07421875 0.78515625 0.072265625
0 0.12109375 0.0625 0.119140625 0.064453125 0.119140625 0.06640625 0.115234375 0.0703125 0.11328125 0.068359375 0.115234375 0.0703125 0.115234375 0.07421875 0.11328125 0.076171875 0.115234375 0.076171875 0.1171875 0.078125 0.1171875 0.080078125 0.125 0.080078125 0.126953125 0.078125 0.125 0.076171875 0.126953125 0.07421875 0.126953125 0.0703125 0.125 0.068359375 0.12890625 0.064453125 0.125 0.068359375 0.123046875 0.06640625 0.12109375 0.06640625 0.119140625 0.064453125
0 0.515625 0.0546875 0.517578125 0.056640625 0.515625 0.05859375 0.515625 0.06640625 0.517578125 0.068359375 0.51953125 0.06640625 0.5234375 0.06640625 0.525390625 0.064453125 0.5234375 0.0625 0.529296875 0.056640625 0.52734375 0.05859375 0.5234375 0.0546875 0.52734375 0.05859375 0.5234375 0.0625 0.521484375 0.060546875 0.521484375 0.05859375 0.51953125 0.056640625 0.517578125 0.056640625
0 0.095703125 0.041015625 0.099609375 0.041015625 0.1015625 0.04296875 0.1015625 0.044921875 0.099609375 0.046875 0.099609375 0.05078125 0.09765625 0.052734375 0.099609375 0.0546875 0.1015625 0.052734375 0.109375 0.052734375 0.109375 0.046875 0.107421875 0.044921875 0.103515625 0.044921875 0.099609375 0.041015625
0 0.388671875 0.0390625 0.38671875 0.041015625 0.38671875 0.04296875 0.380859375 0.048828125 0.3828125 0.048828125 0.384765625 0.05078125 0.3828125 0.052734375 0.3828125 0.0546875 0.384765625 0.056640625 0.3828125 0.05859375 0.384765625 0.056640625 0.38671875 0.05859375 0.38671875 0.060546875 0.3984375 0.060546875 0.40234375 0.056640625 0.404296875 0.056640625 0.404296875 0.044921875 0.400390625 0.041015625 0.3984375 0.041015625 0.396484375 0.0390625
0 0.15625 0.025390625 0.158203125 0.02734375 0.158203125 0.029296875 0.15625 0.03125 0.15625 0.03515625 0.158203125 0.03515625 0.16015625 0.037109375 0.162109375 0.037109375 0.1640625 0.03515625 0.162109375 0.033203125 0.162109375 0.029296875 0.16015625 0.029296875
0 0.79296875 0.0234375 0.791015625 0.025390625 0.7890625 0.025390625 0.787109375 0.02734375 0.78515625 0.02734375 0.787109375 0.029296875 0.787109375 0.03125 0.791015625 0.03125 0.79296875 0.029296875 0.79296875 0.02734375 0.791015625 0.025390625
0 0.671875 0.0234375 0.673828125 0.025390625 0.673828125 0.029296875 0.67578125 0.029296875 0.677734375 0.02734375 0.6796875 0.02734375 0.677734375 0.025390625 0.677734375 0.0234375
0 0.6484375 0.017578125 0.650390625 0.01953125 0.650390625 0.025390625 0.6484375 0.02734375 0.646484375 0.025390625 0.64453125 0.025390625 0.642578125 0.02734375 0.64453125 0.025390625 0.646484375 0.025390625 0.6484375 0.02734375 0.646484375 0.029296875 0.6484375 0.02734375 0.650390625 0.029296875 0.65234375 0.02734375 0.654296875 0.02734375 0.654296875 0.021484375 0.65234375 0.01953125 0.650390625 0.01953125
0 0.509765625 0.017578125 0.51171875 0.01953125 0.509765625 0.021484375 0.51171875 0.01953125 0.513671875 0.021484375 0.513671875 0.0234375 0.51171875 0.025390625 0.509765625 0.025390625 0.509765625 0.02734375 0.5078125 0.029296875 0.505859375 0.029296875 0.505859375 0.03125 0.501953125 0.03515625 0.50390625 0.037109375 0.50390625 0.04296875 0.509765625 0.048828125 0.51171875 0.046875 0.515625 0.046875 0.517578125 0.048828125 0.51953125 0.048828125 0.521484375 0.046875 0.51953125 0.044921875 0.521484375 0.04296875 0.525390625 0.04296875 0.52734375 0.044921875 0.52734375 0.046875 0.52734375 0.044921875 0.5234375 0.041015625 0.5234375 0.0390625 0.525390625 0.037109375 0.529296875 0.041015625 0.52734375 0.0390625 0.52734375 0.037109375 0.529296875 0.03515625 0.52734375 0.037109375 0.5234375 0.033203125 0.525390625 0.03125 0.521484375 0.02734375 0.51953125 0.02734375 0.517578125 0.025390625 0.51953125 0.0234375 0.517578125 0.025390625 0.515625 0.025390625 0.513671875 0.0234375 0.513671875 0.021484375
0 0.197265625 0.017578125 0.1953125 0.01953125 0.189453125 0.01953125 0.189453125 0.021484375 0.1875 0.0234375 0.1875 0.02734375 0.189453125 0.029296875 0.193359375 0.029296875 0.197265625 0.025390625 0.201171875 0.025390625 0.19921875 0.025390625 0.197265625 0.0234375 0.19921875 0.021484375 0.197265625 0.0234375 0.1953125 0.021484375 0.1953125 0.01953125
0 0.734375 0.015625 0.736328125 0.017578125 0.734375 0.01953125 0.734375 0.025390625 0.736328125 0.02734375 0.740234375 0.02734375 0.7421875 0.029296875 0.748046875 0.0234375 0.74609375 0.021484375 0.74609375 0.01953125 0.744140625 0.017578125 0.744140625 0.015625 0.73828125 0.015625 0.736328125 0.017578125
0 0.373046875 0.0078125 0.37109375 0.009765625 0.37109375 0.01953125 0.373046875 0.021484375 0.375 0.01953125 0.380859375 0.01953125 0.380859375 0.017578125 0.3828125 0.015625 0.3828125 0.009765625 0.384765625 0.0078125 0.3828125 0.009765625 0.380859375 0.0078125
0 0.248046875 0.00390625 0.248046875 0.009765625 0.24609375 0.01171875 0.244140625 0.009765625 0.244140625 0.0078125 0.2421875 0.009765625 0.244140625 0.009765625 0.24609375 0.01171875 0.244140625 0.013671875 0.24609375 0.01171875 0.248046875 0.01171875 0.25 0.013671875 0.251953125 0.013671875 0.255859375 0.009765625 0.255859375 0.0078125 0.2578125 0.005859375 0.259765625 0.005859375 0.26171875 0.0078125 0.2578125 0.00390625 0.2578125 0.005859375 0.255859375 0.0078125 0.25390625 0.005859375 0.25 0.005859375
1 0.787109375 0.0703125 0.78515625 0.072265625 0.783203125 0.072265625 0.783203125 0.07421875 0.78125 0.076171875 0.779296875 0.07421875 0.775390625 0.078125 0.7734375 0.076171875 0.7734375 0.07421875 0.775390625 0.072265625 0.7734375 0.07421875 0.7734375 0.076171875 0.775390625 0.078125 0.775390625 0.08203125 0.7734375 0.083984375 0.771484375 0.083984375 0.76953125 0.0859375 0.771484375 0.083984375 0.7734375 0.083984375 0.775390625 0.0859375 0.775390625 0.087890625 0.7734375 0.08984375 0.771484375 0.08984375 0.771484375 0.091796875 0.7734375 0.08984375 0.775390625 0.091796875 0.77734375 0.091796875 0.779296875 0.08984375 0.78125 0.091796875 0.7890625 0.091796875 0.791015625 0.08984375 0.79296875 0.091796875 0.794921875 0.08984375 0.796875 0.08984375 0.798828125 0.091796875 0.796875 0.08984375 0.798828125 0.087890625 0.796875 0.0859375 0.796875 0.080078125 0.798828125 0.078125 0.794921875 0.078125 0.79296875 0.076171875 0.794921875 0.07421875 0.79296875 0.076171875 0.791015625 0.07421875 0.7890625 0.076171875 0.787109375 0.076171875 0.78515625 0.07421875 0.78515625 0.072265625
1 0.12109375 0.0625 0.119140625 0.064453125 0.119140625 0.06640625 0.115234375 0.0703125 0.11328125 0.068359375 0.115234375 0.0703125 0.115234375 0.07421875 0.11328125 0.076171875 0.115234375 0.076171875 0.1171875 0.078125 0.1171875 0.080078125 0.125 0.080078125 0.126953125 0.078125 0.125 0.076171875 0.126953125 0.07421875 0.126953125 0.0703125 0.125 0.068359375 0.12890625 0.064453125 0.125 0.068359375 0.123046875 0.06640625 0.12109375 0.06640625 0.119140625 0.064453125
1 0.515625 0.0546875 0.517578125 0.056640625 0.515625 0.05859375 0.515625 0.06640625 0.517578125 0.068359375 0.51953125 0.06640625 0.5234375 0.06640625 0.525390625 0.064453125 0.5234375 0.0625 0.529296875 0.056640625 0.52734375 0.05859375 0.5234375 0.0546875 0.52734375 0.05859375 0.5234375 0.0625 0.521484375 0.060546875 0.521484375 0.05859375 0.51953125 0.056640625 0.517578125 0.056640625
1 0.095703125 0.041015625 0.099609375 0.041015625 0.1015625 0.04296875 0.1015625 0.044921875 0.099609375 0.046875 0.099609375 0.05078125 0.09765625 0.052734375 0.099609375 0.0546875 0.1015625 0.052734375 0.109375 0.052734375 0.109375 0.046875 0.107421875 0.044921875 0.103515625 0.044921875 0.099609375 0.041015625
1 0.388671875 0.0390625 0.38671875 0.041015625 0.38671875 0.04296875 0.380859375 0.048828125 0.3828125 0.048828125 0.384765625 0.05078125 0.3828125 0.052734375 0.3828125 0.0546875 0.384765625 0.056640625 0.3828125 0.05859375 0.384765625 0.056640625 0.38671875 0.05859375 0.38671875 0.060546875 0.3984375 0.060546875 0.40234375 0.056640625 0.404296875 0.056640625 0.404296875 0.044921875 0.400390625 0.041015625 0.3984375 0.041015625 0.396484375 0.0390625
1 0.15625 0.025390625 0.158203125 0.02734375 0.158203125 0.029296875 0.15625 0.03125 0.15625 0.03515625 0.158203125 0.03515625 0.16015625 0.037109375 0.162109375 0.037109375 0.1640625 0.03515625 0.162109375 0.033203125 0.162109375 0.029296875 0.16015625 0.029296875
1 0.79296875 0.0234375 0.791015625 0.025390625 0.7890625 0.025390625 0.787109375 0.02734375 0.78515625 0.02734375 0.787109375 0.029296875 0.787109375 0.03125 0.791015625 0.03125 0.79296875 0.029296875 0.79296875 0.02734375 0.791015625 0.025390625
1 0.671875 0.0234375 0.673828125 0.025390625 0.673828125 0.029296875 0.67578125 0.029296875 0.677734375 0.02734375 0.6796875 0.02734375 0.677734375 0.025390625 0.677734375 0.0234375
1 0.6484375 0.017578125 0.650390625 0.01953125 0.650390625 0.025390625 0.6484375 0.02734375 0.646484375 0.025390625 0.64453125 0.025390625 0.642578125 0.02734375 0.64453125 0.025390625 0.646484375 0.025390625 0.6484375 0.02734375 0.646484375 0.029296875 0.6484375 0.02734375 0.650390625 0.029296875 0.65234375 0.02734375 0.654296875 0.02734375 0.654296875 0.021484375 0.65234375 0.01953125 0.650390625 0.01953125
1 0.509765625 0.017578125 0.51171875 0.01953125 0.509765625 0.021484375 0.51171875 0.01953125 0.513671875 0.021484375 0.513671875 0.0234375 0.51171875 0.025390625 0.509765625 0.025390625 0.509765625 0.02734375 0.5078125 0.029296875 0.505859375 0.029296875 0.505859375 0.03125 0.501953125 0.03515625 0.50390625 0.037109375 0.50390625 0.04296875 0.509765625 0.048828125 0.51171875 0.046875 0.515625 0.046875 0.517578125 0.048828125 0.51953125 0.048828125 0.521484375 0.046875 0.51953125 0.044921875 0.521484375 0.04296875 0.525390625 0.04296875 0.52734375 0.044921875 0.52734375 0.046875 0.52734375 0.044921875 0.5234375 0.041015625 0.5234375 0.0390625 0.525390625 0.037109375 0.529296875 0.041015625 0.52734375 0.0390625 0.52734375 0.037109375 0.529296875 0.03515625 0.52734375 0.037109375 0.5234375 0.033203125 0.525390625 0.03125 0.521484375 0.02734375 0.51953125 0.02734375 0.517578125 0.025390625 0.51953125 0.0234375 0.517578125 0.025390625 0.515625 0.025390625 0.513671875 0.0234375 0.513671875 0.021484375
1 0.197265625 0.017578125 0.1953125 0.01953125 0.189453125 0.01953125 0.189453125 0.021484375 0.1875 0.0234375 0.1875 0.02734375 0.189453125 0.029296875 0.193359375 0.029296875 0.197265625 0.025390625 0.201171875 0.025390625 0.19921875 0.025390625 0.197265625 0.0234375 0.19921875 0.021484375 0.197265625 0.0234375 0.1953125 0.021484375 0.1953125 0.01953125
1 0.734375 0.015625 0.736328125 0.017578125 0.734375 0.01953125 0.734375 0.025390625 0.736328125 0.02734375 0.740234375 0.02734375 0.7421875 0.029296875 0.748046875 0.0234375 0.74609375 0.021484375 0.74609375 0.01953125 0.744140625 0.017578125 0.744140625 0.015625 0.73828125 0.015625 0.736328125 0.017578125
1 0.373046875 0.0078125 0.37109375 0.009765625 0.37109375 0.01953125 0.373046875 0.021484375 0.375 0.01953125 0.380859375 0.01953125 0.380859375 0.017578125 0.3828125 0.015625 0.3828125 0.009765625 0.384765625 0.0078125 0.3828125 0.009765625 0.380859375 0.0078125
1 0.248046875 0.00390625 0.248046875 0.009765625 0.24609375 0.01171875 0.244140625 0.009765625 0.244140625 0.0078125 0.2421875 0.009765625 0.244140625 0.009765625 0.24609375 0.01171875 0.244140625 0.013671875 0.24609375 0.01171875 0.248046875 0.01171875 0.25 0.013671875 0.251953125 0.013671875 0.255859375 0.009765625 0.255859375 0.0078125 0.2578125 0.005859375 0.259765625 0.005859375 0.26171875 0.0078125 0.2578125 0.00390625 0.2578125 0.005859375 0.255859375 0.0078125 0.25390625 0.005859375 0.25 0.005859375
