0 0.09375 0.08203125 0.09765625 0.0859375 0.095703125 0.087890625 0.09765625 0.0859375 0.099609375 0.087890625 0.1015625 0.0859375 0.1015625 0.083984375 0.099609375 0.08203125 0.09765625 0.08203125 0.095703125 0.083984375
0 0.302734375 0.0546875 0.298828125 0.05859375 0.30078125 0.056640625 0.3046875 0.060546875 0.302734375 0.05859375 0.3046875 0.056640625 0.306640625 0.056640625 0.310546875 0.060546875 0.314453125 0.060546875 0.31640625 0.05859375 0.314453125 0.056640625 0.314453125 0.0546875 0.3125 0.0546875 0.30859375 0.05859375 0.306640625 0.056640625 0.3046875 0.056640625
0 0.126953125 0.046875 0.125 0.048828125 0.125 0.0546875 0.126953125 0.056640625 0.126953125 0.05859375 0.130859375 0.0546875 0.130859375 0.052734375 0.1328125 0.05078125 0.134765625 0.052734375 0.1328125 0.05078125 0.134765625 0.048828125 0.13671875 0.048828125 0.138671875 0.05078125 0.13671875 0.048828125 0.138671875 0.046875 0.13671875 0.048828125 0.134765625 0.048828125 0.1328125 0.05078125 0.130859375 0.048828125 0.130859375 0.046875
0 0.029296875 0.01171875 0.02734375 0.013671875 0.02734375 0.015625 0.025390625 0.017578125 0.02734375 0.01953125 0.03125 0.01953125 0.033203125 0.017578125 0.03515625 0.01953125 0.037109375 0.01953125 0.0390625 0.021484375 0.04296875 0.017578125 0.041015625 0.01953125 0.037109375 0.015625 0.0390625 0.017578125 0.037109375 0.01953125 0.03515625 0.01953125 0.029296875 0.013671875
0 0.38671875 0.005859375 0.3828125 0.009765625 0.380859375 0.0078125 0.384765625 0.01171875 0.384765625 0.01953125 0.38671875 0.01953125 0.388671875 0.021484375 0.388671875 0.0234375 0.390625 0.021484375 0.392578125 0.021484375 0.392578125 0.01953125 0.39453125 0.017578125 0.392578125 0.015625 0.39453125 0.013671875 0.392578125 0.01171875 0.392578125 0.0078125 0.390625 0.0078125 0.388671875 0.005859375
0 0.068359375 0.0 0.06640625 0.001953125 0.064453125 0.001953125 0.06640625 0.001953125 0.068359375 0.00390625 0.068359375 0.005859375 0.0703125 0.0078125 0.072265625 0.005859375 0.07421875 0.005859375 0.076171875 0.00390625 0.07421875 0.001953125 0.07421875 0.0
1 0.09375 0.08203125 0.09765625 0.0859375 0.095703125 0.087890625 0.09765625 0.0859375 0.099609375 0.087890625 0.1015625 0.0859375 0.1015625 0.083984375 0.099609375 0.08203125 0.09765625 0.08203125 0.095703125 0.083984375
1 0.302734375 0.0546875 0.298828125 0.05859375 0.30078125 0.056640625 0.3046875 0.060546875 0.302734375 0.05859375 0.3046875 0.056640625 0.306640625 0.056640625 0.310546875 0.060546875 0.314453125 0.060546875 0.31640625 0.05859375 0.314453125 0.056640625 0.314453125 0.0546875 0.3125 0.0546875 0.30859375 0.05859375 0.306640625 0.056640625 0.3046875 0.056640625
1 0.126953125 0.046875 0.125 0.048828125 0.125 0.0546875 0.126953125 0.056640625 0.126953125 0.05859375 0.130859375 0.0546875 0.130859375 0.052734375 0.1328125 0.05078125 0.134765625 0.052734375 0.1328125 0.05078125 0.134765625 0.048828125 0.13671875 0.048828125 0.138671875 0.05078125 0.13671875 0.048828125 0.138671875 0.046875 0.13671875 0.048828125 0.134765625 0.048828125 0.1328125 0.05078125 0.130859375 0.048828125 0.130859375 0.046875
1 0.029296875 0.01171875 0.02734375 0.013671875 0.02734375 0.015625 0.025390625 0.017578125 0.02734375 0.01953125 0.03125 0.01953125 0.033203125 0.017578125 0.03515625 0.01953125 0.037109375 0.01953125 0.0390625 0.021484375 0.04296875 0.017578125 0.041015625 0.01953125 0.037109375 0.015625 0.0390625 0.017578125 0.037109375 0.01953125 0.03515625 0.01953125 0.029296875 0.013671875
1 0.38671875 0.005859375 0.3828125 0.009765625 0.380859375 0.0078125 0.384765625 0.01171875 0.384765625 0.01953125 0.38671875 0.01953125 0.388671875 0.021484375 0.388671875 0.0234375 0.390625 0.021484375 0.392578125 0.021484375 0.392578125 0.01953125 0.39453125 0.017578125 0.392578125 0.015625 0.39453125 0.013671875 0.392578125 0.01171875 0.392578125 0.0078125 0.390625 0.0078125 0.388671875 0.005859375
1 0.068359375 0.0 0.06640625 0.001953125 0.064453125 0.001953125 0.06640625 0.001953125 0.068359375 0.00390625 0.068359375 0.005859375 0.0703125 0.0078125 0.072265625 0.005859375 0.07421875 0.005859375 0.076171875 0.00390625 0.07421875 0.001953125 0.07421875 0.0
