0 0.037109375 0.486328125 0.0390625 0.48828125 0.0390625 0.490234375 0.037109375 0.4921875 0.03515625 0.4921875 0.037109375 0.4921875 0.0390625 0.494140625 0.041015625 0.494140625 0.04296875 0.4921875 0.041015625 0.490234375 0.04296875 0.48828125 0.04296875 0.486328125
0 0.0 0.4296875 0.001953125 0.431640625 0.001953125 0.43359375 0.0 0.435546875 0.0 0.439453125 0.0078125 0.439453125 0.005859375 0.439453125 0.00390625 0.4375 0.00390625 0.435546875 0.001953125 0.43359375 0.001953125 0.4296875
0 0.12890625 0.15625 0.12890625 0.1640625 0.130859375 0.162109375 0.1328125 0.162109375 0.1328125 0.16015625 0.13671875 0.15625 0.134765625 0.158203125 0.1328125 0.158203125 0.130859375 0.15625
0 0.076171875 0.111328125 0.07421875 0.11328125 0.072265625 0.11328125 0.07421875 0.11328125 0.076171875 0.115234375 0.076171875 0.119140625 0.080078125 0.119140625 0.080078125 0.1171875 0.078125 0.115234375 0.080078125 0.11328125 0.078125 0.111328125
0 0.369140625 0.095703125 0.37109375 0.09765625 0.37109375 0.099609375 0.373046875 0.099609375 0.375 0.1015625 0.373046875 0.103515625 0.375 0.10546875 0.376953125 0.103515625 0.37890625 0.103515625 0.376953125 0.103515625 0.375 0.1015625 0.375 0.09765625 0.373046875 0.095703125
0 0.59765625 0.078125 0.595703125 0.080078125 0.59765625 0.08203125 0.59765625 0.083984375 0.6015625 0.087890625 0.59765625 0.083984375 0.599609375 0.08203125 0.603515625 0.08203125 0.6015625 0.080078125 0.603515625 0.078125 0.60546875 0.078125 0.607421875 0.080078125 0.60546875 0.078125 0.603515625 0.078125 0.6015625 0.080078125 0.599609375 0.078125
0 0.61328125 0.04296875 0.611328125 0.044921875 0.611328125 0.048828125 0.61328125 0.05078125 0.61328125 0.052734375 0.615234375 0.05078125 0.615234375 0.046875 0.61328125 0.044921875
0 0.064453125 0.03125 0.0625 0.033203125 0.0625 0.037109375 0.064453125 0.037109375 0.06640625 0.03515625 0.068359375 0.03515625 0.06640625 0.033203125 0.06640625 0.03125
0 0.51953125 0.02734375 0.51953125 0.029296875 0.517578125 0.03125 0.517578125 0.033203125 0.51953125 0.03515625 0.51953125 0.037109375 0.521484375 0.037109375 0.521484375 0.03515625 0.5234375 0.033203125 0.5234375 0.029296875 0.521484375 0.02734375
0 0.97265625 0.021484375 0.970703125 0.0234375 0.97265625 0.025390625 0.97265625 0.02734375 0.974609375 0.029296875 0.9765625 0.02734375 0.978515625 0.02734375 0.978515625 0.025390625 0.98046875 0.0234375 0.982421875 0.025390625 0.978515625 0.021484375 0.9765625 0.0234375 0.974609375 0.0234375
1 0.037109375 0.486328125 0.0390625 0.48828125 0.0390625 0.490234375 0.037109375 0.4921875 0.03515625 0.4921875 0.037109375 0.4921875 0.0390625 0.494140625 0.041015625 0.494140625 0.04296875 0.4921875 0.041015625 0.490234375 0.04296875 0.48828125 0.04296875 0.486328125
1 0.0 0.4296875 0.001953125 0.431640625 0.001953125 0.43359375 0.0 0.435546875 0.0 0.439453125 0.0078125 0.439453125 0.005859375 0.439453125 0.00390625 0.4375 0.00390625 0.435546875 0.001953125 0.43359375 0.001953125 0.4296875
1 0.12890625 0.15625 0.12890625 0.1640625 0.130859375 0.162109375 0.1328125 0.162109375 0.1328125 0.16015625 0.13671875 0.15625 0.134765625 0.158203125 0.1328125 0.158203125 0.130859375 0.15625
1 0.076171875 0.111328125 0.07421875 0.11328125 0.072265625 0.11328125 0.07421875 0.11328125 0.076171875 0.115234375 0.076171875 0.119140625 0.080078125 0.119140625 0.080078125 0.1171875 0.078125 0.115234375 0.080078125 0.11328125 0.078125 0.111328125
1 0.369140625 0.095703125 0.37109375 0.09765625 0.37109375 0.099609375 0.373046875 0.099609375 0.375 0.1015625 0.373046875 0.103515625 0.375 0.10546875 0.376953125 0.103515625 0.37890625 0.103515625 0.376953125 0.103515625 0.375 0.1015625 0.375 0.09765625 0.373046875 0.095703125
1 0.59765625 0.078125 0.595703125 0.080078125 0.59765625 0.08203125 0.59765625 0.083984375 0.6015625 0.087890625 0.59765625 0.083984375 0.599609375 0.08203125 0.603515625 0.08203125 0.6015625 0.080078125 0.603515625 0.078125 0.60546875 0.078125 0.607421875 0.080078125 0.60546875 0.078125 0.603515625 0.078125 0.6015625 0.080078125 0.599609375 0.078125
1 0.61328125 0.04296875 0.611328125 0.044921875 0.611328125 0.048828125 0.61328125 0.05078125 0.61328125 0.052734375 0.615234375 0.05078125 0.615234375 0.046875 0.61328125 0.044921875
1 0.064453125 0.03125 0.0625 0.033203125 0.0625 0.037109375 0.064453125 0.037109375 0.06640625 0.03515625 0.068359375 0.03515625 0.06640625 0.033203125 0.06640625 0.03125
1 0.51953125 0.02734375 0.51953125 0.029296875 0.517578125 0.03125 0.517578125 0.033203125 0.51953125 0.03515625 0.51953125 0.037109375 0.521484375 0.037109375 0.521484375 0.03515625 0.5234375 0.033203125 0.5234375 0.029296875 0.521484375 0.02734375
1 0.97265625 0.021484375 0.970703125 0.0234375 0.97265625 0.025390625 0.97265625 0.02734375 0.974609375 0.029296875 0.9765625 0.02734375 0.978515625 0.02734375 0.978515625 0.025390625 0.98046875 0.0234375 0.982421875 0.025390625 0.978515625 0.021484375 0.9765625 0.0234375 0.974609375 0.0234375
