0 0.865234375 0.671875 0.86328125 0.673828125 0.861328125 0.673828125 0.861328125 0.67578125 0.859375 0.677734375 0.861328125 0.6796875 0.86328125 0.677734375 0.865234375 0.6796875 0.8671875 0.677734375 0.869140625 0.677734375 0.8671875 0.677734375 0.865234375 0.67578125 0.869140625 0.671875 0.8671875 0.673828125
0 0.8046875 0.40625 0.80078125 0.41015625 0.8046875 0.41015625 0.806640625 0.412109375 0.8046875 0.4140625 0.806640625 0.412109375 0.806640625 0.41015625 0.80859375 0.408203125 0.806640625 0.40625
0 0.1640625 0.376953125 0.166015625 0.37890625 0.1640625 0.380859375 0.162109375 0.380859375 0.162109375 0.38671875 0.1640625 0.38671875 0.166015625 0.384765625 0.16796875 0.38671875 0.169921875 0.384765625 0.16796875 0.3828125 0.16796875 0.380859375
0 0.990234375 0.314453125 0.98828125 0.31640625 0.98828125 0.3203125 0.986328125 0.322265625 0.98828125 0.32421875 0.990234375 0.322265625 0.990234375 0.3203125 0.9921875 0.318359375 0.99609375 0.322265625 0.99609375 0.32421875 0.994140625 0.326171875 0.99609375 0.32421875 0.99609375 0.322265625 0.9921875 0.318359375 0.9921875 0.314453125
0 0.955078125 0.28125 0.953125 0.283203125 0.955078125 0.28515625 0.958984375 0.28515625 0.9609375 0.283203125 0.966796875 0.2890625 0.962890625 0.28515625 0.96484375 0.283203125 0.962890625 0.28515625 0.9609375 0.283203125 0.9609375 0.28125
0 0.689453125 0.265625 0.69140625 0.267578125 0.689453125 0.26953125 0.6875 0.26953125 0.689453125 0.26953125 0.69140625 0.271484375 0.693359375 0.271484375 0.6953125 0.26953125 0.69921875 0.2734375 0.697265625 0.271484375 0.69921875 0.26953125 0.697265625 0.267578125 0.6953125 0.26953125 0.693359375 0.267578125 0.693359375 0.265625 0.69140625 0.267578125
0 0.890625 0.220703125 0.888671875 0.22265625 0.888671875 0.2265625 0.88671875 0.228515625 0.884765625 0.228515625 0.88671875 0.228515625 0.888671875 0.23046875 0.890625 0.228515625 0.888671875 0.2265625 0.890625 0.224609375 0.892578125 0.224609375 0.892578125 0.22265625 0.89453125 0.220703125
0 0.111328125 0.193359375 0.109375 0.1953125 0.111328125 0.197265625 0.111328125 0.19921875 0.11328125 0.19921875 0.115234375 0.201171875 0.1171875 0.19921875 0.119140625 0.201171875 0.115234375 0.197265625 0.1171875 0.1953125 0.119140625 0.1953125 0.1171875 0.1953125 0.115234375 0.193359375 0.11328125 0.1953125
0 0.3671875 0.189453125 0.3671875 0.197265625 0.365234375 0.19921875 0.36328125 0.197265625 0.365234375 0.19921875 0.3671875 0.19921875 0.369140625 0.201171875 0.3671875 0.19921875 0.369140625 0.197265625 0.37109375 0.197265625 0.37109375 0.193359375 0.373046875 0.19140625 0.37109375 0.193359375 0.369140625 0.193359375 0.3671875 0.19140625 0.369140625 0.189453125
0 0.56640625 0.1640625 0.5625 0.16796875 0.560546875 0.166015625 0.55859375 0.16796875 0.5546875 0.16796875 0.55859375 0.16796875 0.564453125 0.173828125 0.564453125 0.17578125 0.5625 0.177734375 0.564453125 0.177734375 0.564453125 0.173828125 0.56640625 0.171875 0.564453125 0.169921875 0.56640625 0.16796875 0.564453125 0.166015625 0.56640625 0.1640625 0.568359375 0.1640625
0 0.12109375 0.162109375 0.119140625 0.1640625 0.115234375 0.1640625 0.11328125 0.166015625 0.11328125 0.16796875 0.111328125 0.169921875 0.11328125 0.16796875 0.115234375 0.16796875 0.1171875 0.169921875 0.119140625 0.16796875 0.12109375 0.169921875 0.119140625 0.16796875 0.12109375 0.166015625 0.119140625 0.1640625
0 0.89453125 0.15625 0.896484375 0.158203125 0.89453125 0.16015625 0.892578125 0.16015625 0.892578125 0.1640625 0.890625 0.166015625 0.892578125 0.1640625 0.89453125 0.1640625 0.896484375 0.166015625 0.89453125 0.16796875 0.896484375 0.16796875 0.896484375 0.16015625 0.8984375 0.158203125 0.900390625 0.16015625 0.8984375 0.158203125 0.896484375 0.158203125
0 0.40625 0.033203125 0.40234375 0.037109375 0.40234375 0.0390625 0.400390625 0.041015625 0.40234375 0.04296875 0.404296875 0.04296875 0.40625 0.041015625 0.40625 0.037109375 0.408203125 0.03515625 0.41015625 0.03515625 0.408203125 0.03515625
1 0.865234375 0.671875 0.86328125 0.673828125 0.861328125 0.673828125 0.861328125 0.67578125 0.859375 0.677734375 0.861328125 0.6796875 0.86328125 0.677734375 0.865234375 0.6796875 0.8671875 0.677734375 0.869140625 0.677734375 0.8671875 0.677734375 0.865234375 0.67578125 0.869140625 0.671875 0.8671875 0.673828125
1 0.8046875 0.40625 0.80078125 0.41015625 0.8046875 0.41015625 0.806640625 0.412109375 0.8046875 0.4140625 0.806640625 0.412109375 0.806640625 0.41015625 0.80859375 0.408203125 0.806640625 0.40625
1 0.1640625 0.376953125 0.166015625 0.37890625 0.1640625 0.380859375 0.162109375 0.380859375 0.162109375 0.38671875 0.1640625 0.38671875 0.166015625 0.384765625 0.16796875 0.38671875 0.169921875 0.384765625 0.16796875 0.3828125 0.16796875 0.380859375
1 0.990234375 0.314453125 0.98828125 0.31640625 0.98828125 0.3203125 0.986328125 0.322265625 0.98828125 0.32421875 0.990234375 0.322265625 0.990234375 0.3203125 0.9921875 0.318359375 0.99609375 0.322265625 0.99609375 0.32421875 0.994140625 0.326171875 0.99609375 0.32421875 0.99609375 0.322265625 0.9921875 0.318359375 0.9921875 0.314453125
1 0.955078125 0.28125 0.953125 0.283203125 0.955078125 0.28515625 0.958984375 0.28515625 0.9609375 0.283203125 0.966796875 0.2890625 0.962890625 0.28515625 0.96484375 0.283203125 0.962890625 0.28515625 0.9609375 0.283203125 0.9609375 0.28125
1 0.689453125 0.265625 0.69140625 0.267578125 0.689453125 0.26953125 0.6875 0.26953125 0.689453125 0.26953125 0.69140625 0.271484375 0.693359375 0.271484375 0.6953125 0.26953125 0.69921875 0.2734375 0.697265625 0.271484375 0.69921875 0.26953125 0.697265625 0.267578125 0.6953125 0.26953125 0.693359375 0.267578125 0.693359375 0.265625 0.69140625 0.267578125
1 0.890625 0.220703125 0.888671875 0.22265625 0.888671875 0.2265625 0.88671875 0.228515625 0.884765625 0.228515625 0.88671875 0.228515625 0.888671875 0.23046875 0.890625 0.228515625 0.888671875 0.2265625 0.890625 0.224609375 0.892578125 0.224609375 0.892578125 0.22265625 0.89453125 0.220703125
1 0.111328125 0.193359375 0.109375 0.1953125 0.111328125 0.197265625 0.111328125 0.19921875 0.11328125 0.19921875 0.115234375 0.201171875 0.1171875 0.19921875 0.119140625 0.201171875 0.115234375 0.197265625 0.1171875 0.1953125 0.119140625 0.1953125 0.1171875 0.1953125 0.115234375 0.193359375 0.11328125 0.1953125
1 0.3671875 0.189453125 0.3671875 0.197265625 0.365234375 0.19921875 0.36328125 0.197265625 0.365234375 0.19921875 0.3671875 0.19921875 0.369140625 0.201171875 0.3671875 0.19921875 0.369140625 0.197265625 0.37109375 0.197265625 0.37109375 0.193359375 0.373046875 0.19140625 0.37109375 0.193359375 0.369140625 0.193359375 0.3671875 0.19140625 0.369140625 0.189453125
1 0.56640625 0.1640625 0.5625 0.16796875 0.560546875 0.166015625 0.55859375 0.16796875 0.5546875 0.16796875 0.55859375 0.16796875 0.564453125 0.173828125 0.564453125 0.17578125 0.5625 0.177734375 0.564453125 0.177734375 0.564453125 0.173828125 0.56640625 0.171875 0.564453125 0.169921875 0.56640625 0.16796875 0.564453125 0.166015625 0.56640625 0.1640625 0.568359375 0.1640625
1 0.12109375 0.162109375 0.119140625 0.1640625 0.115234375 0.1640625 0.11328125 0.166015625 0.11328125 0.16796875 0.111328125 0.169921875 0.11328125 0.16796875 0.115234375 0.16796875 0.1171875 0.169921875 0.119140625 0.16796875 0.12109375 0.169921875 0.119140625 0.16796875 0.12109375 0.166015625 0.119140625 0.1640625
1 0.89453125 0.15625 0.896484375 0.158203125 0.89453125 0.16015625 0.892578125 0.16015625 0.892578125 0.1640625 0.890625 0.166015625 0.892578125 0.1640625 0.89453125 0.1640625 0.896484375 0.166015625 0.89453125 0.16796875 0.896484375 0.16796875 0.896484375 0.16015625 0.8984375 0.158203125 0.900390625 0.16015625 0.8984375 0.158203125 0.896484375 0.158203125
1 0.40625 0.033203125 0.40234375 0.037109375 0.40234375 0.0390625 0.400390625 0.041015625 0.40234375 0.04296875 0.404296875 0.04296875 0.40625 0.041015625 0.40625 0.037109375 0.408203125 0.03515625 0.41015625 0.03515625 0.408203125 0.03515625
