0 0.0 0.41015625 0.0 0.41796875 0.001953125 0.416015625 0.005859375 0.416015625 0.005859375 0.4140625 0.00390625 0.412109375 0.005859375 0.41015625 0.00390625 0.412109375 0.001953125 0.412109375
0 0.396484375 0.36328125 0.39453125 0.365234375 0.390625 0.365234375 0.390625 0.37109375 0.392578125 0.373046875 0.396484375 0.373046875
0 0.1328125 0.26953125 0.134765625 0.26953125 0.13671875 0.271484375 0.134765625 0.2734375 0.130859375 0.2734375 0.1328125 0.275390625 0.1328125 0.27734375 0.134765625 0.279296875 0.138671875 0.279296875 0.13671875 0.27734375 0.13671875 0.275390625 0.134765625 0.2734375 0.13671875 0.271484375 0.134765625 0.26953125
0 0.751953125 0.1875 0.75 0.189453125 0.748046875 0.189453125 0.748046875 0.193359375 0.75390625 0.193359375 0.755859375 0.19140625 0.7578125 0.19140625 0.75390625 0.19140625 0.751953125 0.189453125
0 0.16796875 0.083984375 0.1640625 0.087890625 0.162109375 0.0859375 0.166015625 0.08984375 0.166015625 0.09375 0.1640625 0.095703125 0.166015625 0.09375 0.16796875 0.095703125 0.169921875 0.09375 0.169921875 0.08984375 0.166015625 0.0859375 0.16796875 0.083984375 0.169921875 0.083984375
0 0.689453125 0.046875 0.685546875 0.05078125 0.685546875 0.0546875 0.68359375 0.056640625 0.681640625 0.056640625 0.68359375 0.056640625 0.685546875 0.05859375 0.689453125 0.0546875 0.6875 0.052734375 0.689453125 0.05078125 0.6875 0.048828125
0 0.921875 0.00390625 0.921875 0.01171875 0.923828125 0.009765625 0.927734375 0.009765625 0.927734375 0.0078125 0.92578125 0.005859375 0.927734375 0.00390625 0.92578125 0.005859375 0.923828125 0.005859375
0 0.9140625 0.0 0.912109375 0.001953125 0.908203125 0.001953125 0.912109375 0.001953125 0.91796875 0.0078125 0.916015625 0.005859375 0.91796875 0.00390625 0.91796875 0.001953125 0.919921875 0.0 0.91796875 0.001953125 0.916015625 0.0
1 0.0 0.41015625 0.0 0.41796875 0.001953125 0.416015625 0.005859375 0.416015625 0.005859375 0.4140625 0.00390625 0.412109375 0.005859375 0.41015625 0.00390625 0.412109375 0.001953125 0.412109375
1 0.396484375 0.36328125 0.39453125 0.365234375 0.390625 0.365234375 0.390625 0.37109375 0.392578125 0.373046875 0.396484375 0.373046875
1 0.1328125 0.26953125 0.134765625 0.26953125 0.13671875 0.271484375 0.134765625 0.2734375 0.130859375 0.2734375 0.1328125 0.275390625 0.1328125 0.27734375 0.134765625 0.279296875 0.138671875 0.279296875 0.13671875 0.27734375 0.13671875 0.275390625 0.134765625 0.2734375 0.13671875 0.271484375 0.134765625 0.26953125
1 0.751953125 0.1875 0.75 0.189453125 0.748046875 0.189453125 0.748046875 0.193359375 0.75390625 0.193359375 0.755859375 0.19140625 0.7578125 0.19140625 0.75390625 0.19140625 0.751953125 0.189453125
1 0.16796875 0.083984375 0.1640625 0.087890625 0.162109375 0.0859375 0.166015625 0.08984375 0.166015625 0.09375 0.1640625 0.095703125 0.166015625 0.09375 0.16796875 0.095703125 0.169921875 0.09375 0.169921875 0.08984375 0.166015625 0.0859375 0.16796875 0.083984375 0.169921875 0.083984375
1 0.689453125 0.046875 0.685546875 0.05078125 0.685546875 0.0546875 0.68359375 0.056640625 0.681640625 0.056640625 0.68359375 0.056640625 0.685546875 0.05859375 0.689453125 0.0546875 0.6875 0.052734375 0.689453125 0.05078125 0.6875 0.048828125
1 0.921875 0.00390625 0.921875 0.01171875 0.923828125 0.009765625 0.927734375 0.009765625 0.927734375 0.0078125 0.92578125 0.005859375 0.927734375 0.00390625 0.92578125 0.005859375 0.923828125 0.005859375
1 0.9140625 0.0 0.912109375 0.001953125 0.908203125 0.001953125 0.912109375 0.001953125 0.91796875 0.0078125 0.916015625 0.005859375 0.91796875 0.00390625 0.91796875 0.001953125 0.919921875 0.0 0.91796875 0.001953125 0.916015625 0.0
