0 0.01953125 0.861328125 0.015625 0.865234375 0.017578125 0.86328125 0.021484375 0.8671875 0.021484375 0.869140625 0.0234375 0.87109375 0.0234375 0.869140625 0.025390625 0.8671875 0.02734375 0.8671875 0.025390625 0.865234375 0.0234375 0.865234375
0 0.9765625 0.421875 0.97265625 0.42578125 0.970703125 0.42578125 0.97265625 0.42578125 0.9765625 0.421875 0.978515625 0.423828125 0.978515625 0.42578125 0.9765625 0.427734375 0.978515625 0.4296875 0.978515625 0.431640625 0.9765625 0.43359375 0.974609375 0.431640625 0.97265625 0.431640625 0.970703125 0.4296875 0.97265625 0.431640625 0.970703125 0.43359375 0.96875 0.43359375 0.970703125 0.43359375 0.97265625 0.431640625 0.974609375 0.431640625 0.9765625 0.43359375 0.978515625 0.43359375 0.98046875 0.435546875 0.982421875 0.435546875 0.982421875 0.4296875 0.978515625 0.4296875 0.9765625 0.427734375 0.98046875 0.423828125 0.978515625 0.423828125
0 0.77734375 0.0859375 0.77734375 0.08984375 0.775390625 0.091796875 0.775390625 0.09375 0.7734375 0.095703125 0.775390625 0.09375 0.779296875 0.09765625 0.77734375 0.099609375 0.775390625 0.099609375 0.77734375 0.099609375 0.779296875 0.1015625 0.779296875 0.103515625 0.77734375 0.10546875 0.779296875 0.107421875 0.77734375 0.10546875 0.779296875 0.103515625 0.779296875 0.1015625 0.78125 0.099609375 0.779296875 0.09765625 0.783203125 0.09375 0.78125 0.09375 0.77734375 0.08984375 0.77734375 0.087890625 0.779296875 0.0859375
0 0.173828125 0.046875 0.173828125 0.05078125 0.177734375 0.0546875 0.177734375 0.052734375 0.181640625 0.048828125 0.1796875 0.05078125 0.177734375 0.048828125 0.17578125 0.048828125
0 0.37890625 0.02734375 0.37890625 0.029296875 0.376953125 0.03125 0.375 0.03125 0.376953125 0.033203125 0.380859375 0.033203125 0.3828125 0.03515625 0.380859375 0.033203125 0.380859375 0.03125 0.3828125 0.029296875 0.38671875 0.033203125 0.380859375 0.02734375
0 0.109375 0.0234375 0.109375 0.025390625 0.111328125 0.02734375 0.111328125 0.033203125 0.11328125 0.03125 0.115234375 0.033203125 0.115234375 0.03125 0.1171875 0.029296875 0.119140625 0.03125 0.119140625 0.033203125 0.119140625 0.03125 0.1171875 0.029296875 0.119140625 0.02734375 0.119140625 0.025390625 0.1171875 0.02734375 0.115234375 0.02734375 0.11328125 0.025390625 0.11328125 0.0234375 0.11328125 0.025390625 0.111328125 0.02734375 0.109375 0.025390625
1 0.01953125 0.861328125 0.015625 0.865234375 0.017578125 0.86328125 0.021484375 0.8671875 0.021484375 0.869140625 0.0234375 0.87109375 0.0234375 0.869140625 0.025390625 0.8671875 0.02734375 0.8671875 0.025390625 0.865234375 0.0234375 0.865234375
1 0.9765625 0.421875 0.97265625 0.42578125 0.970703125 0.42578125 0.97265625 0.42578125 0.9765625 0.421875 0.978515625 0.423828125 0.978515625 0.42578125 0.9765625 0.427734375 0.978515625 0.4296875 0.978515625 0.431640625 0.9765625 0.43359375 0.974609375 0.431640625 0.97265625 0.431640625 0.970703125 0.4296875 0.97265625 0.431640625 0.970703125 0.43359375 0.96875 0.43359375 0.970703125 0.43359375 0.97265625 0.431640625 0.974609375 0.431640625 0.9765625 0.43359375 0.978515625 0.43359375 0.98046875 0.435546875 0.982421875 0.435546875 0.982421875 0.4296875 0.978515625 0.4296875 0.9765625 0.427734375 0.98046875 0.423828125 0.978515625 0.423828125
1 0.77734375 0.0859375 0.77734375 0.08984375 0.775390625 0.091796875 0.775390625 0.09375 0.7734375 0.095703125 0.775390625 0.09375 0.779296875 0.09765625 0.77734375 0.099609375 0.775390625 0.099609375 0.77734375 0.099609375 0.779296875 0.1015625 0.779296875 0.103515625 0.77734375 0.10546875 0.779296875 0.107421875 0.77734375 0.10546875 0.779296875 0.103515625 0.779296875 0.1015625 0.78125 0.099609375 0.779296875 0.09765625 0.783203125 0.09375 0.78125 0.09375 0.77734375 0.08984375 0.77734375 0.087890625 0.779296875 0.0859375
1 0.173828125 0.046875 0.173828125 0.05078125 0.177734375 0.0546875 0.177734375 0.052734375 0.181640625 0.048828125 0.1796875 0.05078125 0.177734375 0.048828125 0.17578125 0.048828125
1 0.37890625 0.02734375 0.37890625 0.029296875 0.376953125 0.03125 0.375 0.03125 0.376953125 0.033203125 0.380859375 0.033203125 0.3828125 0.03515625 0.380859375 0.033203125 0.380859375 0.03125 0.3828125 0.029296875 0.38671875 0.033203125 0.380859375 0.02734375
1 0.109375 0.0234375 0.109375 0.025390625 0.111328125 0.02734375 0.111328125 0.033203125 0.11328125 0.03125 0.115234375 0.033203125 0.115234375 0.03125 0.1171875 0.029296875 0.119140625 0.03125 0.119140625 0.033203125 0.119140625 0.03125 0.1171875 0.029296875 0.119140625 0.02734375 0.119140625 0.025390625 0.1171875 0.02734375 0.115234375 0.02734375 0.11328125 0.025390625 0.11328125 0.0234375 0.11328125 0.025390625 0.111328125 0.02734375 0.109375 0.025390625
