0 0.0078125 0.55859375 0.001953125 0.564453125 0.005859375 0.560546875 0.0078125 0.5625 0.0078125 0.564453125 0.005859375 0.56640625 0.0078125 0.564453125 0.009765625 0.56640625 0.01171875 0.564453125 0.01171875 0.5625 0.009765625 0.560546875 0.009765625 0.55859375
0 0.1796875 0.548828125 0.177734375 0.55078125 0.1796875 0.552734375 0.1796875 0.5546875 0.177734375 0.556640625 0.1796875 0.55859375 0.181640625 0.556640625 0.18359375 0.556640625 0.18359375 0.55078125 0.181640625 0.55078125
0 0.82421875 0.40625 0.826171875 0.408203125 0.82421875 0.41015625 0.822265625 0.41015625 0.826171875 0.4140625 0.822265625 0.41796875 0.8203125 0.41796875 0.822265625 0.41796875 0.82421875 0.416015625 0.826171875 0.41796875 0.828125 0.416015625 0.828125 0.4140625 0.83203125 0.41015625 0.830078125 0.41015625 0.828125 0.408203125 0.826171875 0.408203125
0 0.5546875 0.375 0.5546875 0.376953125 0.556640625 0.37890625 0.556640625 0.380859375 0.5546875 0.3828125 0.5546875 0.384765625 0.55859375 0.384765625 0.560546875 0.3828125 0.560546875 0.37890625 0.55859375 0.380859375 0.5546875 0.376953125
0 0.59375 0.349609375 0.587890625 0.35546875 0.5859375 0.35546875 0.583984375 0.353515625 0.5859375 0.3515625 0.58203125 0.35546875 0.578125 0.3515625 0.58203125 0.35546875 0.583984375 0.353515625 0.5859375 0.35546875 0.587890625 0.35546875 0.58984375 0.357421875 0.59375 0.357421875 0.595703125 0.35546875 0.59765625 0.357421875 0.595703125 0.35546875 0.595703125 0.353515625 0.59375 0.3515625
0 0.208984375 0.283203125 0.20703125 0.28515625 0.203125 0.28515625 0.203125 0.287109375 0.205078125 0.2890625 0.203125 0.291015625 0.205078125 0.29296875 0.203125 0.294921875 0.205078125 0.29296875 0.203125 0.291015625 0.205078125 0.2890625 0.20703125 0.2890625 0.208984375 0.291015625 0.208984375 0.287109375 0.20703125 0.28515625
0 0.099609375 0.283203125 0.1015625 0.28515625 0.1015625 0.287109375 0.099609375 0.2890625 0.1015625 0.291015625 0.09765625 0.294921875 0.1015625 0.291015625 0.103515625 0.29296875 0.10546875 0.29296875 0.10546875 0.28515625 0.1015625 0.28515625
0 0.912109375 0.19140625 0.91015625 0.193359375 0.912109375 0.1953125 0.91015625 0.197265625 0.912109375 0.197265625 0.9140625 0.1953125 0.916015625 0.1953125 0.916015625 0.193359375 0.91796875 0.19140625
0 0.783203125 0.140625 0.783203125 0.14453125 0.78515625 0.146484375 0.787109375 0.146484375 0.7890625 0.1484375 0.787109375 0.150390625 0.78515625 0.150390625 0.787109375 0.150390625 0.7890625 0.15234375 0.791015625 0.15234375 0.79296875 0.150390625 0.794921875 0.15234375 0.791015625 0.1484375 0.791015625 0.146484375 0.7890625 0.1484375 0.787109375 0.146484375 0.787109375 0.142578125 0.78515625 0.142578125
0 0.61328125 0.126953125 0.61328125 0.12890625 0.609375 0.1328125 0.611328125 0.130859375 0.61328125 0.130859375 0.615234375 0.1328125 0.61328125 0.134765625 0.61328125 0.13671875 0.615234375 0.13671875 0.6171875 0.138671875 0.615234375 0.13671875 0.619140625 0.1328125 0.6171875 0.130859375 0.6171875 0.126953125 0.615234375 0.12890625
0 0.662109375 0.115234375 0.662109375 0.1171875 0.66015625 0.119140625 0.65625 0.119140625 0.658203125 0.119140625 0.66015625 0.12109375 0.662109375 0.12109375 0.6640625 0.123046875 0.666015625 0.12109375 0.6640625 0.119140625 0.6640625 0.1171875
0 0.078125 0.0625 0.080078125 0.064453125 0.080078125 0.06640625 0.08203125 0.068359375 0.0859375 0.068359375 0.087890625 0.06640625 0.091796875 0.0703125 0.087890625 0.06640625 0.08984375 0.064453125 0.087890625 0.0625 0.08984375 0.064453125 0.087890625 0.06640625 0.0859375 0.06640625 0.083984375 0.064453125 0.080078125 0.064453125
1 0.0078125 0.55859375 0.001953125 0.564453125 0.005859375 0.560546875 0.0078125 0.5625 0.0078125 0.564453125 0.005859375 0.56640625 0.0078125 0.564453125 0.009765625 0.56640625 0.01171875 0.564453125 0.01171875 0.5625 0.009765625 0.560546875 0.009765625 0.55859375
1 0.1796875 0.548828125 0.177734375 0.55078125 0.1796875 0.552734375 0.1796875 0.5546875 0.177734375 0.556640625 0.1796875 0.55859375 0.181640625 0.556640625 0.18359375 0.556640625 0.18359375 0.55078125 0.181640625 0.55078125
1 0.82421875 0.40625 0.826171875 0.408203125 0.82421875 0.41015625 0.822265625 0.41015625 0.826171875 0.4140625 0.822265625 0.41796875 0.8203125 0.41796875 0.822265625 0.41796875 0.82421875 0.416015625 0.826171875 0.41796875 0.828125 0.416015625 0.828125 0.4140625 0.83203125 0.41015625 0.830078125 0.41015625 0.828125 0.408203125 0.826171875 0.408203125
1 0.5546875 0.375 0.5546875 0.376953125 0.556640625 0.37890625 0.556640625 0.380859375 0.5546875 0.3828125 0.5546875 0.384765625 0.55859375 0.384765625 0.560546875 0.3828125 0.560546875 0.37890625 0.55859375 0.380859375 0.5546875 0.376953125
1 0.59375 0.349609375 0.587890625 0.35546875 0.5859375 0.35546875 0.583984375 0.353515625 0.5859375 0.3515625 0.58203125 0.35546875 0.578125 0.3515625 0.58203125 0.35546875 0.583984375 0.353515625 0.5859375 0.35546875 0.587890625 0.35546875 0.58984375 0.357421875 0.59375 0.357421875 0.595703125 0.35546875 0.59765625 0.357421875 0.595703125 0.35546875 0.595703125 0.353515625 0.59375 0.3515625
1 0.208984375 0.283203125 0.20703125 0.28515625 0.203125 0.28515625 0.203125 0.287109375 0.205078125 0.2890625 0.203125 0.291015625 0.205078125 0.29296875 0.203125 0.294921875 0.205078125 0.29296875 0.203125 0.291015625 0.205078125 0.2890625 0.20703125 0.2890625 0.208984375 0.291015625 0.208984375 0.287109375 0.20703125 0.28515625
1 0.099609375 0.283203125 0.1015625 0.28515625 0.1015625 0.287109375 0.099609375 0.2890625 0.1015625 0.291015625 0.09765625 0.294921875 0.1015625 0.291015625 0.103515625 0.29296875 0.10546875 0.29296875 0.10546875 0.28515625 0.1015625 0.28515625
1 0.912109375 0.19140625 0.91015625 0.193359375 0.912109375 0.1953125 0.91015625 0.197265625 0.912109375 0.197265625 0.9140625 0.1953125 0.916015625 0.1953125 0.916015625 0.193359375 0.91796875 0.19140625
1 0.783203125 0.140625 0.783203125 0.14453125 0.78515625 0.146484375 0.787109375 0.146484375 0.7890625 0.1484375 0.787109375 0.150390625 0.78515625 0.150390625 0.787109375 0.150390625 0.7890625 0.15234375 0.791015625 0.15234375 0.79296875 0.150390625 0.794921875 0.15234375 0.791015625 0.1484375 0.791015625 0.146484375 0.7890625 0.1484375 0.787109375 0.146484375 0.787109375 0.142578125 0.78515625 0.142578125
1 0.61328125 0.126953125 0.61328125 0.12890625 0.609375 0.1328125 0.611328125 0.130859375 0.61328125 0.130859375 0.615234375 0.1328125 0.61328125 0.134765625 0.61328125 0.13671875 0.615234375 0.13671875 0.6171875 0.138671875 0.615234375 0.13671875 0.619140625 0.1328125 0.6171875 0.130859375 0.6171875 0.126953125 0.615234375 0.12890625
1 0.662109375 0.115234375 0.662109375 0.1171875 0.66015625 0.119140625 0.65625 0.119140625 0.658203125 0.119140625 0.66015625 0.12109375 0.662109375 0.12109375 0.6640625 0.123046875 0.666015625 0.12109375 0.6640625 0.119140625 0.6640625 0.1171875
1 0.078125 0.0625 0.080078125 0.064453125 0.080078125 0.06640625 0.08203125 0.068359375 0.0859375 0.068359375 0.087890625 0.06640625 0.091796875 0.0703125 0.087890625 0.06640625 0.08984375 0.064453125 0.087890625 0.0625 0.08984375 0.064453125 0.087890625 0.06640625 0.0859375 0.06640625 0.083984375 0.064453125 0.080078125 0.064453125
