0 0.08984375 0.486328125 0.091796875 0.48828125 0.08984375 0.490234375 0.0859375 0.490234375 0.095703125 0.490234375 0.09765625 0.4921875 0.095703125 0.490234375 0.09765625 0.48828125 0.095703125 0.486328125
0 0.796875 0.283203125 0.79296875 0.287109375 0.79296875 0.2890625 0.791015625 0.291015625 0.79296875 0.29296875 0.796875 0.29296875 0.798828125 0.294921875 0.802734375 0.291015625 0.80078125 0.2890625 0.80078125 0.28515625 0.798828125 0.287109375 0.796875 0.287109375 0.794921875 0.28515625
0 0.59765625 0.1875 0.595703125 0.189453125 0.59765625 0.19140625 0.595703125 0.193359375 0.591796875 0.193359375 0.58984375 0.19140625 0.591796875 0.189453125 0.58984375 0.19140625 0.587890625 0.19140625 0.58984375 0.19140625 0.591796875 0.193359375 0.591796875 0.197265625 0.59375 0.197265625 0.595703125 0.1953125 0.595703125 0.193359375 0.59765625 0.19140625 0.6015625 0.19140625 0.603515625 0.189453125 0.603515625 0.1875
0 0.68359375 0.1640625 0.68359375 0.16796875 0.681640625 0.169921875 0.681640625 0.171875 0.6796875 0.173828125 0.677734375 0.173828125 0.6875 0.173828125 0.689453125 0.171875 0.6875 0.171875 0.68359375 0.16796875 0.68359375 0.166015625 0.685546875 0.1640625
0 0.341796875 0.078125 0.33984375 0.080078125 0.341796875 0.08203125 0.341796875 0.083984375 0.33984375 0.0859375 0.337890625 0.0859375 0.33984375 0.0859375 0.341796875 0.087890625 0.337890625 0.091796875 0.3359375 0.08984375 0.337890625 0.091796875 0.3359375 0.09375 0.3359375 0.095703125 0.337890625 0.09765625 0.3359375 0.095703125 0.3359375 0.09375 0.337890625 0.091796875 0.341796875 0.095703125 0.34375 0.095703125 0.345703125 0.09375 0.345703125 0.091796875 0.341796875 0.087890625 0.34375 0.0859375 0.341796875 0.083984375 0.341796875 0.08203125 0.33984375 0.080078125
1 0.08984375 0.486328125 0.091796875 0.48828125 0.08984375 0.490234375 0.0859375 0.490234375 0.095703125 0.490234375 0.09765625 0.4921875 0.095703125 0.490234375 0.09765625 0.48828125 0.095703125 0.486328125
1 0.796875 0.283203125 0.79296875 0.287109375 0.79296875 0.2890625 0.791015625 0.291015625 0.79296875 0.29296875 0.796875 0.29296875 0.798828125 0.294921875 0.802734375 0.291015625 0.80078125 0.2890625 0.80078125 0.28515625 0.798828125 0.287109375 0.796875 0.287109375 0.794921875 0.28515625
1 0.59765625 0.1875 0.595703125 0.189453125 0.59765625 0.19140625 0.595703125 0.193359375 0.591796875 0.193359375 0.58984375 0.19140625 0.591796875 0.189453125 0.58984375 0.19140625 0.587890625 0.19140625 0.58984375 0.19140625 0.591796875 0.193359375 0.591796875 0.197265625 0.59375 0.197265625 0.595703125 0.1953125 0.595703125 0.193359375 0.59765625 0.19140625 0.6015625 0.19140625 0.603515625 0.189453125 0.603515625 0.1875
1 0.68359375 0.1640625 0.68359375 0.16796875 0.681640625 0.169921875 0.681640625 0.171875 0.6796875 0.173828125 0.677734375 0.173828125 0.6875 0.173828125 0.689453125 0.171875 0.6875 0.171875 0.68359375 0.16796875 0.68359375 0.166015625 0.685546875 0.1640625
1 0.341796875 0.078125 0.33984375 0.080078125 0.341796875 0.08203125 0.341796875 0.083984375 0.33984375 0.0859375 0.337890625 0.0859375 0.33984375 0.0859375 0.341796875 0.087890625 0.337890625 0.091796875 0.3359375 0.08984375 0.337890625 0.091796875 0.3359375 0.09375 0.3359375 0.095703125 0.337890625 0.09765625 0.3359375 0.095703125 0.3359375 0.09375 0.337890625 0.091796875 0.341796875 0.095703125 0.34375 0.095703125 0.345703125 0.09375 0.345703125 0.091796875 0.341796875 0.087890625 0.34375 0.0859375 0.341796875 0.083984375 0.341796875 0.08203125 0.33984375 0.080078125
