0 0.08203125 0.9453125 0.078125 0.94921875 0.076171875 0.94921875 0.07421875 0.951171875 0.076171875 0.951171875 0.080078125 0.955078125 0.080078125 0.95703125 0.078125 0.958984375 0.080078125 0.958984375 0.080078125 0.955078125 0.08203125 0.953125 0.080078125 0.951171875 0.08203125 0.94921875 0.080078125 0.947265625 0.08203125 0.9453125 0.083984375 0.9453125
0 0.201171875 0.23828125 0.201171875 0.2421875 0.19921875 0.244140625 0.197265625 0.244140625 0.19921875 0.244140625 0.201171875 0.24609375 0.203125 0.24609375 0.205078125 0.244140625 0.203125 0.2421875 0.205078125 0.240234375 0.205078125 0.23828125
0 0.2265625 0.18359375 0.224609375 0.185546875 0.224609375 0.189453125 0.228515625 0.193359375 0.2265625 0.1953125 0.224609375 0.1953125 0.2265625 0.1953125 0.228515625 0.193359375 0.2265625 0.19140625 0.23046875 0.1875 0.228515625 0.185546875 0.228515625 0.18359375
0 0.556640625 0.181640625 0.552734375 0.185546875 0.552734375 0.1875 0.5546875 0.189453125 0.556640625 0.189453125 0.556640625 0.1875 0.560546875 0.18359375 0.55859375 0.185546875 0.556640625 0.18359375
0 0.7421875 0.140625 0.740234375 0.142578125 0.73828125 0.142578125 0.740234375 0.142578125 0.7421875 0.14453125 0.7421875 0.146484375 0.740234375 0.1484375 0.73828125 0.146484375 0.736328125 0.146484375 0.73828125 0.146484375 0.740234375 0.1484375 0.73828125 0.150390625 0.736328125 0.150390625 0.736328125 0.154296875 0.73828125 0.15625 0.73828125 0.158203125 0.740234375 0.158203125 0.74609375 0.15234375 0.748046875 0.154296875 0.74609375 0.15234375 0.744140625 0.15234375 0.744140625 0.154296875 0.7421875 0.15625 0.73828125 0.15234375 0.73828125 0.150390625 0.7421875 0.146484375 0.7421875 0.14453125 0.740234375 0.142578125
0 0.294921875 0.1328125 0.294921875 0.138671875 0.298828125 0.138671875 0.30078125 0.13671875 0.298828125 0.134765625 0.298828125 0.1328125
0 0.33984375 0.109375 0.33984375 0.111328125 0.337890625 0.11328125 0.3359375 0.11328125 0.337890625 0.11328125 0.33984375 0.115234375 0.337890625 0.1171875 0.3359375 0.1171875 0.33984375 0.1171875 0.33984375 0.115234375 0.341796875 0.11328125 0.34375 0.115234375 0.34375 0.111328125 0.341796875 0.109375
1 0.08203125 0.9453125 0.078125 0.94921875 0.076171875 0.94921875 0.07421875 0.951171875 0.076171875 0.951171875 0.080078125 0.955078125 0.080078125 0.95703125 0.078125 0.958984375 0.080078125 0.958984375 0.080078125 0.955078125 0.08203125 0.953125 0.080078125 0.951171875 0.08203125 0.94921875 0.080078125 0.947265625 0.08203125 0.9453125 0.083984375 0.9453125
1 0.201171875 0.23828125 0.201171875 0.2421875 0.19921875 0.244140625 0.197265625 0.244140625 0.19921875 0.244140625 0.201171875 0.24609375 0.203125 0.24609375 0.205078125 0.244140625 0.203125 0.2421875 0.205078125 0.240234375 0.205078125 0.23828125
1 0.2265625 0.18359375 0.224609375 0.185546875 0.224609375 0.189453125 0.228515625 0.193359375 0.2265625 0.1953125 0.224609375 0.1953125 0.2265625 0.1953125 0.228515625 0.193359375 0.2265625 0.19140625 0.23046875 0.1875 0.228515625 0.185546875 0.228515625 0.18359375
1 0.556640625 0.181640625 0.552734375 0.185546875 0.552734375 0.1875 0.5546875 0.189453125 0.556640625 0.189453125 0.556640625 0.1875 0.560546875 0.18359375 0.55859375 0.185546875 0.556640625 0.18359375
1 0.7421875 0.140625 0.740234375 0.142578125 0.73828125 0.142578125 0.740234375 0.142578125 0.7421875 0.14453125 0.7421875 0.146484375 0.740234375 0.1484375 0.73828125 0.146484375 0.736328125 0.146484375 0.73828125 0.146484375 0.740234375 0.1484375 0.73828125 0.150390625 0.736328125 0.150390625 0.736328125 0.154296875 0.73828125 0.15625 0.73828125 0.158203125 0.740234375 0.158203125 0.74609375 0.15234375 0.748046875 0.154296875 0.74609375 0.15234375 0.744140625 0.15234375 0.744140625 0.154296875 0.7421875 0.15625 0.73828125 0.15234375 0.73828125 0.150390625 0.7421875 0.146484375 0.7421875 0.14453125 0.740234375 0.142578125
1 0.294921875 0.1328125 0.294921875 0.138671875 0.298828125 0.138671875 0.30078125 0.13671875 0.298828125 0.134765625 0.298828125 0.1328125
1 0.33984375 0.109375 0.33984375 0.111328125 0.337890625 0.11328125 0.3359375 0.11328125 0.337890625 0.11328125 0.33984375 0.115234375 0.337890625 0.1171875 0.3359375 0.1171875 0.33984375 0.1171875 0.33984375 0.115234375 0.341796875 0.11328125 0.34375 0.115234375 0.34375 0.111328125 0.341796875 0.109375
