0 0.03515625 0.1796875 0.029296875 0.185546875 0.02734375 0.185546875 0.025390625 0.18359375 0.02734375 0.181640625 0.0234375 0.185546875 0.021484375 0.18359375 0.01953125 0.18359375 0.01953125 0.185546875 0.017578125 0.1875 0.021484375 0.19140625 0.01953125 0.193359375 0.021484375 0.1953125 0.0234375 0.1953125 0.021484375 0.1953125 0.01953125 0.193359375 0.0234375 0.189453125 0.0234375 0.185546875 0.025390625 0.18359375 0.02734375 0.185546875 0.029296875 0.185546875 0.03125 0.1875 0.03125 0.189453125 0.033203125 0.1875 0.033203125 0.185546875 0.03515625 0.18359375 0.033203125 0.181640625 0.03515625 0.1796875 0.037109375 0.1796875
0 0.80859375 0.130859375 0.8046875 0.134765625 0.802734375 0.1328125 0.806640625 0.13671875 0.806640625 0.138671875 0.80859375 0.140625 0.80859375 0.142578125 0.80859375 0.140625 0.810546875 0.138671875 0.810546875 0.13671875 0.806640625 0.1328125 0.80859375 0.130859375 0.810546875 0.130859375
0 0.376953125 0.046875 0.373046875 0.05078125 0.373046875 0.0546875 0.37109375 0.056640625 0.369140625 0.056640625 0.37109375 0.056640625 0.373046875 0.05859375 0.376953125 0.0546875 0.375 0.052734375 0.376953125 0.05078125 0.375 0.048828125
0 0.982421875 0.04296875 0.98046875 0.044921875 0.98046875 0.046875 0.978515625 0.048828125 0.98046875 0.05078125 0.978515625 0.052734375 0.9765625 0.052734375 0.978515625 0.052734375 0.982421875 0.048828125 0.984375 0.05078125 0.986328125 0.048828125 0.990234375 0.048828125 0.986328125 0.048828125 0.982421875 0.044921875
0 0.189453125 0.033203125 0.19140625 0.03515625 0.193359375 0.033203125 0.1953125 0.03515625 0.1953125 0.037109375 0.19140625 0.041015625 0.193359375 0.041015625 0.1953125 0.04296875 0.197265625 0.04296875 0.19921875 0.044921875 0.201171875 0.04296875 0.19921875 0.044921875 0.197265625 0.04296875 0.197265625 0.037109375 0.201171875 0.033203125 0.19921875 0.033203125 0.197265625 0.03515625 0.1953125 0.03515625 0.193359375 0.033203125 0.19140625 0.03515625
1 0.03515625 0.1796875 0.029296875 0.185546875 0.02734375 0.185546875 0.025390625 0.18359375 0.02734375 0.181640625 0.0234375 0.185546875 0.021484375 0.18359375 0.01953125 0.18359375 0.01953125 0.185546875 0.017578125 0.1875 0.021484375 0.19140625 0.01953125 0.193359375 0.021484375 0.1953125 0.0234375 0.1953125 0.021484375 0.1953125 0.01953125 0.193359375 0.0234375 0.189453125 0.0234375 0.185546875 0.025390625 0.18359375 0.02734375 0.185546875 0.029296875 0.185546875 0.03125 0.1875 0.03125 0.189453125 0.033203125 0.1875 0.033203125 0.185546875 0.03515625 0.18359375 0.033203125 0.181640625 0.03515625 0.1796875 0.037109375 0.1796875
1 0.80859375 0.130859375 0.8046875 0.134765625 0.802734375 0.1328125 0.806640625 0.13671875 0.806640625 0.138671875 0.80859375 0.140625 0.80859375 0.142578125 0.80859375 0.140625 0.810546875 0.138671875 0.810546875 0.13671875 0.806640625 0.1328125 0.80859375 0.130859375 0.810546875 0.130859375
1 0.376953125 0.046875 0.373046875 0.05078125 0.373046875 0.0546875 0.37109375 0.056640625 0.369140625 0.056640625 0.37109375 0.056640625 0.373046875 0.05859375 0.376953125 0.0546875 0.375 0.052734375 0.376953125 0.05078125 0.375 0.048828125
1 0.982421875 0.04296875 0.98046875 0.044921875 0.98046875 0.046875 0.978515625 0.048828125 0.98046875 0.05078125 0.978515625 0.052734375 0.9765625 0.052734375 0.978515625 0.052734375 0.982421875 0.048828125 0.984375 0.05078125 0.986328125 0.048828125 0.990234375 0.048828125 0.986328125 0.048828125 0.982421875 0.044921875
1 0.189453125 0.033203125 0.19140625 0.03515625 0.193359375 0.033203125 0.1953125 0.03515625 0.1953125 0.037109375 0.19140625 0.041015625 0.193359375 0.041015625 0.1953125 0.04296875 0.197265625 0.04296875 0.19921875 0.044921875 0.201171875 0.04296875 0.19921875 0.044921875 0.197265625 0.04296875 0.197265625 0.037109375 0.201171875 0.033203125 0.19921875 0.033203125 0.197265625 0.03515625 0.1953125 0.03515625 0.193359375 0.033203125 0.19140625 0.03515625
