0 0.037109375 0.626953125 0.03515625 0.62890625 0.0390625 0.6328125 0.0390625 0.634765625 0.037109375 0.63671875 0.0390625 0.634765625 0.041015625 0.63671875 0.041015625 0.638671875 0.041015625 0.63671875 0.04296875 0.634765625 0.04296875 0.62890625 0.044921875 0.626953125 0.04296875 0.62890625 0.041015625 0.626953125 0.041015625 0.62890625 0.0390625 0.630859375 0.037109375 0.630859375 0.03515625 0.62890625
0 0.947265625 0.556640625 0.951171875 0.560546875 0.953125 0.560546875 0.95703125 0.556640625
0 0.9296875 0.384765625 0.927734375 0.38671875 0.923828125 0.38671875 0.921875 0.388671875 0.923828125 0.388671875 0.92578125 0.390625 0.92578125 0.392578125 0.927734375 0.392578125 0.93359375 0.38671875 0.9296875 0.390625 0.927734375 0.388671875 0.927734375 0.38671875
0 0.001953125 0.375 0.001953125 0.376953125 0.0 0.37890625 0.001953125 0.380859375 0.0 0.3828125 0.0 0.38671875 0.00390625 0.38671875 0.005859375 0.384765625 0.005859375 0.3828125 0.0078125 0.380859375 0.005859375 0.3828125 0.00390625 0.380859375 0.001953125 0.380859375 0.0 0.37890625 0.001953125 0.376953125
0 0.611328125 0.345703125 0.611328125 0.34765625 0.61328125 0.345703125 0.615234375 0.34765625 0.6171875 0.345703125 0.619140625 0.345703125 0.62109375 0.34765625 0.6171875 0.3515625 0.61328125 0.3515625 0.61328125 0.353515625 0.609375 0.357421875 0.611328125 0.35546875 0.619140625 0.35546875 0.623046875 0.3515625 0.62109375 0.349609375 0.62109375 0.34765625 0.619140625 0.345703125 0.6171875 0.345703125 0.615234375 0.34765625 0.61328125 0.345703125
0 0.49609375 0.208984375 0.4921875 0.212890625 0.490234375 0.2109375 0.48828125 0.2109375 0.486328125 0.212890625 0.484375 0.212890625 0.486328125 0.212890625 0.48828125 0.21484375 0.486328125 0.216796875 0.48828125 0.21484375 0.490234375 0.216796875 0.490234375 0.21484375 0.4921875 0.212890625 0.494140625 0.21484375 0.49609375 0.212890625 0.494140625 0.2109375
0 0.662109375 0.15625 0.662109375 0.158203125 0.6640625 0.16015625 0.662109375 0.162109375 0.66015625 0.162109375 0.658203125 0.16015625 0.658203125 0.158203125 0.658203125 0.16015625 0.66015625 0.162109375 0.658203125 0.1640625 0.66015625 0.166015625 0.658203125 0.16796875 0.662109375 0.1640625 0.662109375 0.162109375 0.6640625 0.16015625 0.666015625 0.16015625 0.666015625 0.158203125 0.6640625 0.15625
0 0.333984375 0.1328125 0.33203125 0.134765625 0.330078125 0.134765625 0.328125 0.13671875 0.330078125 0.138671875 0.328125 0.13671875 0.330078125 0.134765625 0.33203125 0.134765625 0.3359375 0.138671875 0.337890625 0.13671875 0.33984375 0.138671875 0.341796875 0.13671875 0.33984375 0.138671875 0.337890625 0.13671875 0.337890625 0.1328125
0 0.607421875 0.109375 0.60546875 0.111328125 0.603515625 0.111328125 0.607421875 0.115234375 0.607421875 0.1171875 0.60546875 0.119140625 0.609375 0.115234375 0.615234375 0.115234375 0.611328125 0.115234375 0.609375 0.11328125 0.611328125 0.111328125 0.609375 0.111328125
0 0.5546875 0.072265625 0.552734375 0.07421875 0.548828125 0.07421875 0.546875 0.076171875 0.548828125 0.078125 0.548828125 0.08203125 0.55078125 0.08203125 0.552734375 0.083984375 0.55078125 0.0859375 0.548828125 0.0859375 0.55078125 0.0859375 0.552734375 0.083984375 0.5546875 0.0859375 0.5546875 0.087890625 0.552734375 0.08984375 0.55078125 0.08984375 0.552734375 0.08984375 0.5546875 0.091796875 0.552734375 0.08984375 0.5546875 0.087890625 0.5546875 0.0859375 0.55078125 0.08203125 0.55078125 0.080078125 0.552734375 0.078125 0.552734375 0.07421875
1 0.037109375 0.626953125 0.03515625 0.62890625 0.0390625 0.6328125 0.0390625 0.634765625 0.037109375 0.63671875 0.0390625 0.634765625 0.041015625 0.63671875 0.041015625 0.638671875 0.041015625 0.63671875 0.04296875 0.634765625 0.04296875 0.62890625 0.044921875 0.626953125 0.04296875 0.62890625 0.041015625 0.626953125 0.041015625 0.62890625 0.0390625 0.630859375 0.037109375 0.630859375 0.03515625 0.62890625
1 0.947265625 0.556640625 0.951171875 0.560546875 0.953125 0.560546875 0.95703125 0.556640625
1 0.9296875 0.384765625 0.927734375 0.38671875 0.923828125 0.38671875 0.921875 0.388671875 0.923828125 0.388671875 0.92578125 0.390625 0.92578125 0.392578125 0.927734375 0.392578125 0.93359375 0.38671875 0.9296875 0.390625 0.927734375 0.388671875 0.927734375 0.38671875
1 0.001953125 0.375 0.001953125 0.376953125 0.0 0.37890625 0.001953125 0.380859375 0.0 0.3828125 0.0 0.38671875 0.00390625 0.38671875 0.005859375 0.384765625 0.005859375 0.3828125 0.0078125 0.380859375 0.005859375 0.3828125 0.00390625 0.380859375 0.001953125 0.380859375 0.0 0.37890625 0.001953125 0.376953125
1 0.611328125 0.345703125 0.611328125 0.34765625 0.61328125 0.345703125 0.615234375 0.34765625 0.6171875 0.345703125 0.619140625 0.345703125 0.62109375 0.34765625 0.6171875 0.3515625 0.61328125 0.3515625 0.61328125 0.353515625 0.609375 0.357421875 0.611328125 0.35546875 0.619140625 0.35546875 0.623046875 0.3515625 0.62109375 0.349609375 0.62109375 0.34765625 0.619140625 0.345703125 0.6171875 0.345703125 0.615234375 0.34765625 0.61328125 0.345703125
1 0.49609375 0.208984375 0.4921875 0.212890625 0.490234375 0.2109375 0.48828125 0.2109375 0.486328125 0.212890625 0.484375 0.212890625 0.486328125 0.212890625 0.48828125 0.21484375 0.486328125 0.216796875 0.48828125 0.21484375 0.490234375 0.216796875 0.490234375 0.21484375 0.4921875 0.212890625 0.494140625 0.21484375 0.49609375 0.212890625 0.494140625 0.2109375
1 0.662109375 0.15625 0.662109375 0.158203125 0.6640625 0.16015625 0.662109375 0.162109375 0.66015625 0.162109375 0.658203125 0.16015625 0.658203125 0.158203125 0.658203125 0.16015625 0.66015625 0.162109375 0.658203125 0.1640625 0.66015625 0.166015625 0.658203125 0.16796875 0.662109375 0.1640625 0.662109375 0.162109375 0.6640625 0.16015625 0.666015625 0.16015625 0.666015625 0.158203125 0.6640625 0.15625
1 0.333984375 0.1328125 0.33203125 0.134765625 0.330078125 0.134765625 0.328125 0.13671875 0.330078125 0.138671875 0.328125 0.13671875 0.330078125 0.134765625 0.33203125 0.134765625 0.3359375 0.138671875 0.337890625 0.13671875 0.33984375 0.138671875 0.341796875 0.13671875 0.33984375 0.138671875 0.337890625 0.13671875 0.337890625 0.1328125
1 0.607421875 0.109375 0.60546875 0.111328125 0.603515625 0.111328125 0.607421875 0.115234375 0.607421875 0.1171875 0.60546875 0.119140625 0.609375 0.115234375 0.615234375 0.115234375 0.611328125 0.115234375 0.609375 0.11328125 0.611328125 0.111328125 0.609375 0.111328125
1 0.5546875 0.072265625 0.552734375 0.07421875 0.548828125 0.07421875 0.546875 0.076171875 0.548828125 0.078125 0.548828125 0.08203125 0.55078125 0.08203125 0.552734375 0.083984375 0.55078125 0.0859375 0.548828125 0.0859375 0.55078125 0.0859375 0.552734375 0.083984375 0.5546875 0.0859375 0.5546875 0.087890625 0.552734375 0.08984375 0.55078125 0.08984375 0.552734375 0.08984375 0.5546875 0.091796875 0.552734375 0.08984375 0.5546875 0.087890625 0.5546875 0.0859375 0.55078125 0.08203125 0.55078125 0.080078125 0.552734375 0.078125 0.552734375 0.07421875
