0 0.955078125 0.78125 0.953125 0.783203125 0.955078125 0.78515625 0.955078125 0.787109375 0.95703125 0.78515625 0.958984375 0.78515625 0.962890625 0.7890625 0.9609375 0.791015625 0.962890625 0.79296875 0.9609375 0.791015625 0.962890625 0.7890625 0.9609375 0.787109375 0.962890625 0.78515625 0.962890625 0.783203125 0.96484375 0.78125 0.966796875 0.783203125 0.96484375 0.78125 0.962890625 0.783203125 0.9609375 0.78125
0 0.02734375 0.328125 0.025390625 0.330078125 0.021484375 0.330078125 0.0234375 0.33203125 0.0234375 0.333984375 0.025390625 0.3359375 0.02734375 0.3359375 0.02734375 0.333984375 0.029296875 0.33203125 0.02734375 0.33203125 0.025390625 0.330078125
0 0.802734375 0.177734375 0.798828125 0.181640625 0.796875 0.1796875 0.796875 0.185546875 0.802734375 0.185546875 0.802734375 0.181640625 0.80078125 0.1796875 0.802734375 0.177734375 0.8046875 0.177734375
0 0.228515625 0.126953125 0.228515625 0.12890625 0.2265625 0.130859375 0.228515625 0.130859375 0.23046875 0.1328125 0.228515625 0.134765625 0.23046875 0.13671875 0.228515625 0.138671875 0.232421875 0.134765625 0.232421875 0.12890625 0.23046875 0.12890625
0 0.8984375 0.083984375 0.90234375 0.087890625 0.90234375 0.08984375 0.900390625 0.091796875 0.8984375 0.08984375 0.896484375 0.091796875 0.8984375 0.08984375 0.900390625 0.091796875 0.90234375 0.08984375 0.908203125 0.08984375 0.90625 0.087890625 0.908203125 0.0859375 0.912109375 0.0859375 0.900390625 0.0859375
0 0.458984375 0.037109375 0.458984375 0.0390625 0.45703125 0.041015625 0.453125 0.041015625 0.455078125 0.041015625 0.45703125 0.04296875 0.458984375 0.04296875 0.4609375 0.044921875 0.462890625 0.04296875 0.4609375 0.041015625 0.4609375 0.0390625
0 0.962890625 0.03125 0.9609375 0.033203125 0.958984375 0.033203125 0.9609375 0.03515625 0.958984375 0.037109375 0.95703125 0.037109375 0.95703125 0.0390625 0.955078125 0.041015625 0.95703125 0.04296875 0.9609375 0.0390625 0.96484375 0.0390625 0.966796875 0.041015625 0.96484375 0.04296875 0.966796875 0.041015625 0.96484375 0.0390625 0.962890625 0.0390625 0.9609375 0.037109375 0.962890625 0.03515625 0.9609375 0.033203125
0 0.732421875 0.03125 0.73046875 0.033203125 0.732421875 0.03515625 0.732421875 0.037109375 0.73046875 0.0390625 0.728515625 0.0390625 0.73046875 0.0390625 0.732421875 0.041015625 0.728515625 0.044921875 0.7265625 0.04296875 0.728515625 0.044921875 0.728515625 0.046875 0.73046875 0.048828125 0.73046875 0.052734375 0.734375 0.052734375 0.732421875 0.052734375 0.73046875 0.05078125 0.73046875 0.048828125 0.732421875 0.046875 0.734375 0.048828125 0.736328125 0.046875 0.736328125 0.044921875 0.732421875 0.041015625 0.734375 0.0390625 0.732421875 0.037109375 0.732421875 0.03515625 0.73046875 0.033203125
1 0.955078125 0.78125 0.953125 0.783203125 0.955078125 0.78515625 0.955078125 0.787109375 0.95703125 0.78515625 0.958984375 0.78515625 0.962890625 0.7890625 0.9609375 0.791015625 0.962890625 0.79296875 0.9609375 0.791015625 0.962890625 0.7890625 0.9609375 0.787109375 0.962890625 0.78515625 0.962890625 0.783203125 0.96484375 0.78125 0.966796875 0.783203125 0.96484375 0.78125 0.962890625 0.783203125 0.9609375 0.78125
1 0.02734375 0.328125 0.025390625 0.330078125 0.021484375 0.330078125 0.0234375 0.33203125 0.0234375 0.333984375 0.025390625 0.3359375 0.02734375 0.3359375 0.02734375 0.333984375 0.029296875 0.33203125 0.02734375 0.33203125 0.025390625 0.330078125
1 0.802734375 0.177734375 0.798828125 0.181640625 0.796875 0.1796875 0.796875 0.185546875 0.802734375 0.185546875 0.802734375 0.181640625 0.80078125 0.1796875 0.802734375 0.177734375 0.8046875 0.177734375
1 0.228515625 0.126953125 0.228515625 0.12890625 0.2265625 0.130859375 0.228515625 0.130859375 0.23046875 0.1328125 0.228515625 0.134765625 0.23046875 0.13671875 0.228515625 0.138671875 0.232421875 0.134765625 0.232421875 0.12890625 0.23046875 0.12890625
1 0.8984375 0.083984375 0.90234375 0.087890625 0.90234375 0.08984375 0.900390625 0.091796875 0.8984375 0.08984375 0.896484375 0.091796875 0.8984375 0.08984375 0.900390625 0.091796875 0.90234375 0.08984375 0.908203125 0.08984375 0.90625 0.087890625 0.908203125 0.0859375 0.912109375 0.0859375 0.900390625 0.0859375
1 0.458984375 0.037109375 0.458984375 0.0390625 0.45703125 0.041015625 0.453125 0.041015625 0.455078125 0.041015625 0.45703125 0.04296875 0.458984375 0.04296875 0.4609375 0.044921875 0.462890625 0.04296875 0.4609375 0.041015625 0.4609375 0.0390625
1 0.962890625 0.03125 0.9609375 0.033203125 0.958984375 0.033203125 0.9609375 0.03515625 0.958984375 0.037109375 0.95703125 0.037109375 0.95703125 0.0390625 0.955078125 0.041015625 0.95703125 0.04296875 0.9609375 0.0390625 0.96484375 0.0390625 0.966796875 0.041015625 0.96484375 0.04296875 0.966796875 0.041015625 0.96484375 0.0390625 0.962890625 0.0390625 0.9609375 0.037109375 0.962890625 0.03515625 0.9609375 0.033203125
1 0.732421875 0.03125 0.73046875 0.033203125 0.732421875 0.03515625 0.732421875 0.037109375 0.73046875 0.0390625 0.728515625 0.0390625 0.73046875 0.0390625 0.732421875 0.041015625 0.728515625 0.044921875 0.7265625 0.04296875 0.728515625 0.044921875 0.728515625 0.046875 0.73046875 0.048828125 0.73046875 0.052734375 0.734375 0.052734375 0.732421875 0.052734375 0.73046875 0.05078125 0.73046875 0.048828125 0.732421875 0.046875 0.734375 0.048828125 0.736328125 0.046875 0.736328125 0.044921875 0.732421875 0.041015625 0.734375 0.0390625 0.732421875 0.037109375 0.732421875 0.03515625 0.73046875 0.033203125
