0 0.986328125 0.4375 0.986328125 0.439453125 0.98828125 0.44140625 0.986328125 0.443359375 0.98828125 0.4453125 0.990234375 0.443359375 0.990234375 0.44140625 0.994140625 0.4375 0.9921875 0.439453125 0.990234375 0.4375
0 0.771484375 0.224609375 0.76953125 0.2265625 0.771484375 0.228515625 0.767578125 0.232421875 0.76953125 0.234375 0.76953125 0.236328125 0.771484375 0.236328125 0.7734375 0.234375 0.7734375 0.23046875 0.76953125 0.2265625 0.771484375 0.224609375 0.7734375 0.224609375
0 0.181640625 0.193359375 0.1796875 0.1953125 0.17578125 0.1953125 0.173828125 0.197265625 0.17578125 0.19921875 0.1796875 0.19921875 0.181640625 0.197265625 0.185546875 0.201171875 0.1796875 0.1953125
0 0.5546875 0.111328125 0.5546875 0.11328125 0.556640625 0.115234375 0.556640625 0.1171875 0.55859375 0.1171875 0.560546875 0.119140625 0.55859375 0.1171875 0.560546875 0.115234375 0.560546875 0.11328125 0.55859375 0.11328125 0.556640625 0.111328125
0 0.3515625 0.1015625 0.353515625 0.1015625 0.35546875 0.103515625 0.353515625 0.10546875 0.35546875 0.107421875 0.35546875 0.109375 0.357421875 0.111328125 0.359375 0.109375 0.361328125 0.111328125 0.361328125 0.11328125 0.359375 0.115234375 0.357421875 0.115234375 0.361328125 0.115234375 0.361328125 0.111328125 0.36328125 0.109375 0.36328125 0.107421875 0.365234375 0.10546875 0.3671875 0.10546875 0.365234375 0.10546875 0.36328125 0.103515625 0.365234375 0.1015625 0.3671875 0.1015625 0.365234375 0.1015625 0.36328125 0.103515625 0.361328125 0.1015625 0.357421875 0.10546875 0.353515625 0.1015625
0 0.359375 0.048828125 0.357421875 0.05078125 0.357421875 0.0546875 0.35546875 0.056640625 0.353515625 0.056640625 0.35546875 0.056640625 0.357421875 0.05859375 0.359375 0.056640625 0.357421875 0.0546875 0.359375 0.052734375 0.361328125 0.052734375 0.361328125 0.05078125 0.36328125 0.048828125
1 0.986328125 0.4375 0.986328125 0.439453125 0.98828125 0.44140625 0.986328125 0.443359375 0.98828125 0.4453125 0.990234375 0.443359375 0.990234375 0.44140625 0.994140625 0.4375 0.9921875 0.439453125 0.990234375 0.4375
1 0.771484375 0.224609375 0.76953125 0.2265625 0.771484375 0.228515625 0.767578125 0.232421875 0.76953125 0.234375 0.76953125 0.236328125 0.771484375 0.236328125 0.7734375 0.234375 0.7734375 0.23046875 0.76953125 0.2265625 0.771484375 0.224609375 0.7734375 0.224609375
1 0.181640625 0.193359375 0.1796875 0.1953125 0.17578125 0.1953125 0.173828125 0.197265625 0.17578125 0.19921875 0.1796875 0.19921875 0.181640625 0.197265625 0.185546875 0.201171875 0.1796875 0.1953125
1 0.5546875 0.111328125 0.5546875 0.11328125 0.556640625 0.115234375 0.556640625 0.1171875 0.55859375 0.1171875 0.560546875 0.119140625 0.55859375 0.1171875 0.560546875 0.115234375 0.560546875 0.11328125 0.55859375 0.11328125 0.556640625 0.111328125
1 0.3515625 0.1015625 0.353515625 0.1015625 0.35546875 0.103515625 0.353515625 0.10546875 0.35546875 0.107421875 0.35546875 0.109375 0.357421875 0.111328125 0.359375 0.109375 0.361328125 0.111328125 0.361328125 0.11328125 0.359375 0.115234375 0.357421875 0.115234375 0.361328125 0.115234375 0.361328125 0.111328125 0.36328125 0.109375 0.36328125 0.107421875 0.365234375 0.10546875 0.3671875 0.10546875 0.365234375 0.10546875 0.36328125 0.103515625 0.365234375 0.1015625 0.3671875 0.1015625 0.365234375 0.1015625 0.36328125 0.103515625 0.361328125 0.1015625 0.357421875 0.10546875 0.353515625 0.1015625
1 0.359375 0.048828125 0.357421875 0.05078125 0.357421875 0.0546875 0.35546875 0.056640625 0.353515625 0.056640625 0.35546875 0.056640625 0.357421875 0.05859375 0.359375 0.056640625 0.357421875 0.0546875 0.359375 0.052734375 0.361328125 0.052734375 0.361328125 0.05078125 0.36328125 0.048828125
