0 0.47265625 0.611328125 0.474609375 0.61328125 0.47265625 0.615234375 0.474609375 0.6171875 0.47265625 0.619140625 0.47265625 0.62109375 0.470703125 0.623046875 0.46875 0.62109375 0.470703125 0.623046875 0.47265625 0.62109375 0.474609375 0.623046875 0.48046875 0.623046875 0.482421875 0.62109375 0.48046875 0.619140625 0.48046875 0.6171875 0.478515625 0.619140625 0.4765625 0.619140625 0.47265625 0.615234375 0.474609375 0.61328125
0 0.462890625 0.537109375 0.46484375 0.5390625 0.462890625 0.541015625 0.4609375 0.541015625 0.458984375 0.5390625 0.458984375 0.541015625 0.4609375 0.54296875 0.458984375 0.544921875 0.462890625 0.544921875 0.46484375 0.54296875 0.46484375 0.5390625
0 0.29296875 0.521484375 0.29296875 0.525390625 0.294921875 0.52734375 0.296875 0.525390625 0.298828125 0.525390625 0.296875 0.5234375 0.296875 0.521484375
0 0.5703125 0.412109375 0.572265625 0.412109375 0.57421875 0.4140625 0.572265625 0.416015625 0.5703125 0.416015625 0.572265625 0.416015625 0.57421875 0.41796875 0.57421875 0.419921875 0.576171875 0.419921875 0.578125 0.41796875 0.578125 0.4140625 0.576171875 0.416015625 0.57421875 0.4140625 0.57421875 0.412109375
0 0.818359375 0.298828125 0.8203125 0.30078125 0.8203125 0.302734375 0.822265625 0.3046875 0.822265625 0.306640625 0.826171875 0.302734375 0.822265625 0.298828125 0.8203125 0.30078125
0 0.5078125 0.255859375 0.51171875 0.259765625 0.51171875 0.26171875 0.509765625 0.263671875 0.5078125 0.26171875 0.505859375 0.263671875 0.5078125 0.26171875 0.509765625 0.263671875 0.51171875 0.26171875 0.517578125 0.26171875 0.515625 0.259765625 0.517578125 0.2578125 0.521484375 0.2578125 0.509765625 0.2578125
0 0.83984375 0.171875 0.84375 0.17578125 0.841796875 0.177734375 0.841796875 0.1796875 0.83984375 0.181640625 0.83984375 0.18359375 0.837890625 0.185546875 0.83984375 0.18359375 0.841796875 0.185546875 0.845703125 0.181640625 0.84765625 0.18359375 0.849609375 0.181640625 0.853515625 0.185546875 0.85546875 0.18359375 0.85546875 0.1796875 0.853515625 0.177734375 0.857421875 0.173828125 0.853515625 0.177734375 0.849609375 0.177734375 0.84765625 0.17578125 0.84765625 0.1796875 0.845703125 0.181640625 0.841796875 0.177734375 0.84375 0.17578125 0.84375 0.173828125 0.845703125 0.171875 0.84375 0.173828125 0.841796875 0.173828125
0 0.083984375 0.126953125 0.08203125 0.12890625 0.080078125 0.12890625 0.08203125 0.12890625 0.083984375 0.130859375 0.083984375 0.134765625 0.08203125 0.13671875 0.080078125 0.134765625 0.080078125 0.1328125 0.080078125 0.13671875 0.08203125 0.13671875 0.083984375 0.138671875 0.0859375 0.138671875 0.087890625 0.13671875 0.08984375 0.138671875 0.091796875 0.13671875 0.08984375 0.138671875 0.087890625 0.13671875 0.087890625 0.134765625 0.08203125 0.12890625
0 0.4765625 0.0625 0.46875 0.0703125 0.470703125 0.068359375 0.474609375 0.072265625 0.474609375 0.068359375 0.4765625 0.06640625 0.478515625 0.068359375 0.478515625 0.0703125 0.478515625 0.068359375 0.48046875 0.06640625 0.482421875 0.068359375 0.48046875 0.06640625 0.482421875 0.064453125 0.48046875 0.064453125 0.48046875 0.06640625 0.478515625 0.068359375 0.474609375 0.064453125
0 0.140625 0.041015625 0.142578125 0.04296875 0.142578125 0.044921875 0.140625 0.046875 0.142578125 0.048828125 0.140625 0.05078125 0.142578125 0.048828125 0.14453125 0.05078125 0.14453125 0.048828125 0.146484375 0.046875 0.146484375 0.044921875 0.14453125 0.044921875
0 0.767578125 0.0 0.765625 0.001953125 0.767578125 0.00390625 0.765625 0.005859375 0.767578125 0.00390625 0.76953125 0.00390625 0.771484375 0.005859375 0.76953125 0.0078125 0.7734375 0.00390625 0.77734375 0.00390625 0.779296875 0.001953125 0.77734375 0.0 0.7734375 0.0 0.76953125 0.00390625 0.767578125 0.00390625 0.765625 0.001953125
1 0.47265625 0.611328125 0.474609375 0.61328125 0.47265625 0.615234375 0.474609375 0.6171875 0.47265625 0.619140625 0.47265625 0.62109375 0.470703125 0.623046875 0.46875 0.62109375 0.470703125 0.623046875 0.47265625 0.62109375 0.474609375 0.623046875 0.48046875 0.623046875 0.482421875 0.62109375 0.48046875 0.619140625 0.48046875 0.6171875 0.478515625 0.619140625 0.4765625 0.619140625 0.47265625 0.615234375 0.474609375 0.61328125
1 0.462890625 0.537109375 0.46484375 0.5390625 0.462890625 0.541015625 0.4609375 0.541015625 0.458984375 0.5390625 0.458984375 0.541015625 0.4609375 0.54296875 0.458984375 0.544921875 0.462890625 0.544921875 0.46484375 0.54296875 0.46484375 0.5390625
1 0.29296875 0.521484375 0.29296875 0.525390625 0.294921875 0.52734375 0.296875 0.525390625 0.298828125 0.525390625 0.296875 0.5234375 0.296875 0.521484375
1 0.5703125 0.412109375 0.572265625 0.412109375 0.57421875 0.4140625 0.572265625 0.416015625 0.5703125 0.416015625 0.572265625 0.416015625 0.57421875 0.41796875 0.57421875 0.419921875 0.576171875 0.419921875 0.578125 0.41796875 0.578125 0.4140625 0.576171875 0.416015625 0.57421875 0.4140625 0.57421875 0.412109375
1 0.818359375 0.298828125 0.8203125 0.30078125 0.8203125 0.302734375 0.822265625 0.3046875 0.822265625 0.306640625 0.826171875 0.302734375 0.822265625 0.298828125 0.8203125 0.30078125
1 0.5078125 0.255859375 0.51171875 0.259765625 0.51171875 0.26171875 0.509765625 0.263671875 0.5078125 0.26171875 0.505859375 0.263671875 0.5078125 0.26171875 0.509765625 0.263671875 0.51171875 0.26171875 0.517578125 0.26171875 0.515625 0.259765625 0.517578125 0.2578125 0.521484375 0.2578125 0.509765625 0.2578125
1 0.83984375 0.171875 0.84375 0.17578125 0.841796875 0.177734375 0.841796875 0.1796875 0.83984375 0.181640625 0.83984375 0.18359375 0.837890625 0.185546875 0.83984375 0.18359375 0.841796875 0.185546875 0.845703125 0.181640625 0.84765625 0.18359375 0.849609375 0.181640625 0.853515625 0.185546875 0.85546875 0.18359375 0.85546875 0.1796875 0.853515625 0.177734375 0.857421875 0.173828125 0.853515625 0.177734375 0.849609375 0.177734375 0.84765625 0.17578125 0.84765625 0.1796875 0.845703125 0.181640625 0.841796875 0.177734375 0.84375 0.17578125 0.84375 0.173828125 0.845703125 0.171875 0.84375 0.173828125 0.841796875 0.173828125
1 0.083984375 0.126953125 0.08203125 0.12890625 0.080078125 0.12890625 0.08203125 0.12890625 0.083984375 0.130859375 0.083984375 0.134765625 0.08203125 0.13671875 0.080078125 0.134765625 0.080078125 0.1328125 0.080078125 0.13671875 0.08203125 0.13671875 0.083984375 0.138671875 0.0859375 0.138671875 0.087890625 0.13671875 0.08984375 0.138671875 0.091796875 0.13671875 0.08984375 0.138671875 0.087890625 0.13671875 0.087890625 0.134765625 0.08203125 0.12890625
1 0.4765625 0.0625 0.46875 0.0703125 0.470703125 0.068359375 0.474609375 0.072265625 0.474609375 0.068359375 0.4765625 0.06640625 0.478515625 0.068359375 0.478515625 0.0703125 0.478515625 0.068359375 0.48046875 0.06640625 0.482421875 0.068359375 0.48046875 0.06640625 0.482421875 0.064453125 0.48046875 0.064453125 0.48046875 0.06640625 0.478515625 0.068359375 0.474609375 0.064453125
1 0.140625 0.041015625 0.142578125 0.04296875 0.142578125 0.044921875 0.140625 0.046875 0.142578125 0.048828125 0.140625 0.05078125 0.142578125 0.048828125 0.14453125 0.05078125 0.14453125 0.048828125 0.146484375 0.046875 0.146484375 0.044921875 0.14453125 0.044921875
1 0.767578125 0.0 0.765625 0.001953125 0.767578125 0.00390625 0.765625 0.005859375 0.767578125 0.00390625 0.76953125 0.00390625 0.771484375 0.005859375 0.76953125 0.0078125 0.7734375 0.00390625 0.77734375 0.00390625 0.779296875 0.001953125 0.77734375 0.0 0.7734375 0.0 0.76953125 0.00390625 0.767578125 0.00390625 0.765625 0.001953125
