0 0.638671875 0.51171875 0.63671875 0.513671875 0.63671875 0.517578125 0.634765625 0.51953125 0.6328125 0.51953125 0.634765625 0.51953125 0.63671875 0.521484375 0.634765625 0.5234375 0.6328125 0.5234375 0.63671875 0.5234375 0.63671875 0.521484375 0.638671875 0.51953125 0.640625 0.51953125 0.642578125 0.517578125 0.646484375 0.517578125 0.642578125 0.517578125 0.638671875 0.513671875
0 0.8984375 0.501953125 0.896484375 0.50390625 0.896484375 0.505859375 0.892578125 0.509765625 0.890625 0.5078125 0.89453125 0.51171875 0.8984375 0.5078125 0.900390625 0.5078125 0.90234375 0.505859375 0.900390625 0.505859375 0.8984375 0.50390625
0 0.224609375 0.28515625 0.220703125 0.2890625 0.220703125 0.291015625 0.224609375 0.294921875 0.228515625 0.291015625 0.2265625 0.2890625 0.224609375 0.2890625 0.22265625 0.287109375
0 0.087890625 0.15625 0.087890625 0.158203125 0.0859375 0.16015625 0.087890625 0.16015625 0.08984375 0.162109375 0.091796875 0.162109375 0.091796875 0.158203125 0.08984375 0.15625
0 0.572265625 0.1328125 0.5703125 0.134765625 0.572265625 0.13671875 0.572265625 0.138671875 0.576171875 0.138671875 0.576171875 0.134765625 0.57421875 0.134765625
1 0.638671875 0.51171875 0.63671875 0.513671875 0.63671875 0.517578125 0.634765625 0.51953125 0.6328125 0.51953125 0.634765625 0.51953125 0.63671875 0.521484375 0.634765625 0.5234375 0.6328125 0.5234375 0.63671875 0.5234375 0.63671875 0.521484375 0.638671875 0.51953125 0.640625 0.51953125 0.642578125 0.517578125 0.646484375 0.517578125 0.642578125 0.517578125 0.638671875 0.513671875
1 0.8984375 0.501953125 0.896484375 0.50390625 0.896484375 0.505859375 0.892578125 0.509765625 0.890625 0.5078125 0.89453125 0.51171875 0.8984375 0.5078125 0.900390625 0.5078125 0.90234375 0.505859375 0.900390625 0.505859375 0.8984375 0.50390625
1 0.224609375 0.28515625 0.220703125 0.2890625 0.220703125 0.291015625 0.224609375 0.294921875 0.228515625 0.291015625 0.2265625 0.2890625 0.224609375 0.2890625 0.22265625 0.287109375
1 0.087890625 0.15625 0.087890625 0.158203125 0.0859375 0.16015625 0.087890625 0.16015625 0.08984375 0.162109375 0.091796875 0.162109375 0.091796875 0.158203125 0.08984375 0.15625
1 0.572265625 0.1328125 0.5703125 0.134765625 0.572265625 0.13671875 0.572265625 0.138671875 0.576171875 0.138671875 0.576171875 0.134765625 0.57421875 0.134765625
