0 0.0390625 0.365234375 0.033203125 0.37109375 0.03515625 0.373046875 0.037109375 0.37109375 0.0390625 0.37109375 0.041015625 0.373046875 0.041015625 0.37109375 0.04296875 0.369140625 0.044921875 0.369140625 0.04296875 0.369140625
0 0.376953125 0.349609375 0.380859375 0.353515625 0.37890625 0.35546875 0.37890625 0.359375 0.380859375 0.357421875 0.3828125 0.359375 0.3828125 0.361328125 0.3828125 0.359375 0.384765625 0.357421875 0.384765625 0.35546875 0.3828125 0.353515625 0.38671875 0.349609375 0.3828125 0.353515625 0.380859375 0.353515625
0 0.08984375 0.265625 0.08984375 0.267578125 0.091796875 0.26953125 0.08984375 0.271484375 0.087890625 0.271484375 0.0859375 0.2734375 0.083984375 0.271484375 0.0859375 0.2734375 0.0859375 0.275390625 0.087890625 0.27734375 0.091796875 0.27734375 0.091796875 0.2734375 0.08984375 0.271484375 0.091796875 0.26953125 0.08984375 0.267578125
0 0.708984375 0.251953125 0.70703125 0.25390625 0.705078125 0.25390625 0.705078125 0.2578125 0.70703125 0.259765625 0.7109375 0.255859375 0.7109375 0.25390625 0.712890625 0.251953125 0.7109375 0.25390625
0 0.9296875 0.234375 0.927734375 0.236328125 0.92578125 0.236328125 0.927734375 0.236328125 0.9296875 0.23828125 0.9296875 0.240234375 0.927734375 0.2421875 0.92578125 0.240234375 0.923828125 0.240234375 0.92578125 0.240234375 0.927734375 0.2421875 0.92578125 0.244140625 0.923828125 0.244140625 0.923828125 0.251953125 0.92578125 0.25 0.927734375 0.251953125 0.927734375 0.248046875 0.92578125 0.24609375 0.92578125 0.244140625 0.9296875 0.240234375 0.9296875 0.23828125 0.927734375 0.236328125
0 0.349609375 0.22265625 0.34765625 0.224609375 0.34765625 0.228515625 0.345703125 0.23046875 0.353515625 0.23046875 0.3515625 0.228515625 0.3515625 0.2265625 0.353515625 0.224609375 0.35546875 0.2265625 0.357421875 0.224609375 0.35546875 0.2265625 0.353515625 0.224609375 0.3515625 0.224609375
0 0.568359375 0.17578125 0.56640625 0.177734375 0.568359375 0.1796875 0.56640625 0.181640625 0.568359375 0.181640625 0.5703125 0.1796875 0.572265625 0.1796875 0.572265625 0.177734375 0.57421875 0.17578125
1 0.0390625 0.365234375 0.033203125 0.37109375 0.03515625 0.373046875 0.037109375 0.37109375 0.0390625 0.37109375 0.041015625 0.373046875 0.041015625 0.37109375 0.04296875 0.369140625 0.044921875 0.369140625 0.04296875 0.369140625
1 0.376953125 0.349609375 0.380859375 0.353515625 0.37890625 0.35546875 0.37890625 0.359375 0.380859375 0.357421875 0.3828125 0.359375 0.3828125 0.361328125 0.3828125 0.359375 0.384765625 0.357421875 0.384765625 0.35546875 0.3828125 0.353515625 0.38671875 0.349609375 0.3828125 0.353515625 0.380859375 0.353515625
1 0.08984375 0.265625 0.08984375 0.267578125 0.091796875 0.26953125 0.08984375 0.271484375 0.087890625 0.271484375 0.0859375 0.2734375 0.083984375 0.271484375 0.0859375 0.2734375 0.0859375 0.275390625 0.087890625 0.27734375 0.091796875 0.27734375 0.091796875 0.2734375 0.08984375 0.271484375 0.091796875 0.26953125 0.08984375 0.267578125
1 0.708984375 0.251953125 0.70703125 0.25390625 0.705078125 0.25390625 0.705078125 0.2578125 0.70703125 0.259765625 0.7109375 0.255859375 0.7109375 0.25390625 0.712890625 0.251953125 0.7109375 0.25390625
1 0.9296875 0.234375 0.927734375 0.236328125 0.92578125 0.236328125 0.927734375 0.236328125 0.9296875 0.23828125 0.9296875 0.240234375 0.927734375 0.2421875 0.92578125 0.240234375 0.923828125 0.240234375 0.92578125 0.240234375 0.927734375 0.2421875 0.92578125 0.244140625 0.923828125 0.244140625 0.923828125 0.251953125 0.92578125 0.25 0.927734375 0.251953125 0.927734375 0.248046875 0.92578125 0.24609375 0.92578125 0.244140625 0.9296875 0.240234375 0.9296875 0.23828125 0.927734375 0.236328125
1 0.349609375 0.22265625 0.34765625 0.224609375 0.34765625 0.228515625 0.345703125 0.23046875 0.353515625 0.23046875 0.3515625 0.228515625 0.3515625 0.2265625 0.353515625 0.224609375 0.35546875 0.2265625 0.357421875 0.224609375 0.35546875 0.2265625 0.353515625 0.224609375 0.3515625 0.224609375
1 0.568359375 0.17578125 0.56640625 0.177734375 0.568359375 0.1796875 0.56640625 0.181640625 0.568359375 0.181640625 0.5703125 0.1796875 0.572265625 0.1796875 0.572265625 0.177734375 0.57421875 0.17578125
