0 0.4765625 0.3359375 0.478515625 0.3359375 0.48046875 0.337890625 0.478515625 0.33984375 0.48046875 0.341796875 0.48046875 0.34375 0.482421875 0.345703125 0.484375 0.345703125 0.486328125 0.34375 0.486328125 0.341796875 0.484375 0.33984375 0.482421875 0.33984375 0.478515625 0.3359375
0 0.48828125 0.298828125 0.4921875 0.302734375 0.48828125 0.306640625 0.4921875 0.310546875 0.494140625 0.30859375 0.498046875 0.30859375 0.498046875 0.306640625 0.49609375 0.3046875 0.494140625 0.306640625 0.4921875 0.3046875 0.4921875 0.302734375 0.490234375 0.30078125 0.4921875 0.298828125 0.490234375 0.30078125
0 0.61328125 0.1875 0.611328125 0.189453125 0.60546875 0.189453125 0.607421875 0.19140625 0.60546875 0.193359375 0.6015625 0.193359375 0.607421875 0.193359375 0.609375 0.1953125 0.611328125 0.1953125 0.61328125 0.197265625
0 0.662109375 0.150390625 0.6640625 0.15234375 0.6640625 0.158203125 0.666015625 0.15625 0.66796875 0.158203125 0.66796875 0.15625 0.669921875 0.154296875 0.66796875 0.15234375 0.6640625 0.15234375
0 0.9375 0.125 0.935546875 0.126953125 0.935546875 0.130859375 0.9375 0.130859375 0.939453125 0.1328125 0.94140625 0.130859375 0.939453125 0.12890625 0.939453125 0.125
0 0.05078125 0.111328125 0.048828125 0.11328125 0.048828125 0.115234375 0.046875 0.1171875 0.05078125 0.12109375 0.05859375 0.12109375 0.060546875 0.123046875 0.056640625 0.119140625 0.056640625 0.1171875 0.052734375 0.1171875 0.048828125 0.11328125 0.05078125 0.111328125 0.052734375 0.111328125 0.0546875 0.11328125 0.056640625 0.111328125 0.05859375 0.11328125 0.05859375 0.111328125 0.056640625 0.111328125 0.0546875 0.11328125 0.052734375 0.111328125
0 0.8125 0.041015625 0.814453125 0.04296875 0.8125 0.044921875 0.8125 0.046875 0.814453125 0.048828125 0.81640625 0.046875 0.818359375 0.048828125 0.81640625 0.046875 0.818359375 0.044921875 0.81640625 0.04296875 0.81640625 0.041015625 0.814453125 0.04296875
0 0.765625 0.0 0.767578125 0.001953125 0.767578125 0.00390625 0.765625 0.005859375 0.767578125 0.0078125 0.767578125 0.009765625 0.76953125 0.01171875 0.7734375 0.0078125 0.775390625 0.009765625 0.7734375 0.0078125 0.7734375 0.005859375 0.76953125 0.005859375 0.767578125 0.00390625 0.767578125 0.001953125
1 0.4765625 0.3359375 0.478515625 0.3359375 0.48046875 0.337890625 0.478515625 0.33984375 0.48046875 0.341796875 0.48046875 0.34375 0.482421875 0.345703125 0.484375 0.345703125 0.486328125 0.34375 0.486328125 0.341796875 0.484375 0.33984375 0.482421875 0.33984375 0.478515625 0.3359375
1 0.48828125 0.298828125 0.4921875 0.302734375 0.48828125 0.306640625 0.4921875 0.310546875 0.494140625 0.30859375 0.498046875 0.30859375 0.498046875 0.306640625 0.49609375 0.3046875 0.494140625 0.306640625 0.4921875 0.3046875 0.4921875 0.302734375 0.490234375 0.30078125 0.4921875 0.298828125 0.490234375 0.30078125
1 0.61328125 0.1875 0.611328125 0.189453125 0.60546875 0.189453125 0.607421875 0.19140625 0.60546875 0.193359375 0.6015625 0.193359375 0.607421875 0.193359375 0.609375 0.1953125 0.611328125 0.1953125 0.61328125 0.197265625
1 0.662109375 0.150390625 0.6640625 0.15234375 0.6640625 0.158203125 0.666015625 0.15625 0.66796875 0.158203125 0.66796875 0.15625 0.669921875 0.154296875 0.66796875 0.15234375 0.6640625 0.15234375
1 0.9375 0.125 0.935546875 0.126953125 0.935546875 0.130859375 0.9375 0.130859375 0.939453125 0.1328125 0.94140625 0.130859375 0.939453125 0.12890625 0.939453125 0.125
1 0.05078125 0.111328125 0.048828125 0.11328125 0.048828125 0.115234375 0.046875 0.1171875 0.05078125 0.12109375 0.05859375 0.12109375 0.060546875 0.123046875 0.056640625 0.119140625 0.056640625 0.1171875 0.052734375 0.1171875 0.048828125 0.11328125 0.05078125 0.111328125 0.052734375 0.111328125 0.0546875 0.11328125 0.056640625 0.111328125 0.05859375 0.11328125 0.05859375 0.111328125 0.056640625 0.111328125 0.0546875 0.11328125 0.052734375 0.111328125
1 0.8125 0.041015625 0.814453125 0.04296875 0.8125 0.044921875 0.8125 0.046875 0.814453125 0.048828125 0.81640625 0.046875 0.818359375 0.048828125 0.81640625 0.046875 0.818359375 0.044921875 0.81640625 0.04296875 0.81640625 0.041015625 0.814453125 0.04296875
1 0.765625 0.0 0.767578125 0.001953125 0.767578125 0.00390625 0.765625 0.005859375 0.767578125 0.0078125 0.767578125 0.009765625 0.76953125 0.01171875 0.7734375 0.0078125 0.775390625 0.009765625 0.7734375 0.0078125 0.7734375 0.005859375 0.76953125 0.005859375 0.767578125 0.00390625 0.767578125 0.001953125
