0 0.076171875 0.666015625 0.07421875 0.66796875 0.06640625 0.66796875 0.068359375 0.669921875 0.068359375 0.671875 0.0703125 0.673828125 0.072265625 0.673828125 0.072265625 0.669921875
0 0.056640625 0.4375 0.0546875 0.439453125 0.052734375 0.439453125 0.0546875 0.439453125 0.056640625 0.44140625 0.0546875 0.443359375 0.052734375 0.443359375 0.0546875 0.443359375 0.056640625 0.44140625 0.05859375 0.443359375 0.060546875 0.44140625 0.0625 0.443359375 0.0625 0.439453125 0.060546875 0.4375
0 0.55078125 0.392578125 0.55078125 0.39453125 0.552734375 0.396484375 0.55078125 0.3984375 0.5546875 0.3984375 0.55859375 0.40234375 0.556640625 0.404296875 0.55859375 0.40234375 0.5546875 0.3984375 0.55859375 0.39453125 0.560546875 0.39453125 0.552734375 0.39453125
0 0.30859375 0.16015625 0.306640625 0.162109375 0.306640625 0.1640625 0.30859375 0.1640625 0.310546875 0.166015625 0.310546875 0.16796875 0.3125 0.166015625 0.314453125 0.166015625 0.3125 0.1640625 0.3125 0.162109375 0.310546875 0.16015625
0 0.322265625 0.140625 0.322265625 0.142578125 0.3203125 0.14453125 0.322265625 0.146484375 0.32421875 0.14453125 0.326171875 0.14453125 0.326171875 0.140625
0 0.9140625 0.046875 0.916015625 0.048828125 0.912109375 0.052734375 0.912109375 0.056640625 0.9140625 0.056640625 0.916015625 0.0546875 0.916015625 0.048828125
1 0.076171875 0.666015625 0.07421875 0.66796875 0.06640625 0.66796875 0.068359375 0.669921875 0.068359375 0.671875 0.0703125 0.673828125 0.072265625 0.673828125 0.072265625 0.669921875
1 0.056640625 0.4375 0.0546875 0.439453125 0.052734375 0.439453125 0.0546875 0.439453125 0.056640625 0.44140625 0.0546875 0.443359375 0.052734375 0.443359375 0.0546875 0.443359375 0.056640625 0.44140625 0.05859375 0.443359375 0.060546875 0.44140625 0.0625 0.443359375 0.0625 0.439453125 0.060546875 0.4375
1 0.55078125 0.392578125 0.55078125 0.39453125 0.552734375 0.396484375 0.55078125 0.3984375 0.5546875 0.3984375 0.55859375 0.40234375 0.556640625 0.404296875 0.55859375 0.40234375 0.5546875 0.3984375 0.55859375 0.39453125 0.560546875 0.39453125 0.552734375 0.39453125
1 0.30859375 0.16015625 0.306640625 0.162109375 0.306640625 0.1640625 0.30859375 0.1640625 0.310546875 0.166015625 0.310546875 0.16796875 0.3125 0.166015625 0.314453125 0.166015625 0.3125 0.1640625 0.3125 0.162109375 0.310546875 0.16015625
1 0.322265625 0.140625 0.322265625 0.142578125 0.3203125 0.14453125 0.322265625 0.146484375 0.32421875 0.14453125 0.326171875 0.14453125 0.326171875 0.140625
1 0.9140625 0.046875 0.916015625 0.048828125 0.912109375 0.052734375 0.912109375 0.056640625 0.9140625 0.056640625 0.916015625 0.0546875 0.916015625 0.048828125
