0 0.794921875 0.474609375 0.79296875 0.4765625 0.791015625 0.4765625 0.791015625 0.478515625 0.7890625 0.48046875 0.791015625 0.482421875 0.79296875 0.482421875 0.794921875 0.48046875 0.794921875 0.478515625 0.79296875 0.4765625
0 0.728515625 0.408203125 0.7265625 0.41015625 0.71875 0.41015625 0.720703125 0.41015625 0.724609375 0.4140625 0.720703125 0.41796875 0.72265625 0.419921875 0.720703125 0.41796875 0.724609375 0.4140625 0.728515625 0.4140625 0.7265625 0.412109375 0.728515625 0.41015625
0 0.7890625 0.3203125 0.791015625 0.3203125 0.79296875 0.322265625 0.791015625 0.32421875 0.79296875 0.326171875 0.79296875 0.328125 0.794921875 0.330078125 0.796875 0.330078125 0.798828125 0.328125 0.796875 0.326171875 0.798828125 0.32421875 0.802734375 0.32421875 0.798828125 0.32421875 0.796875 0.322265625 0.794921875 0.32421875 0.791015625 0.3203125
0 0.1796875 0.296875 0.181640625 0.298828125 0.18359375 0.296875 0.185546875 0.298828125 0.1875 0.298828125 0.189453125 0.30078125 0.185546875 0.3046875 0.181640625 0.3046875 0.1796875 0.306640625 0.177734375 0.306640625 0.181640625 0.306640625 0.18359375 0.30859375 0.18359375 0.310546875 0.1875 0.306640625 0.1875 0.302734375 0.189453125 0.30078125 0.19140625 0.30078125 0.189453125 0.30078125 0.1875 0.298828125 0.185546875 0.298828125 0.18359375 0.296875 0.181640625 0.298828125
0 0.861328125 0.09375 0.859375 0.095703125 0.861328125 0.09765625 0.86328125 0.095703125 0.865234375 0.09765625 0.865234375 0.099609375 0.86328125 0.1015625 0.865234375 0.1015625 0.8671875 0.103515625 0.869140625 0.103515625 0.87109375 0.10546875 0.873046875 0.103515625 0.87109375 0.10546875 0.869140625 0.103515625 0.869140625 0.1015625 0.87109375 0.099609375 0.8671875 0.095703125 0.8671875 0.09375 0.8671875 0.095703125 0.865234375 0.09765625
0 0.736328125 0.02734375 0.736328125 0.029296875 0.734375 0.03125 0.734375 0.03515625 0.736328125 0.037109375 0.734375 0.0390625 0.736328125 0.041015625 0.734375 0.0390625 0.736328125 0.037109375 0.740234375 0.037109375 0.7421875 0.0390625 0.740234375 0.037109375 0.7421875 0.03515625 0.7421875 0.033203125 0.744140625 0.03125 0.73828125 0.03125 0.736328125 0.029296875
0 0.025390625 0.02734375 0.0234375 0.029296875 0.025390625 0.03125 0.0234375 0.033203125 0.021484375 0.033203125 0.03125 0.033203125 0.033203125 0.03125 0.03125 0.03125 0.029296875 0.029296875 0.02734375 0.029296875
1 0.794921875 0.474609375 0.79296875 0.4765625 0.791015625 0.4765625 0.791015625 0.478515625 0.7890625 0.48046875 0.791015625 0.482421875 0.79296875 0.482421875 0.794921875 0.48046875 0.794921875 0.478515625 0.79296875 0.4765625
1 0.728515625 0.408203125 0.7265625 0.41015625 0.71875 0.41015625 0.720703125 0.41015625 0.724609375 0.4140625 0.720703125 0.41796875 0.72265625 0.419921875 0.720703125 0.41796875 0.724609375 0.4140625 0.728515625 0.4140625 0.7265625 0.412109375 0.728515625 0.41015625
1 0.7890625 0.3203125 0.791015625 0.3203125 0.79296875 0.322265625 0.791015625 0.32421875 0.79296875 0.326171875 0.79296875 0.328125 0.794921875 0.330078125 0.796875 0.330078125 0.798828125 0.328125 0.796875 0.326171875 0.798828125 0.32421875 0.802734375 0.32421875 0.798828125 0.32421875 0.796875 0.322265625 0.794921875 0.32421875 0.791015625 0.3203125
1 0.1796875 0.296875 0.181640625 0.298828125 0.18359375 0.296875 0.185546875 0.298828125 0.1875 0.298828125 0.189453125 0.30078125 0.185546875 0.3046875 0.181640625 0.3046875 0.1796875 0.306640625 0.177734375 0.306640625 0.181640625 0.306640625 0.18359375 0.30859375 0.18359375 0.310546875 0.1875 0.306640625 0.1875 0.302734375 0.189453125 0.30078125 0.19140625 0.30078125 0.189453125 0.30078125 0.1875 0.298828125 0.185546875 0.298828125 0.18359375 0.296875 0.181640625 0.298828125
1 0.861328125 0.09375 0.859375 0.095703125 0.861328125 0.09765625 0.86328125 0.095703125 0.865234375 0.09765625 0.865234375 0.099609375 0.86328125 0.1015625 0.865234375 0.1015625 0.8671875 0.103515625 0.869140625 0.103515625 0.87109375 0.10546875 0.873046875 0.103515625 0.87109375 0.10546875 0.869140625 0.103515625 0.869140625 0.1015625 0.87109375 0.099609375 0.8671875 0.095703125 0.8671875 0.09375 0.8671875 0.095703125 0.865234375 0.09765625
1 0.736328125 0.02734375 0.736328125 0.029296875 0.734375 0.03125 0.734375 0.03515625 0.736328125 0.037109375 0.734375 0.0390625 0.736328125 0.041015625 0.734375 0.0390625 0.736328125 0.037109375 0.740234375 0.037109375 0.7421875 0.0390625 0.740234375 0.037109375 0.7421875 0.03515625 0.7421875 0.033203125 0.744140625 0.03125 0.73828125 0.03125 0.736328125 0.029296875
1 0.025390625 0.02734375 0.0234375 0.029296875 0.025390625 0.03125 0.0234375 0.033203125 0.021484375 0.033203125 0.03125 0.033203125 0.033203125 0.03125 0.03125 0.03125 0.029296875 0.029296875 0.02734375 0.029296875
