0 0.322265625 0.412109375 0.32421875 0.4140625 0.322265625 0.416015625 0.3203125 0.416015625 0.318359375 0.4140625 0.318359375 0.416015625 0.3203125 0.41796875 0.318359375 0.419921875 0.322265625 0.419921875 0.32421875 0.41796875 0.32421875 0.4140625
0 0.568359375 0.234375 0.568359375 0.23828125 0.56640625 0.240234375 0.564453125 0.23828125 0.56640625 0.240234375 0.568359375 0.23828125 0.5703125 0.240234375 0.5703125 0.244140625 0.5703125 0.2421875 0.572265625 0.240234375 0.572265625 0.234375
0 0.55859375 0.20703125 0.560546875 0.208984375 0.560546875 0.2109375 0.5625 0.212890625 0.564453125 0.212890625 0.56640625 0.2109375 0.56640625 0.208984375 0.564453125 0.20703125
0 0.630859375 0.05078125 0.626953125 0.0546875 0.625 0.052734375 0.6328125 0.060546875 0.630859375 0.05859375 0.634765625 0.0546875 0.63671875 0.056640625 0.63671875 0.05859375 0.638671875 0.05859375 0.63671875 0.056640625 0.638671875 0.0546875 0.63671875 0.056640625 0.634765625 0.0546875 0.634765625 0.052734375 0.634765625 0.0546875 0.6328125 0.056640625 0.630859375 0.0546875
0 0.484375 0.046875 0.484375 0.05078125 0.486328125 0.052734375 0.486328125 0.0546875 0.486328125 0.052734375 0.490234375 0.048828125 0.48828125 0.046875
1 0.322265625 0.412109375 0.32421875 0.4140625 0.322265625 0.416015625 0.3203125 0.416015625 0.318359375 0.4140625 0.318359375 0.416015625 0.3203125 0.41796875 0.318359375 0.419921875 0.322265625 0.419921875 0.32421875 0.41796875 0.32421875 0.4140625
1 0.568359375 0.234375 0.568359375 0.23828125 0.56640625 0.240234375 0.564453125 0.23828125 0.56640625 0.240234375 0.568359375 0.23828125 0.5703125 0.240234375 0.5703125 0.244140625 0.5703125 0.2421875 0.572265625 0.240234375 0.572265625 0.234375
1 0.55859375 0.20703125 0.560546875 0.208984375 0.560546875 0.2109375 0.5625 0.212890625 0.564453125 0.212890625 0.56640625 0.2109375 0.56640625 0.208984375 0.564453125 0.20703125
1 0.630859375 0.05078125 0.626953125 0.0546875 0.625 0.052734375 0.6328125 0.060546875 0.630859375 0.05859375 0.634765625 0.0546875 0.63671875 0.056640625 0.63671875 0.05859375 0.638671875 0.05859375 0.63671875 0.056640625 0.638671875 0.0546875 0.63671875 0.056640625 0.634765625 0.0546875 0.634765625 0.052734375 0.634765625 0.0546875 0.6328125 0.056640625 0.630859375 0.0546875
1 0.484375 0.046875 0.484375 0.05078125 0.486328125 0.052734375 0.486328125 0.0546875 0.486328125 0.052734375 0.490234375 0.048828125 0.48828125 0.046875
