0 0.00390625 0.564453125 0.001953125 0.56640625 0.001953125 0.568359375 0.0 0.5703125 0.00390625 0.57421875 0.01171875 0.57421875 0.013671875 0.576171875 0.009765625 0.572265625 0.009765625 0.5703125 0.005859375 0.5703125 0.001953125 0.56640625 0.00390625 0.564453125 0.005859375 0.564453125 0.0078125 0.56640625 0.009765625 0.564453125 0.01171875 0.56640625 0.01171875 0.564453125 0.009765625 0.564453125 0.0078125 0.56640625 0.005859375 0.564453125
0 0.193359375 0.408203125 0.19140625 0.41015625 0.189453125 0.41015625 0.189453125 0.4140625 0.19140625 0.416015625 0.1953125 0.412109375 0.1953125 0.41015625 0.197265625 0.408203125 0.1953125 0.41015625
0 0.365234375 0.3203125 0.3671875 0.3203125 0.369140625 0.322265625 0.3671875 0.32421875 0.365234375 0.32421875 0.3671875 0.32421875 0.37109375 0.328125 0.37109375 0.330078125 0.37109375 0.328125 0.373046875 0.326171875 0.373046875 0.322265625 0.37109375 0.3203125 0.369140625 0.322265625 0.3671875 0.3203125
0 0.212890625 0.3125 0.2109375 0.314453125 0.208984375 0.314453125 0.2109375 0.31640625 0.2109375 0.318359375 0.216796875 0.318359375 0.21484375 0.31640625 0.21484375 0.3125
0 0.37890625 0.251953125 0.375 0.255859375 0.37890625 0.259765625 0.37890625 0.2578125 0.380859375 0.255859375 0.380859375 0.25390625 0.3828125 0.251953125 0.380859375 0.25390625
0 0.224609375 0.203125 0.22265625 0.205078125 0.224609375 0.20703125 0.22265625 0.208984375 0.220703125 0.208984375 0.22265625 0.208984375 0.224609375 0.2109375 0.2265625 0.2109375 0.228515625 0.212890625 0.2265625 0.2109375 0.224609375 0.2109375 0.22265625 0.208984375 0.224609375 0.20703125 0.2265625 0.20703125 0.228515625 0.205078125 0.23046875 0.205078125 0.232421875 0.20703125 0.23046875 0.208984375 0.232421875 0.208984375 0.232421875 0.20703125 0.228515625 0.203125
0 0.384765625 0.171875 0.3828125 0.173828125 0.380859375 0.173828125 0.380859375 0.17578125 0.37890625 0.177734375 0.37890625 0.1796875 0.376953125 0.181640625 0.37890625 0.18359375 0.376953125 0.181640625 0.37890625 0.1796875 0.3828125 0.1796875 0.384765625 0.177734375 0.38671875 0.177734375 0.388671875 0.17578125 0.38671875 0.177734375 0.3828125 0.173828125
0 0.443359375 0.109375 0.44140625 0.111328125 0.439453125 0.111328125 0.439453125 0.11328125 0.4375 0.115234375 0.439453125 0.1171875 0.44140625 0.115234375 0.443359375 0.1171875 0.4453125 0.115234375 0.447265625 0.115234375 0.4453125 0.115234375 0.443359375 0.11328125 0.447265625 0.109375 0.4453125 0.111328125
0 0.63671875 0.0859375 0.63671875 0.08984375 0.634765625 0.091796875 0.63671875 0.09375 0.63671875 0.09765625 0.638671875 0.099609375 0.642578125 0.095703125 0.646484375 0.095703125 0.642578125 0.095703125 0.63671875 0.08984375 0.63671875 0.087890625 0.638671875 0.0859375
0 0.236328125 0.083984375 0.236328125 0.0859375 0.234375 0.087890625 0.232421875 0.087890625 0.23046875 0.08984375 0.2265625 0.08984375 0.23046875 0.08984375 0.232421875 0.091796875 0.23046875 0.09375 0.232421875 0.095703125 0.234375 0.095703125 0.236328125 0.09375 0.236328125 0.08984375 0.23828125 0.087890625 0.240234375 0.087890625 0.23828125 0.087890625 0.236328125 0.0859375 0.23828125 0.083984375 0.240234375 0.083984375
0 0.052734375 0.029296875 0.052734375 0.03125 0.05078125 0.033203125 0.048828125 0.033203125 0.046875 0.03125 0.048828125 0.033203125 0.046875 0.03515625 0.048828125 0.037109375 0.046875 0.03515625 0.048828125 0.033203125 0.05078125 0.033203125 0.052734375 0.03515625 0.05859375 0.03515625 0.05859375 0.03125 0.056640625 0.029296875
1 0.00390625 0.564453125 0.001953125 0.56640625 0.001953125 0.568359375 0.0 0.5703125 0.00390625 0.57421875 0.01171875 0.57421875 0.013671875 0.576171875 0.009765625 0.572265625 0.009765625 0.5703125 0.005859375 0.5703125 0.001953125 0.56640625 0.00390625 0.564453125 0.005859375 0.564453125 0.0078125 0.56640625 0.009765625 0.564453125 0.01171875 0.56640625 0.01171875 0.564453125 0.009765625 0.564453125 0.0078125 0.56640625 0.005859375 0.564453125
1 0.193359375 0.408203125 0.19140625 0.41015625 0.189453125 0.41015625 0.189453125 0.4140625 0.19140625 0.416015625 0.1953125 0.412109375 0.1953125 0.41015625 0.197265625 0.408203125 0.1953125 0.41015625
1 0.365234375 0.3203125 0.3671875 0.3203125 0.369140625 0.322265625 0.3671875 0.32421875 0.365234375 0.32421875 0.3671875 0.32421875 0.37109375 0.328125 0.37109375 0.330078125 0.37109375 0.328125 0.373046875 0.326171875 0.373046875 0.322265625 0.37109375 0.3203125 0.369140625 0.322265625 0.3671875 0.3203125
1 0.212890625 0.3125 0.2109375 0.314453125 0.208984375 0.314453125 0.2109375 0.31640625 0.2109375 0.318359375 0.216796875 0.318359375 0.21484375 0.31640625 0.21484375 0.3125
1 0.37890625 0.251953125 0.375 0.255859375 0.37890625 0.259765625 0.37890625 0.2578125 0.380859375 0.255859375 0.380859375 0.25390625 0.3828125 0.251953125 0.380859375 0.25390625
1 0.224609375 0.203125 0.22265625 0.205078125 0.224609375 0.20703125 0.22265625 0.208984375 0.220703125 0.208984375 0.22265625 0.208984375 0.224609375 0.2109375 0.2265625 0.2109375 0.228515625 0.212890625 0.2265625 0.2109375 0.224609375 0.2109375 0.22265625 0.208984375 0.224609375 0.20703125 0.2265625 0.20703125 0.228515625 0.205078125 0.23046875 0.205078125 0.232421875 0.20703125 0.23046875 0.208984375 0.232421875 0.208984375 0.232421875 0.20703125 0.228515625 0.203125
1 0.384765625 0.171875 0.3828125 0.173828125 0.380859375 0.173828125 0.380859375 0.17578125 0.37890625 0.177734375 0.37890625 0.1796875 0.376953125 0.181640625 0.37890625 0.18359375 0.376953125 0.181640625 0.37890625 0.1796875 0.3828125 0.1796875 0.384765625 0.177734375 0.38671875 0.177734375 0.388671875 0.17578125 0.38671875 0.177734375 0.3828125 0.173828125
1 0.443359375 0.109375 0.44140625 0.111328125 0.439453125 0.111328125 0.439453125 0.11328125 0.4375 0.115234375 0.439453125 0.1171875 0.44140625 0.115234375 0.443359375 0.1171875 0.4453125 0.115234375 0.447265625 0.115234375 0.4453125 0.115234375 0.443359375 0.11328125 0.447265625 0.109375 0.4453125 0.111328125
1 0.63671875 0.0859375 0.63671875 0.08984375 0.634765625 0.091796875 0.63671875 0.09375 0.63671875 0.09765625 0.638671875 0.099609375 0.642578125 0.095703125 0.646484375 0.095703125 0.642578125 0.095703125 0.63671875 0.08984375 0.63671875 0.087890625 0.638671875 0.0859375
1 0.236328125 0.083984375 0.236328125 0.0859375 0.234375 0.087890625 0.232421875 0.087890625 0.23046875 0.08984375 0.2265625 0.08984375 0.23046875 0.08984375 0.232421875 0.091796875 0.23046875 0.09375 0.232421875 0.095703125 0.234375 0.095703125 0.236328125 0.09375 0.236328125 0.08984375 0.23828125 0.087890625 0.240234375 0.087890625 0.23828125 0.087890625 0.236328125 0.0859375 0.23828125 0.083984375 0.240234375 0.083984375
1 0.052734375 0.029296875 0.052734375 0.03125 0.05078125 0.033203125 0.048828125 0.033203125 0.046875 0.03125 0.048828125 0.033203125 0.046875 0.03515625 0.048828125 0.037109375 0.046875 0.03515625 0.048828125 0.033203125 0.05078125 0.033203125 0.052734375 0.03515625 0.05859375 0.03515625 0.05859375 0.03125 0.056640625 0.029296875
