0 0.3984375 0.6015625 0.400390625 0.6015625 0.40234375 0.603515625 0.400390625 0.60546875 0.40234375 0.607421875 0.40234375 0.609375 0.404296875 0.611328125 0.404296875 0.609375 0.40625 0.607421875 0.408203125 0.607421875 0.40625 0.60546875 0.404296875 0.60546875 0.400390625 0.6015625
0 0.890625 0.48046875 0.890625 0.482421875 0.88671875 0.486328125 0.8828125 0.486328125 0.88671875 0.486328125 0.888671875 0.48828125 0.890625 0.486328125 0.89453125 0.490234375 0.896484375 0.490234375 0.89453125 0.490234375 0.892578125 0.48828125 0.89453125 0.486328125 0.892578125 0.484375 0.892578125 0.482421875
0 0.3671875 0.427734375 0.365234375 0.4296875 0.36328125 0.4296875 0.365234375 0.4296875 0.3671875 0.431640625 0.36328125 0.435546875 0.365234375 0.43359375 0.3671875 0.435546875 0.369140625 0.43359375 0.37109375 0.43359375 0.37109375 0.431640625 0.373046875 0.4296875 0.37109375 0.427734375 0.369140625 0.4296875
0 0.02734375 0.4140625 0.025390625 0.416015625 0.0234375 0.416015625 0.025390625 0.41796875 0.025390625 0.419921875 0.02734375 0.419921875 0.029296875 0.41796875 0.029296875 0.4140625
0 0.765625 0.3125 0.763671875 0.314453125 0.765625 0.31640625 0.763671875 0.318359375 0.76171875 0.318359375 0.759765625 0.31640625 0.76171875 0.318359375 0.7578125 0.322265625 0.755859375 0.322265625 0.7578125 0.322265625 0.759765625 0.32421875 0.755859375 0.328125 0.755859375 0.33203125 0.755859375 0.328125 0.7578125 0.326171875 0.76171875 0.330078125 0.76171875 0.333984375 0.763671875 0.333984375 0.76171875 0.33203125 0.76171875 0.330078125 0.765625 0.326171875 0.765625 0.32421875 0.767578125 0.322265625 0.76953125 0.32421875 0.767578125 0.322265625 0.767578125 0.318359375 0.76953125 0.31640625 0.767578125 0.314453125 0.76953125 0.3125 0.767578125 0.314453125
0 0.455078125 0.11328125 0.455078125 0.1171875 0.453125 0.119140625 0.453125 0.12109375 0.455078125 0.123046875 0.45703125 0.12109375 0.458984375 0.12109375 0.458984375 0.115234375 0.4609375 0.11328125 0.45703125 0.1171875 0.455078125 0.115234375
0 0.18359375 0.1015625 0.18359375 0.10546875 0.181640625 0.107421875 0.18359375 0.109375 0.18359375 0.11328125 0.185546875 0.115234375 0.189453125 0.111328125 0.19140625 0.11328125 0.193359375 0.11328125 0.1953125 0.115234375 0.19921875 0.111328125 0.197265625 0.11328125 0.193359375 0.109375 0.1953125 0.111328125 0.193359375 0.11328125 0.19140625 0.11328125 0.18359375 0.10546875 0.18359375 0.103515625 0.185546875 0.1015625
0 0.0234375 0.048828125 0.01953125 0.052734375 0.017578125 0.05078125 0.01953125 0.052734375 0.021484375 0.052734375 0.0234375 0.0546875 0.025390625 0.0546875 0.02734375 0.052734375 0.02734375 0.05078125 0.025390625 0.05078125
0 0.9609375 0.0 0.95703125 0.00390625 0.9609375 0.0078125 0.95703125 0.01171875 0.958984375 0.009765625 0.9609375 0.01171875 0.958984375 0.009765625 0.9609375 0.0078125 0.9609375 0.005859375 0.962890625 0.00390625 0.96484375 0.005859375 0.966796875 0.00390625 0.966796875 0.001953125 0.962890625 0.001953125
1 0.3984375 0.6015625 0.400390625 0.6015625 0.40234375 0.603515625 0.400390625 0.60546875 0.40234375 0.607421875 0.40234375 0.609375 0.404296875 0.611328125 0.404296875 0.609375 0.40625 0.607421875 0.408203125 0.607421875 0.40625 0.60546875 0.404296875 0.60546875 0.400390625 0.6015625
1 0.890625 0.48046875 0.890625 0.482421875 0.88671875 0.486328125 0.8828125 0.486328125 0.88671875 0.486328125 0.888671875 0.48828125 0.890625 0.486328125 0.89453125 0.490234375 0.896484375 0.490234375 0.89453125 0.490234375 0.892578125 0.48828125 0.89453125 0.486328125 0.892578125 0.484375 0.892578125 0.482421875
1 0.3671875 0.427734375 0.365234375 0.4296875 0.36328125 0.4296875 0.365234375 0.4296875 0.3671875 0.431640625 0.36328125 0.435546875 0.365234375 0.43359375 0.3671875 0.435546875 0.369140625 0.43359375 0.37109375 0.43359375 0.37109375 0.431640625 0.373046875 0.4296875 0.37109375 0.427734375 0.369140625 0.4296875
1 0.02734375 0.4140625 0.025390625 0.416015625 0.0234375 0.416015625 0.025390625 0.41796875 0.025390625 0.419921875 0.02734375 0.419921875 0.029296875 0.41796875 0.029296875 0.4140625
1 0.765625 0.3125 0.763671875 0.314453125 0.765625 0.31640625 0.763671875 0.318359375 0.76171875 0.318359375 0.759765625 0.31640625 0.76171875 0.318359375 0.7578125 0.322265625 0.755859375 0.322265625 0.7578125 0.322265625 0.759765625 0.32421875 0.755859375 0.328125 0.755859375 0.33203125 0.755859375 0.328125 0.7578125 0.326171875 0.76171875 0.330078125 0.76171875 0.333984375 0.763671875 0.333984375 0.76171875 0.33203125 0.76171875 0.330078125 0.765625 0.326171875 0.765625 0.32421875 0.767578125 0.322265625 0.76953125 0.32421875 0.767578125 0.322265625 0.767578125 0.318359375 0.76953125 0.31640625 0.767578125 0.314453125 0.76953125 0.3125 0.767578125 0.314453125
1 0.455078125 0.11328125 0.455078125 0.1171875 0.453125 0.119140625 0.453125 0.12109375 0.455078125 0.123046875 0.45703125 0.12109375 0.458984375 0.12109375 0.458984375 0.115234375 0.4609375 0.11328125 0.45703125 0.1171875 0.455078125 0.115234375
1 0.18359375 0.1015625 0.18359375 0.10546875 0.181640625 0.107421875 0.18359375 0.109375 0.18359375 0.11328125 0.185546875 0.115234375 0.189453125 0.111328125 0.19140625 0.11328125 0.193359375 0.11328125 0.1953125 0.115234375 0.19921875 0.111328125 0.197265625 0.11328125 0.193359375 0.109375 0.1953125 0.111328125 0.193359375 0.11328125 0.19140625 0.11328125 0.18359375 0.10546875 0.18359375 0.103515625 0.185546875 0.1015625
1 0.0234375 0.048828125 0.01953125 0.052734375 0.017578125 0.05078125 0.01953125 0.052734375 0.021484375 0.052734375 0.0234375 0.0546875 0.025390625 0.0546875 0.02734375 0.052734375 0.02734375 0.05078125 0.025390625 0.05078125
1 0.9609375 0.0 0.95703125 0.00390625 0.9609375 0.0078125 0.95703125 0.01171875 0.958984375 0.009765625 0.9609375 0.01171875 0.958984375 0.009765625 0.9609375 0.0078125 0.9609375 0.005859375 0.962890625 0.00390625 0.96484375 0.005859375 0.966796875 0.00390625 0.966796875 0.001953125 0.962890625 0.001953125
