0 0.53125 0.0625 0.53125 0.06640625 0.533203125 0.068359375 0.53515625 0.06640625 0.537109375 0.068359375 0.5390625 0.068359375 0.537109375 0.068359375 0.53515625 0.06640625 0.537109375 0.064453125 0.5390625 0.064453125 0.537109375 0.064453125 0.53515625 0.0625
0 0.580078125 0.060546875 0.578125 0.0625 0.5703125 0.0625 0.5703125 0.064453125 0.568359375 0.06640625 0.568359375 0.068359375 0.5703125 0.0703125 0.5703125 0.072265625 0.568359375 0.07421875 0.5703125 0.072265625 0.580078125 0.072265625 0.58203125 0.0703125 0.580078125 0.068359375 0.580078125 0.064453125 0.58203125 0.0625
0 0.59375 0.0546875 0.595703125 0.056640625 0.595703125 0.05859375 0.59375 0.060546875 0.58984375 0.060546875 0.587890625 0.05859375 0.5859375 0.060546875 0.587890625 0.0625 0.587890625 0.064453125 0.5859375 0.06640625 0.587890625 0.06640625 0.591796875 0.0703125 0.59375 0.068359375 0.595703125 0.068359375 0.595703125 0.06640625 0.59765625 0.064453125 0.595703125 0.0625 0.59765625 0.060546875 0.595703125 0.05859375 0.595703125 0.0546875
0 0.802734375 0.046875 0.8046875 0.048828125 0.806640625 0.046875 0.80859375 0.048828125 0.80859375 0.05078125 0.8046875 0.0546875 0.806640625 0.052734375 0.810546875 0.052734375 0.8125 0.0546875 0.80859375 0.05859375 0.810546875 0.060546875 0.814453125 0.056640625 0.81640625 0.056640625 0.814453125 0.056640625 0.8125 0.0546875 0.8125 0.05078125 0.810546875 0.048828125 0.80859375 0.048828125 0.806640625 0.046875 0.8046875 0.048828125
0 0.900390625 0.033203125 0.896484375 0.037109375 0.896484375 0.0390625 0.892578125 0.04296875 0.890625 0.041015625 0.890625 0.0390625 0.892578125 0.037109375 0.888671875 0.041015625 0.88671875 0.0390625 0.884765625 0.041015625 0.8828125 0.0390625 0.880859375 0.0390625 0.8828125 0.0390625 0.884765625 0.041015625 0.8828125 0.04296875 0.880859375 0.04296875 0.8828125 0.04296875 0.884765625 0.044921875 0.8828125 0.046875 0.8828125 0.048828125 0.87890625 0.052734375 0.876953125 0.05078125 0.87890625 0.052734375 0.87890625 0.0546875 0.876953125 0.056640625 0.875 0.0546875 0.876953125 0.056640625 0.87890625 0.0546875 0.880859375 0.056640625 0.8828125 0.056640625 0.880859375 0.056640625 0.87890625 0.0546875 0.87890625 0.052734375 0.8828125 0.048828125 0.884765625 0.05078125 0.884765625 0.052734375 0.88671875 0.052734375 0.888671875 0.0546875 0.88671875 0.056640625 0.890625 0.060546875 0.892578125 0.05859375 0.89453125 0.05859375 0.896484375 0.060546875 0.89453125 0.05859375 0.896484375 0.056640625 0.8984375 0.056640625 0.896484375 0.056640625 0.89453125 0.0546875 0.896484375 0.056640625 0.89453125 0.05859375 0.892578125 0.05859375 0.888671875 0.0546875 0.892578125 0.05078125 0.892578125 0.048828125 0.89453125 0.046875 0.89453125 0.044921875 0.896484375 0.04296875 0.89453125 0.041015625 0.896484375 0.0390625 0.896484375 0.037109375
0 0.931640625 0.03125 0.9296875 0.033203125 0.931640625 0.03515625 0.9296875 0.037109375 0.92578125 0.037109375 0.921875 0.041015625 0.923828125 0.041015625 0.92578125 0.04296875 0.923828125 0.044921875 0.92578125 0.04296875 0.9296875 0.04296875 0.931640625 0.041015625 0.9296875 0.0390625 0.9296875 0.037109375 0.931640625 0.03515625 0.9296875 0.033203125
0 0.517578125 0.03125 0.515625 0.033203125 0.515625 0.04296875 0.5234375 0.04296875 0.525390625 0.044921875 0.5234375 0.04296875 0.5234375 0.041015625 0.525390625 0.0390625 0.525390625 0.03515625 0.52734375 0.033203125 0.525390625 0.03125
0 0.74609375 0.015625 0.748046875 0.017578125 0.74609375 0.01953125 0.744140625 0.01953125 0.74609375 0.021484375 0.74609375 0.01953125 0.748046875 0.017578125 0.751953125 0.021484375 0.75 0.0234375 0.751953125 0.025390625 0.755859375 0.025390625 0.759765625 0.029296875 0.755859375 0.025390625 0.755859375 0.021484375 0.7578125 0.01953125 0.755859375 0.017578125 0.7578125 0.015625 0.755859375 0.017578125 0.75390625 0.017578125 0.755859375 0.017578125 0.7578125 0.01953125 0.755859375 0.021484375 0.751953125 0.021484375
0 0.732421875 0.015625 0.73046875 0.017578125 0.724609375 0.017578125 0.724609375 0.0234375 0.7265625 0.025390625 0.7265625 0.02734375 0.728515625 0.029296875 0.728515625 0.03125 0.73046875 0.033203125 0.73046875 0.037109375 0.732421875 0.037109375 0.73046875 0.03515625 0.73046875 0.033203125 0.732421875 0.03125 0.736328125 0.03125 0.73828125 0.033203125 0.740234375 0.03125 0.73828125 0.029296875 0.740234375 0.02734375 0.740234375 0.021484375 0.736328125 0.017578125 0.736328125 0.015625 0.734375 0.017578125
0 0.392578125 0.01171875 0.392578125 0.013671875 0.390625 0.015625 0.390625 0.017578125 0.39453125 0.021484375 0.392578125 0.0234375 0.390625 0.0234375 0.392578125 0.0234375 0.396484375 0.01953125 0.3984375 0.021484375 0.39453125 0.017578125 0.39453125 0.015625 0.392578125 0.013671875
0 0.849609375 0.001953125 0.845703125 0.005859375 0.84375 0.005859375 0.84375 0.01171875 0.845703125 0.013671875 0.85546875 0.013671875 0.857421875 0.01171875 0.857421875 0.009765625 0.857421875 0.01171875 0.85546875 0.013671875 0.853515625 0.01171875 0.853515625 0.005859375
0 0.359375 0.0 0.357421875 0.001953125 0.35546875 0.001953125 0.357421875 0.00390625 0.35546875 0.005859375 0.3515625 0.005859375 0.361328125 0.005859375 0.36328125 0.00390625 0.3671875 0.0078125 0.369140625 0.005859375 0.37109375 0.0078125 0.373046875 0.0078125 0.375 0.009765625 0.37890625 0.005859375 0.3828125 0.009765625 0.37890625 0.005859375 0.380859375 0.00390625 0.3828125 0.00390625 0.380859375 0.001953125 0.380859375 0.0 0.37109375 0.0 0.369140625 0.001953125 0.3671875 0.0 0.369140625 0.001953125 0.369140625 0.005859375 0.3671875 0.0078125 0.36328125 0.00390625 0.36328125 0.001953125 0.361328125 0.0
1 0.53125 0.0625 0.53125 0.06640625 0.533203125 0.068359375 0.53515625 0.06640625 0.537109375 0.068359375 0.5390625 0.068359375 0.537109375 0.068359375 0.53515625 0.06640625 0.537109375 0.064453125 0.5390625 0.064453125 0.537109375 0.064453125 0.53515625 0.0625
1 0.580078125 0.060546875 0.578125 0.0625 0.5703125 0.0625 0.5703125 0.064453125 0.568359375 0.06640625 0.568359375 0.068359375 0.5703125 0.0703125 0.5703125 0.072265625 0.568359375 0.07421875 0.5703125 0.072265625 0.580078125 0.072265625 0.58203125 0.0703125 0.580078125 0.068359375 0.580078125 0.064453125 0.58203125 0.0625
1 0.59375 0.0546875 0.595703125 0.056640625 0.595703125 0.05859375 0.59375 0.060546875 0.58984375 0.060546875 0.587890625 0.05859375 0.5859375 0.060546875 0.587890625 0.0625 0.587890625 0.064453125 0.5859375 0.06640625 0.587890625 0.06640625 0.591796875 0.0703125 0.59375 0.068359375 0.595703125 0.068359375 0.595703125 0.06640625 0.59765625 0.064453125 0.595703125 0.0625 0.59765625 0.060546875 0.595703125 0.05859375 0.595703125 0.0546875
1 0.802734375 0.046875 0.8046875 0.048828125 0.806640625 0.046875 0.80859375 0.048828125 0.80859375 0.05078125 0.8046875 0.0546875 0.806640625 0.052734375 0.810546875 0.052734375 0.8125 0.0546875 0.80859375 0.05859375 0.810546875 0.060546875 0.814453125 0.056640625 0.81640625 0.056640625 0.814453125 0.056640625 0.8125 0.0546875 0.8125 0.05078125 0.810546875 0.048828125 0.80859375 0.048828125 0.806640625 0.046875 0.8046875 0.048828125
1 0.900390625 0.033203125 0.896484375 0.037109375 0.896484375 0.0390625 0.892578125 0.04296875 0.890625 0.041015625 0.890625 0.0390625 0.892578125 0.037109375 0.888671875 0.041015625 0.88671875 0.0390625 0.884765625 0.041015625 0.8828125 0.0390625 0.880859375 0.0390625 0.8828125 0.0390625 0.884765625 0.041015625 0.8828125 0.04296875 0.880859375 0.04296875 0.8828125 0.04296875 0.884765625 0.044921875 0.8828125 0.046875 0.8828125 0.048828125 0.87890625 0.052734375 0.876953125 0.05078125 0.87890625 0.052734375 0.87890625 0.0546875 0.876953125 0.056640625 0.875 0.0546875 0.876953125 0.056640625 0.87890625 0.0546875 0.880859375 0.056640625 0.8828125 0.056640625 0.880859375 0.056640625 0.87890625 0.0546875 0.87890625 0.052734375 0.8828125 0.048828125 0.884765625 0.05078125 0.884765625 0.052734375 0.88671875 0.052734375 0.888671875 0.0546875 0.88671875 0.056640625 0.890625 0.060546875 0.892578125 0.05859375 0.89453125 0.05859375 0.896484375 0.060546875 0.89453125 0.05859375 0.896484375 0.056640625 0.8984375 0.056640625 0.896484375 0.056640625 0.89453125 0.0546875 0.896484375 0.056640625 0.89453125 0.05859375 0.892578125 0.05859375 0.888671875 0.0546875 0.892578125 0.05078125 0.892578125 0.048828125 0.89453125 0.046875 0.89453125 0.044921875 0.896484375 0.04296875 0.89453125 0.041015625 0.896484375 0.0390625 0.896484375 0.037109375
1 0.931640625 0.03125 0.9296875 0.033203125 0.931640625 0.03515625 0.9296875 0.037109375 0.92578125 0.037109375 0.921875 0.041015625 0.923828125 0.041015625 0.92578125 0.04296875 0.923828125 0.044921875 0.92578125 0.04296875 0.9296875 0.04296875 0.931640625 0.041015625 0.9296875 0.0390625 0.9296875 0.037109375 0.931640625 0.03515625 0.9296875 0.033203125
1 0.517578125 0.03125 0.515625 0.033203125 0.515625 0.04296875 0.5234375 0.04296875 0.525390625 0.044921875 0.5234375 0.04296875 0.5234375 0.041015625 0.525390625 0.0390625 0.525390625 0.03515625 0.52734375 0.033203125 0.525390625 0.03125
1 0.74609375 0.015625 0.748046875 0.017578125 0.74609375 0.01953125 0.744140625 0.01953125 0.74609375 0.021484375 0.74609375 0.01953125 0.748046875 0.017578125 0.751953125 0.021484375 0.75 0.0234375 0.751953125 0.025390625 0.755859375 0.025390625 0.759765625 0.029296875 0.755859375 0.025390625 0.755859375 0.021484375 0.7578125 0.01953125 0.755859375 0.017578125 0.7578125 0.015625 0.755859375 0.017578125 0.75390625 0.017578125 0.755859375 0.017578125 0.7578125 0.01953125 0.755859375 0.021484375 0.751953125 0.021484375
1 0.732421875 0.015625 0.73046875 0.017578125 0.724609375 0.017578125 0.724609375 0.0234375 0.7265625 0.025390625 0.7265625 0.02734375 0.728515625 0.029296875 0.728515625 0.03125 0.73046875 0.033203125 0.73046875 0.037109375 0.732421875 0.037109375 0.73046875 0.03515625 0.73046875 0.033203125 0.732421875 0.03125 0.736328125 0.03125 0.73828125 0.033203125 0.740234375 0.03125 0.73828125 0.029296875 0.740234375 0.02734375 0.740234375 0.021484375 0.736328125 0.017578125 0.736328125 0.015625 0.734375 0.017578125
1 0.392578125 0.01171875 0.392578125 0.013671875 0.390625 0.015625 0.390625 0.017578125 0.39453125 0.021484375 0.392578125 0.0234375 0.390625 0.0234375 0.392578125 0.0234375 0.396484375 0.01953125 0.3984375 0.021484375 0.39453125 0.017578125 0.39453125 0.015625 0.392578125 0.013671875
1 0.849609375 0.001953125 0.845703125 0.005859375 0.84375 0.005859375 0.84375 0.01171875 0.845703125 0.013671875 0.85546875 0.013671875 0.857421875 0.01171875 0.857421875 0.009765625 0.857421875 0.01171875 0.85546875 0.013671875 0.853515625 0.01171875 0.853515625 0.005859375
1 0.359375 0.0 0.357421875 0.001953125 0.35546875 0.001953125 0.357421875 0.00390625 0.35546875 0.005859375 0.3515625 0.005859375 0.361328125 0.005859375 0.36328125 0.00390625 0.3671875 0.0078125 0.369140625 0.005859375 0.37109375 0.0078125 0.373046875 0.0078125 0.375 0.009765625 0.37890625 0.005859375 0.3828125 0.009765625 0.37890625 0.005859375 0.380859375 0.00390625 0.3828125 0.00390625 0.380859375 0.001953125 0.380859375 0.0 0.37109375 0.0 0.369140625 0.001953125 0.3671875 0.0 0.369140625 0.001953125 0.369140625 0.005859375 0.3671875 0.0078125 0.36328125 0.00390625 0.36328125 0.001953125 0.361328125 0.0
