0 0.802734375 0.5625 0.80078125 0.564453125 0.798828125 0.564453125 0.798828125 0.56640625 0.796875 0.568359375 0.798828125 0.5703125 0.80078125 0.568359375 0.802734375 0.5703125 0.8046875 0.568359375 0.806640625 0.568359375 0.8046875 0.568359375 0.802734375 0.56640625 0.806640625 0.5625 0.8046875 0.564453125
0 0.70703125 0.517578125 0.70703125 0.51953125 0.703125 0.5234375 0.705078125 0.521484375 0.70703125 0.521484375 0.708984375 0.5234375 0.70703125 0.525390625 0.70703125 0.52734375 0.708984375 0.52734375 0.7109375 0.529296875 0.708984375 0.52734375 0.712890625 0.5234375 0.7109375 0.521484375 0.7109375 0.517578125 0.708984375 0.51953125
0 0.69140625 0.48046875 0.689453125 0.482421875 0.6875 0.482421875 0.6875 0.486328125 0.69140625 0.490234375 0.689453125 0.4921875 0.6875 0.4921875 0.689453125 0.4921875 0.693359375 0.48828125 0.6953125 0.490234375 0.69140625 0.486328125 0.69140625 0.484375 0.693359375 0.482421875
0 0.8515625 0.470703125 0.849609375 0.47265625 0.8515625 0.474609375 0.849609375 0.4765625 0.84765625 0.4765625 0.84765625 0.478515625 0.849609375 0.478515625 0.8515625 0.48046875 0.853515625 0.48046875 0.857421875 0.4765625 0.857421875 0.474609375 0.85546875 0.474609375 0.853515625 0.4765625 0.849609375 0.47265625
0 0.8984375 0.439453125 0.8984375 0.44140625 0.900390625 0.443359375 0.900390625 0.4453125 0.90234375 0.4453125 0.904296875 0.447265625 0.90234375 0.4453125 0.904296875 0.443359375 0.904296875 0.44140625 0.90234375 0.44140625 0.900390625 0.439453125
0 0.818359375 0.375 0.8203125 0.376953125 0.81640625 0.380859375 0.818359375 0.3828125 0.818359375 0.38671875 0.8203125 0.384765625 0.822265625 0.38671875 0.822265625 0.384765625 0.826171875 0.380859375 0.82421875 0.3828125 0.822265625 0.3828125 0.8203125 0.380859375 0.822265625 0.37890625 0.822265625 0.376953125 0.8203125 0.376953125
0 0.373046875 0.31640625 0.373046875 0.3203125 0.37109375 0.322265625 0.369140625 0.322265625 0.37109375 0.322265625 0.373046875 0.32421875 0.375 0.32421875 0.376953125 0.322265625 0.375 0.3203125 0.376953125 0.318359375 0.376953125 0.31640625
0 0.40625 0.296875 0.41015625 0.30078125 0.41015625 0.302734375 0.4140625 0.302734375 0.41796875 0.306640625 0.416015625 0.30859375 0.4140625 0.30859375 0.412109375 0.306640625 0.41015625 0.30859375 0.408203125 0.306640625 0.408203125 0.30859375 0.41015625 0.30859375 0.412109375 0.306640625 0.4140625 0.30859375 0.416015625 0.30859375 0.41796875 0.306640625 0.41796875 0.3046875 0.419921875 0.302734375 0.416015625 0.298828125 0.408203125 0.298828125
0 0.271484375 0.208984375 0.271484375 0.2109375 0.26953125 0.212890625 0.265625 0.212890625 0.267578125 0.212890625 0.26953125 0.21484375 0.271484375 0.21484375 0.2734375 0.216796875 0.275390625 0.21484375 0.2734375 0.212890625 0.2734375 0.2109375
0 0.87890625 0.189453125 0.876953125 0.19140625 0.876953125 0.193359375 0.87890625 0.1953125 0.880859375 0.1953125 0.880859375 0.193359375 0.8828125 0.19140625 0.88671875 0.1953125 0.884765625 0.197265625 0.884765625 0.19921875 0.884765625 0.197265625 0.88671875 0.1953125 0.8828125 0.19140625 0.884765625 0.189453125 0.8828125 0.19140625 0.880859375 0.189453125
0 0.478515625 0.1875 0.48046875 0.189453125 0.478515625 0.19140625 0.48046875 0.193359375 0.478515625 0.1953125 0.4765625 0.1953125 0.478515625 0.197265625 0.478515625 0.19921875 0.48046875 0.197265625 0.482421875 0.197265625 0.482421875 0.19140625
0 0.1328125 0.16796875 0.130859375 0.169921875 0.1328125 0.171875 0.1328125 0.17578125 0.130859375 0.177734375 0.134765625 0.173828125 0.138671875 0.173828125 0.134765625 0.169921875 0.134765625 0.16796875
0 0.81640625 0.158203125 0.814453125 0.16015625 0.81640625 0.158203125 0.818359375 0.158203125 0.8203125 0.16015625 0.818359375 0.162109375 0.8203125 0.1640625 0.82421875 0.1640625 0.82421875 0.158203125 0.822265625 0.16015625 0.8203125 0.16015625 0.818359375 0.158203125
0 0.638671875 0.125 0.642578125 0.12890625 0.640625 0.130859375 0.634765625 0.130859375 0.63671875 0.1328125 0.63671875 0.134765625 0.634765625 0.13671875 0.638671875 0.13671875 0.640625 0.134765625 0.640625 0.130859375 0.642578125 0.12890625 0.64453125 0.12890625 0.642578125 0.12890625
0 0.24609375 0.09765625 0.2421875 0.1015625 0.240234375 0.099609375 0.23828125 0.099609375 0.23828125 0.1015625 0.236328125 0.103515625 0.234375 0.103515625 0.236328125 0.10546875 0.234375 0.107421875 0.23828125 0.103515625 0.240234375 0.10546875 0.2421875 0.103515625 0.244140625 0.10546875 0.24609375 0.10546875 0.244140625 0.103515625 0.24609375 0.1015625 0.244140625 0.099609375
1 0.802734375 0.5625 0.80078125 0.564453125 0.798828125 0.564453125 0.798828125 0.56640625 0.796875 0.568359375 0.798828125 0.5703125 0.80078125 0.568359375 0.802734375 0.5703125 0.8046875 0.568359375 0.806640625 0.568359375 0.8046875 0.568359375 0.802734375 0.56640625 0.806640625 0.5625 0.8046875 0.564453125
1 0.70703125 0.517578125 0.70703125 0.51953125 0.703125 0.5234375 0.705078125 0.521484375 0.70703125 0.521484375 0.708984375 0.5234375 0.70703125 0.525390625 0.70703125 0.52734375 0.708984375 0.52734375 0.7109375 0.529296875 0.708984375 0.52734375 0.712890625 0.5234375 0.7109375 0.521484375 0.7109375 0.517578125 0.708984375 0.51953125
1 0.69140625 0.48046875 0.689453125 0.482421875 0.6875 0.482421875 0.6875 0.486328125 0.69140625 0.490234375 0.689453125 0.4921875 0.6875 0.4921875 0.689453125 0.4921875 0.693359375 0.48828125 0.6953125 0.490234375 0.69140625 0.486328125 0.69140625 0.484375 0.693359375 0.482421875
1 0.8515625 0.470703125 0.849609375 0.47265625 0.8515625 0.474609375 0.849609375 0.4765625 0.84765625 0.4765625 0.84765625 0.478515625 0.849609375 0.478515625 0.8515625 0.48046875 0.853515625 0.48046875 0.857421875 0.4765625 0.857421875 0.474609375 0.85546875 0.474609375 0.853515625 0.4765625 0.849609375 0.47265625
1 0.8984375 0.439453125 0.8984375 0.44140625 0.900390625 0.443359375 0.900390625 0.4453125 0.90234375 0.4453125 0.904296875 0.447265625 0.90234375 0.4453125 0.904296875 0.443359375 0.904296875 0.44140625 0.90234375 0.44140625 0.900390625 0.439453125
1 0.818359375 0.375 0.8203125 0.376953125 0.81640625 0.380859375 0.818359375 0.3828125 0.818359375 0.38671875 0.8203125 0.384765625 0.822265625 0.38671875 0.822265625 0.384765625 0.826171875 0.380859375 0.82421875 0.3828125 0.822265625 0.3828125 0.8203125 0.380859375 0.822265625 0.37890625 0.822265625 0.376953125 0.8203125 0.376953125
1 0.373046875 0.31640625 0.373046875 0.3203125 0.37109375 0.322265625 0.369140625 0.322265625 0.37109375 0.322265625 0.373046875 0.32421875 0.375 0.32421875 0.376953125 0.322265625 0.375 0.3203125 0.376953125 0.318359375 0.376953125 0.31640625
1 0.40625 0.296875 0.41015625 0.30078125 0.41015625 0.302734375 0.4140625 0.302734375 0.41796875 0.306640625 0.416015625 0.30859375 0.4140625 0.30859375 0.412109375 0.306640625 0.41015625 0.30859375 0.408203125 0.306640625 0.408203125 0.30859375 0.41015625 0.30859375 0.412109375 0.306640625 0.4140625 0.30859375 0.416015625 0.30859375 0.41796875 0.306640625 0.41796875 0.3046875 0.419921875 0.302734375 0.416015625 0.298828125 0.408203125 0.298828125
1 0.271484375 0.208984375 0.271484375 0.2109375 0.26953125 0.212890625 0.265625 0.212890625 0.267578125 0.212890625 0.26953125 0.21484375 0.271484375 0.21484375 0.2734375 0.216796875 0.275390625 0.21484375 0.2734375 0.212890625 0.2734375 0.2109375
1 0.87890625 0.189453125 0.876953125 0.19140625 0.876953125 0.193359375 0.87890625 0.1953125 0.880859375 0.1953125 0.880859375 0.193359375 0.8828125 0.19140625 0.88671875 0.1953125 0.884765625 0.197265625 0.884765625 0.19921875 0.884765625 0.197265625 0.88671875 0.1953125 0.8828125 0.19140625 0.884765625 0.189453125 0.8828125 0.19140625 0.880859375 0.189453125
1 0.478515625 0.1875 0.48046875 0.189453125 0.478515625 0.19140625 0.48046875 0.193359375 0.478515625 0.1953125 0.4765625 0.1953125 0.478515625 0.197265625 0.478515625 0.19921875 0.48046875 0.197265625 0.482421875 0.197265625 0.482421875 0.19140625
1 0.1328125 0.16796875 0.130859375 0.169921875 0.1328125 0.171875 0.1328125 0.17578125 0.130859375 0.177734375 0.134765625 0.173828125 0.138671875 0.173828125 0.134765625 0.169921875 0.134765625 0.16796875
1 0.81640625 0.158203125 0.814453125 0.16015625 0.81640625 0.158203125 0.818359375 0.158203125 0.8203125 0.16015625 0.818359375 0.162109375 0.8203125 0.1640625 0.82421875 0.1640625 0.82421875 0.158203125 0.822265625 0.16015625 0.8203125 0.16015625 0.818359375 0.158203125
1 0.638671875 0.125 0.642578125 0.12890625 0.640625 0.130859375 0.634765625 0.130859375 0.63671875 0.1328125 0.63671875 0.134765625 0.634765625 0.13671875 0.638671875 0.13671875 0.640625 0.134765625 0.640625 0.130859375 0.642578125 0.12890625 0.64453125 0.12890625 0.642578125 0.12890625
1 0.24609375 0.09765625 0.2421875 0.1015625 0.240234375 0.099609375 0.23828125 0.099609375 0.23828125 0.1015625 0.236328125 0.103515625 0.234375 0.103515625 0.236328125 0.10546875 0.234375 0.107421875 0.23828125 0.103515625 0.240234375 0.10546875 0.2421875 0.103515625 0.244140625 0.10546875 0.24609375 0.10546875 0.244140625 0.103515625 0.24609375 0.1015625 0.244140625 0.099609375
