0 0.912109375 0.412109375 0.91015625 0.4140625 0.904296875 0.4140625 0.904296875 0.41796875 0.91015625 0.423828125 0.91015625 0.421875 0.912109375 0.419921875 0.912109375 0.416015625 0.9140625 0.4140625
0 0.076171875 0.361328125 0.076171875 0.36328125 0.07421875 0.365234375 0.072265625 0.365234375 0.072265625 0.3671875 0.07421875 0.369140625 0.080078125 0.369140625 0.078125 0.3671875 0.078125 0.365234375 0.076171875 0.36328125
0 0.087890625 0.349609375 0.0859375 0.3515625 0.0859375 0.353515625 0.080078125 0.359375 0.08203125 0.361328125 0.08203125 0.36328125 0.08203125 0.361328125 0.080078125 0.359375 0.083984375 0.35546875 0.0859375 0.357421875 0.0859375 0.359375 0.087890625 0.357421875 0.08984375 0.357421875 0.08984375 0.35546875 0.087890625 0.353515625 0.08984375 0.3515625
0 0.173828125 0.3125 0.171875 0.314453125 0.171875 0.31640625 0.173828125 0.318359375 0.171875 0.3203125 0.173828125 0.318359375 0.17578125 0.318359375 0.17578125 0.31640625 0.177734375 0.314453125 0.17578125 0.3125
0 0.814453125 0.296875 0.80859375 0.302734375 0.80859375 0.3046875 0.8125 0.30859375 0.8125 0.310546875 0.81640625 0.306640625 0.818359375 0.306640625 0.81640625 0.3046875 0.81640625 0.302734375 0.818359375 0.30078125
0 0.802734375 0.205078125 0.80078125 0.20703125 0.80078125 0.2109375 0.802734375 0.212890625 0.80078125 0.21484375 0.802734375 0.212890625 0.802734375 0.2109375 0.8046875 0.208984375 0.806640625 0.208984375
0 0.044921875 0.150390625 0.04296875 0.15234375 0.0390625 0.15234375 0.04296875 0.15234375 0.044921875 0.154296875 0.04296875 0.15625 0.044921875 0.158203125 0.046875 0.158203125 0.05078125 0.162109375 0.048828125 0.1640625 0.046875 0.1640625 0.044921875 0.162109375 0.046875 0.1640625 0.048828125 0.1640625 0.052734375 0.16015625 0.0546875 0.162109375 0.05078125 0.158203125 0.05078125 0.15234375 0.052734375 0.150390625
0 0.59765625 0.125 0.599609375 0.126953125 0.59765625 0.12890625 0.595703125 0.12890625 0.595703125 0.1328125 0.59375 0.134765625 0.595703125 0.1328125 0.59765625 0.1328125 0.599609375 0.134765625 0.59765625 0.13671875 0.599609375 0.13671875 0.599609375 0.12890625 0.6015625 0.126953125 0.603515625 0.12890625 0.6015625 0.126953125 0.599609375 0.126953125
0 0.55859375 0.046875 0.556640625 0.048828125 0.5546875 0.048828125 0.5546875 0.05078125 0.55859375 0.0546875 0.5546875 0.05859375 0.556640625 0.060546875 0.5546875 0.05859375 0.560546875 0.052734375 0.560546875 0.048828125
1 0.912109375 0.412109375 0.91015625 0.4140625 0.904296875 0.4140625 0.904296875 0.41796875 0.91015625 0.423828125 0.91015625 0.421875 0.912109375 0.419921875 0.912109375 0.416015625 0.9140625 0.4140625
1 0.076171875 0.361328125 0.076171875 0.36328125 0.07421875 0.365234375 0.072265625 0.365234375 0.072265625 0.3671875 0.07421875 0.369140625 0.080078125 0.369140625 0.078125 0.3671875 0.078125 0.365234375 0.076171875 0.36328125
1 0.087890625 0.349609375 0.0859375 0.3515625 0.0859375 0.353515625 0.080078125 0.359375 0.08203125 0.361328125 0.08203125 0.36328125 0.08203125 0.361328125 0.080078125 0.359375 0.083984375 0.35546875 0.0859375 0.357421875 0.0859375 0.359375 0.087890625 0.357421875 0.08984375 0.357421875 0.08984375 0.35546875 0.087890625 0.353515625 0.08984375 0.3515625
1 0.173828125 0.3125 0.171875 0.314453125 0.171875 0.31640625 0.173828125 0.318359375 0.171875 0.3203125 0.173828125 0.318359375 0.17578125 0.318359375 0.17578125 0.31640625 0.177734375 0.314453125 0.17578125 0.3125
1 0.814453125 0.296875 0.80859375 0.302734375 0.80859375 0.3046875 0.8125 0.30859375 0.8125 0.310546875 0.81640625 0.306640625 0.818359375 0.306640625 0.81640625 0.3046875 0.81640625 0.302734375 0.818359375 0.30078125
1 0.802734375 0.205078125 0.80078125 0.20703125 0.80078125 0.2109375 0.802734375 0.212890625 0.80078125 0.21484375 0.802734375 0.212890625 0.802734375 0.2109375 0.8046875 0.208984375 0.806640625 0.208984375
1 0.044921875 0.150390625 0.04296875 0.15234375 0.0390625 0.15234375 0.04296875 0.15234375 0.044921875 0.154296875 0.04296875 0.15625 0.044921875 0.158203125 0.046875 0.158203125 0.05078125 0.162109375 0.048828125 0.1640625 0.046875 0.1640625 0.044921875 0.162109375 0.046875 0.1640625 0.048828125 0.1640625 0.052734375 0.16015625 0.0546875 0.162109375 0.05078125 0.158203125 0.05078125 0.15234375 0.052734375 0.150390625
1 0.59765625 0.125 0.599609375 0.126953125 0.59765625 0.12890625 0.595703125 0.12890625 0.595703125 0.1328125 0.59375 0.134765625 0.595703125 0.1328125 0.59765625 0.1328125 0.599609375 0.134765625 0.59765625 0.13671875 0.599609375 0.13671875 0.599609375 0.12890625 0.6015625 0.126953125 0.603515625 0.12890625 0.6015625 0.126953125 0.599609375 0.126953125
1 0.55859375 0.046875 0.556640625 0.048828125 0.5546875 0.048828125 0.5546875 0.05078125 0.55859375 0.0546875 0.5546875 0.05859375 0.556640625 0.060546875 0.5546875 0.05859375 0.560546875 0.052734375 0.560546875 0.048828125
