0 0.73828125 0.173828125 0.73828125 0.17578125 0.740234375 0.177734375 0.73828125 0.1796875 0.7421875 0.1796875 0.74609375 0.18359375 0.744140625 0.185546875 0.74609375 0.18359375 0.7421875 0.1796875 0.74609375 0.17578125 0.748046875 0.17578125 0.740234375 0.17578125
0 0.638671875 0.1640625 0.640625 0.1640625 0.642578125 0.166015625 0.642578125 0.16796875 0.640625 0.169921875 0.638671875 0.16796875 0.63671875 0.169921875 0.638671875 0.171875 0.63671875 0.173828125 0.6328125 0.173828125 0.63671875 0.173828125 0.640625 0.177734375 0.642578125 0.17578125 0.642578125 0.171875 0.64453125 0.169921875 0.642578125 0.16796875 0.642578125 0.1640625
0 0.884765625 0.125 0.8828125 0.126953125 0.880859375 0.126953125 0.8828125 0.126953125 0.884765625 0.12890625 0.8828125 0.130859375 0.880859375 0.130859375 0.8828125 0.130859375 0.884765625 0.12890625 0.88671875 0.130859375 0.888671875 0.12890625 0.888671875 0.125
0 0.427734375 0.115234375 0.4296875 0.115234375 0.431640625 0.1171875 0.427734375 0.12109375 0.427734375 0.125 0.431640625 0.125 0.43359375 0.123046875 0.4296875 0.119140625 0.431640625 0.1171875 0.4296875 0.115234375
0 0.029296875 0.109375 0.029296875 0.115234375 0.03125 0.115234375 0.033203125 0.11328125 0.033203125 0.109375
0 0.423828125 0.068359375 0.42578125 0.0703125 0.423828125 0.072265625 0.42578125 0.07421875 0.423828125 0.076171875 0.42578125 0.07421875 0.427734375 0.076171875 0.4296875 0.07421875 0.431640625 0.07421875 0.43359375 0.076171875 0.431640625 0.07421875 0.431640625 0.072265625 0.4296875 0.0703125 0.42578125 0.0703125
0 0.2265625 0.0078125 0.228515625 0.0078125 0.23046875 0.009765625 0.228515625 0.01171875 0.23046875 0.013671875 0.228515625 0.015625 0.23046875 0.017578125 0.23046875 0.021484375 0.232421875 0.021484375 0.23046875 0.01953125 0.23046875 0.017578125 0.236328125 0.01171875 0.240234375 0.01171875 0.236328125 0.01171875 0.234375 0.009765625 0.232421875 0.01171875 0.228515625 0.0078125
1 0.73828125 0.173828125 0.73828125 0.17578125 0.740234375 0.177734375 0.73828125 0.1796875 0.7421875 0.1796875 0.74609375 0.18359375 0.744140625 0.185546875 0.74609375 0.18359375 0.7421875 0.1796875 0.74609375 0.17578125 0.748046875 0.17578125 0.740234375 0.17578125
1 0.638671875 0.1640625 0.640625 0.1640625 0.642578125 0.166015625 0.642578125 0.16796875 0.640625 0.169921875 0.638671875 0.16796875 0.63671875 0.169921875 0.638671875 0.171875 0.63671875 0.173828125 0.6328125 0.173828125 0.63671875 0.173828125 0.640625 0.177734375 0.642578125 0.17578125 0.642578125 0.171875 0.64453125 0.169921875 0.642578125 0.16796875 0.642578125 0.1640625
1 0.884765625 0.125 0.8828125 0.126953125 0.880859375 0.126953125 0.8828125 0.126953125 0.884765625 0.12890625 0.8828125 0.130859375 0.880859375 0.130859375 0.8828125 0.130859375 0.884765625 0.12890625 0.88671875 0.130859375 0.888671875 0.12890625 0.888671875 0.125
1 0.427734375 0.115234375 0.4296875 0.115234375 0.431640625 0.1171875 0.427734375 0.12109375 0.427734375 0.125 0.431640625 0.125 0.43359375 0.123046875 0.4296875 0.119140625 0.431640625 0.1171875 0.4296875 0.115234375
1 0.029296875 0.109375 0.029296875 0.115234375 0.03125 0.115234375 0.033203125 0.11328125 0.033203125 0.109375
1 0.423828125 0.068359375 0.42578125 0.0703125 0.423828125 0.072265625 0.42578125 0.07421875 0.423828125 0.076171875 0.42578125 0.07421875 0.427734375 0.076171875 0.4296875 0.07421875 0.431640625 0.07421875 0.43359375 0.076171875 0.431640625 0.07421875 0.431640625 0.072265625 0.4296875 0.0703125 0.42578125 0.0703125
1 0.2265625 0.0078125 0.228515625 0.0078125 0.23046875 0.009765625 0.228515625 0.01171875 0.23046875 0.013671875 0.228515625 0.015625 0.23046875 0.017578125 0.23046875 0.021484375 0.232421875 0.021484375 0.23046875 0.01953125 0.23046875 0.017578125 0.236328125 0.01171875 0.240234375 0.01171875 0.236328125 0.01171875 0.234375 0.009765625 0.232421875 0.01171875 0.228515625 0.0078125
