0 0.5 0.640625 0.498046875 0.642578125 0.49609375 0.642578125 0.498046875 0.64453125 0.49609375 0.646484375 0.4921875 0.646484375 0.501953125 0.646484375 0.501953125 0.64453125 0.50390625 0.642578125 0.501953125 0.640625
0 0.423828125 0.611328125 0.421875 0.61328125 0.42578125 0.6171875 0.427734375 0.615234375 0.431640625 0.619140625 0.4296875 0.62109375 0.431640625 0.623046875 0.4296875 0.62109375 0.431640625 0.619140625 0.4296875 0.6171875 0.4296875 0.615234375 0.427734375 0.61328125 0.427734375 0.611328125 0.42578125 0.61328125
0 0.001953125 0.599609375 0.001953125 0.6015625 0.0 0.603515625 0.0 0.607421875 0.00390625 0.607421875 0.005859375 0.60546875 0.001953125 0.6015625
0 0.0078125 0.54296875 0.005859375 0.544921875 0.005859375 0.548828125 0.0078125 0.55078125 0.0078125 0.552734375 0.005859375 0.5546875 0.00390625 0.552734375 0.001953125 0.552734375 0.001953125 0.5546875 0.0 0.556640625 0.001953125 0.5546875 0.005859375 0.55859375 0.005859375 0.560546875 0.0078125 0.55859375 0.0078125 0.556640625 0.005859375 0.5546875 0.0078125 0.552734375 0.01171875 0.552734375 0.01171875 0.55078125 0.013671875 0.548828125 0.009765625 0.544921875 0.009765625 0.54296875
0 0.24609375 0.4375 0.2421875 0.44140625 0.2421875 0.443359375 0.244140625 0.4453125 0.244140625 0.447265625 0.24609375 0.447265625 0.244140625 0.4453125 0.24609375 0.443359375 0.25 0.443359375 0.25 0.439453125 0.248046875 0.4375
0 0.3359375 0.421875 0.333984375 0.423828125 0.33203125 0.423828125 0.333984375 0.423828125 0.3359375 0.42578125 0.3359375 0.427734375 0.333984375 0.4296875 0.33203125 0.427734375 0.330078125 0.427734375 0.33203125 0.427734375 0.333984375 0.4296875 0.33203125 0.431640625 0.330078125 0.431640625 0.330078125 0.439453125 0.33203125 0.4375 0.333984375 0.439453125 0.333984375 0.435546875 0.33203125 0.43359375 0.33203125 0.431640625 0.3359375 0.427734375 0.3359375 0.42578125 0.333984375 0.423828125
0 0.216796875 0.3359375 0.216796875 0.341796875 0.220703125 0.345703125 0.220703125 0.34765625 0.21875 0.349609375 0.220703125 0.349609375 0.220703125 0.345703125 0.22265625 0.34375 0.22265625 0.33984375 0.224609375 0.337890625 0.21875 0.337890625
0 0.697265625 0.3125 0.69140625 0.318359375 0.689453125 0.31640625 0.69140625 0.318359375 0.689453125 0.3203125 0.689453125 0.322265625 0.693359375 0.326171875 0.689453125 0.322265625 0.689453125 0.3203125 0.69140625 0.318359375 0.6953125 0.322265625 0.69921875 0.318359375 0.701171875 0.3203125 0.69921875 0.318359375 0.701171875 0.31640625
0 0.0546875 0.283203125 0.0546875 0.28515625 0.05078125 0.2890625 0.048828125 0.287109375 0.048828125 0.28515625 0.048828125 0.287109375 0.046875 0.2890625 0.048828125 0.291015625 0.05078125 0.291015625 0.052734375 0.29296875 0.0546875 0.29296875 0.052734375 0.291015625 0.0546875 0.2890625 0.052734375 0.287109375 0.0546875 0.28515625
0 0.154296875 0.1640625 0.15234375 0.166015625 0.15234375 0.169921875 0.15625 0.169921875 0.15625 0.1640625
0 0.1171875 0.15625 0.119140625 0.158203125 0.115234375 0.162109375 0.1171875 0.1640625 0.1171875 0.166015625 0.119140625 0.16796875 0.1171875 0.169921875 0.119140625 0.16796875 0.123046875 0.16796875 0.12109375 0.166015625 0.123046875 0.1640625 0.12109375 0.162109375 0.119140625 0.162109375 0.1171875 0.16015625 0.119140625 0.158203125 0.12109375 0.158203125 0.123046875 0.15625 0.12109375 0.158203125 0.119140625 0.158203125
1 0.5 0.640625 0.498046875 0.642578125 0.49609375 0.642578125 0.498046875 0.64453125 0.49609375 0.646484375 0.4921875 0.646484375 0.501953125 0.646484375 0.501953125 0.64453125 0.50390625 0.642578125 0.501953125 0.640625
1 0.423828125 0.611328125 0.421875 0.61328125 0.42578125 0.6171875 0.427734375 0.615234375 0.431640625 0.619140625 0.4296875 0.62109375 0.431640625 0.623046875 0.4296875 0.62109375 0.431640625 0.619140625 0.4296875 0.6171875 0.4296875 0.615234375 0.427734375 0.61328125 0.427734375 0.611328125 0.42578125 0.61328125
1 0.001953125 0.599609375 0.001953125 0.6015625 0.0 0.603515625 0.0 0.607421875 0.00390625 0.607421875 0.005859375 0.60546875 0.001953125 0.6015625
1 0.0078125 0.54296875 0.005859375 0.544921875 0.005859375 0.548828125 0.0078125 0.55078125 0.0078125 0.552734375 0.005859375 0.5546875 0.00390625 0.552734375 0.001953125 0.552734375 0.001953125 0.5546875 0.0 0.556640625 0.001953125 0.5546875 0.005859375 0.55859375 0.005859375 0.560546875 0.0078125 0.55859375 0.0078125 0.556640625 0.005859375 0.5546875 0.0078125 0.552734375 0.01171875 0.552734375 0.01171875 0.55078125 0.013671875 0.548828125 0.009765625 0.544921875 0.009765625 0.54296875
1 0.24609375 0.4375 0.2421875 0.44140625 0.2421875 0.443359375 0.244140625 0.4453125 0.244140625 0.447265625 0.24609375 0.447265625 0.244140625 0.4453125 0.24609375 0.443359375 0.25 0.443359375 0.25 0.439453125 0.248046875 0.4375
1 0.3359375 0.421875 0.333984375 0.423828125 0.33203125 0.423828125 0.333984375 0.423828125 0.3359375 0.42578125 0.3359375 0.427734375 0.333984375 0.4296875 0.33203125 0.427734375 0.330078125 0.427734375 0.33203125 0.427734375 0.333984375 0.4296875 0.33203125 0.431640625 0.330078125 0.431640625 0.330078125 0.439453125 0.33203125 0.4375 0.333984375 0.439453125 0.333984375 0.435546875 0.33203125 0.43359375 0.33203125 0.431640625 0.3359375 0.427734375 0.3359375 0.42578125 0.333984375 0.423828125
1 0.216796875 0.3359375 0.216796875 0.341796875 0.220703125 0.345703125 0.220703125 0.34765625 0.21875 0.349609375 0.220703125 0.349609375 0.220703125 0.345703125 0.22265625 0.34375 0.22265625 0.33984375 0.224609375 0.337890625 0.21875 0.337890625
1 0.697265625 0.3125 0.69140625 0.318359375 0.689453125 0.31640625 0.69140625 0.318359375 0.689453125 0.3203125 0.689453125 0.322265625 0.693359375 0.326171875 0.689453125 0.322265625 0.689453125 0.3203125 0.69140625 0.318359375 0.6953125 0.322265625 0.69921875 0.318359375 0.701171875 0.3203125 0.69921875 0.318359375 0.701171875 0.31640625
1 0.0546875 0.283203125 0.0546875 0.28515625 0.05078125 0.2890625 0.048828125 0.287109375 0.048828125 0.28515625 0.048828125 0.287109375 0.046875 0.2890625 0.048828125 0.291015625 0.05078125 0.291015625 0.052734375 0.29296875 0.0546875 0.29296875 0.052734375 0.291015625 0.0546875 0.2890625 0.052734375 0.287109375 0.0546875 0.28515625
1 0.154296875 0.1640625 0.15234375 0.166015625 0.15234375 0.169921875 0.15625 0.169921875 0.15625 0.1640625
1 0.1171875 0.15625 0.119140625 0.158203125 0.115234375 0.162109375 0.1171875 0.1640625 0.1171875 0.166015625 0.119140625 0.16796875 0.1171875 0.169921875 0.119140625 0.16796875 0.123046875 0.16796875 0.12109375 0.166015625 0.123046875 0.1640625 0.12109375 0.162109375 0.119140625 0.162109375 0.1171875 0.16015625 0.119140625 0.158203125 0.12109375 0.158203125 0.123046875 0.15625 0.12109375 0.158203125 0.119140625 0.158203125
