0 0.69921875 0.974609375 0.6953125 0.978515625 0.693359375 0.9765625 0.697265625 0.98046875 0.697265625 0.984375 0.69921875 0.986328125 0.69921875 0.990234375 0.701171875 0.990234375 0.69921875 0.98828125 0.69921875 0.986328125 0.701171875 0.984375 0.701171875 0.98046875 0.697265625 0.9765625 0.69921875 0.974609375 0.701171875 0.974609375
0 0.5859375 0.240234375 0.583984375 0.2421875 0.587890625 0.24609375 0.5859375 0.248046875 0.5859375 0.251953125 0.587890625 0.25 0.58984375 0.251953125 0.58984375 0.25 0.591796875 0.248046875 0.591796875 0.244140625 0.58984375 0.244140625 0.587890625 0.24609375 0.583984375 0.2421875
0 0.427734375 0.208984375 0.427734375 0.2109375 0.42578125 0.212890625 0.421875 0.212890625 0.423828125 0.212890625 0.42578125 0.21484375 0.427734375 0.21484375 0.4296875 0.216796875 0.431640625 0.21484375 0.4296875 0.212890625 0.4296875 0.2109375
0 0.95703125 0.203125 0.955078125 0.205078125 0.955078125 0.20703125 0.953125 0.208984375 0.955078125 0.2109375 0.95703125 0.208984375 0.958984375 0.2109375 0.958984375 0.20703125 0.9609375 0.205078125 0.958984375 0.203125
0 0.48828125 0.111328125 0.4921875 0.115234375 0.490234375 0.1171875 0.48828125 0.1171875 0.486328125 0.115234375 0.48828125 0.1171875 0.48828125 0.119140625 0.486328125 0.12109375 0.48828125 0.119140625 0.4921875 0.123046875 0.4921875 0.119140625 0.494140625 0.1171875 0.49609375 0.119140625 0.494140625 0.1171875 0.494140625 0.115234375 0.4921875 0.115234375 0.490234375 0.11328125 0.490234375 0.111328125
1 0.69921875 0.974609375 0.6953125 0.978515625 0.693359375 0.9765625 0.697265625 0.98046875 0.697265625 0.984375 0.69921875 0.986328125 0.69921875 0.990234375 0.701171875 0.990234375 0.69921875 0.98828125 0.69921875 0.986328125 0.701171875 0.984375 0.701171875 0.98046875 0.697265625 0.9765625 0.69921875 0.974609375 0.701171875 0.974609375
1 0.5859375 0.240234375 0.583984375 0.2421875 0.587890625 0.24609375 0.5859375 0.248046875 0.5859375 0.251953125 0.587890625 0.25 0.58984375 0.251953125 0.58984375 0.25 0.591796875 0.248046875 0.591796875 0.244140625 0.58984375 0.244140625 0.587890625 0.24609375 0.583984375 0.2421875
1 0.427734375 0.208984375 0.427734375 0.2109375 0.42578125 0.212890625 0.421875 0.212890625 0.423828125 0.212890625 0.42578125 0.21484375 0.427734375 0.21484375 0.4296875 0.216796875 0.431640625 0.21484375 0.4296875 0.212890625 0.4296875 0.2109375
1 0.95703125 0.203125 0.955078125 0.205078125 0.955078125 0.20703125 0.953125 0.208984375 0.955078125 0.2109375 0.95703125 0.208984375 0.958984375 0.2109375 0.958984375 0.20703125 0.9609375 0.205078125 0.958984375 0.203125
1 0.48828125 0.111328125 0.4921875 0.115234375 0.490234375 0.1171875 0.48828125 0.1171875 0.486328125 0.115234375 0.48828125 0.1171875 0.48828125 0.119140625 0.486328125 0.12109375 0.48828125 0.119140625 0.4921875 0.123046875 0.4921875 0.119140625 0.494140625 0.1171875 0.49609375 0.119140625 0.494140625 0.1171875 0.494140625 0.115234375 0.4921875 0.115234375 0.490234375 0.11328125 0.490234375 0.111328125
