0 0.064453125 0.720703125 0.0625 0.72265625 0.064453125 0.724609375 0.06640625 0.724609375 0.068359375 0.7265625 0.06640625 0.728515625 0.068359375 0.73046875 0.06640625 0.732421875 0.068359375 0.73046875 0.0703125 0.73046875 0.068359375 0.728515625 0.0703125 0.7265625 0.072265625 0.7265625 0.072265625 0.724609375 0.07421875 0.72265625 0.072265625 0.720703125 0.068359375 0.724609375 0.064453125 0.724609375 0.0625 0.72265625
0 0.990234375 0.71875 0.9921875 0.720703125 0.990234375 0.72265625 0.98828125 0.72265625 0.986328125 0.720703125 0.98828125 0.72265625 0.990234375 0.72265625 0.9921875 0.720703125 0.994140625 0.72265625 0.994140625 0.728515625 0.9921875 0.73046875 0.994140625 0.728515625 0.99609375 0.728515625 0.998046875 0.7265625 0.998046875 0.720703125 0.99609375 0.720703125 0.994140625 0.71875 0.9921875 0.720703125
0 0.2734375 0.6875 0.271484375 0.689453125 0.26953125 0.689453125 0.271484375 0.689453125 0.2734375 0.69140625 0.2734375 0.693359375 0.271484375 0.6953125 0.26953125 0.693359375 0.267578125 0.693359375 0.26953125 0.693359375 0.271484375 0.6953125 0.26953125 0.697265625 0.267578125 0.697265625 0.267578125 0.701171875 0.26953125 0.703125 0.26953125 0.705078125 0.271484375 0.705078125 0.27734375 0.69921875 0.279296875 0.701171875 0.27734375 0.69921875 0.275390625 0.69921875 0.275390625 0.701171875 0.2734375 0.703125 0.26953125 0.69921875 0.26953125 0.697265625 0.2734375 0.693359375 0.2734375 0.69140625 0.271484375 0.689453125
0 0.296875 0.396484375 0.298828125 0.3984375 0.298828125 0.404296875 0.30078125 0.40234375 0.302734375 0.404296875 0.302734375 0.400390625 0.298828125 0.396484375
0 0.001953125 0.25 0.001953125 0.251953125 0.0 0.25390625 0.00390625 0.2578125 0.005859375 0.255859375 0.009765625 0.259765625 0.005859375 0.255859375 0.0078125 0.25390625 0.01171875 0.25390625 0.013671875 0.255859375 0.01171875 0.25390625 0.013671875 0.251953125 0.01171875 0.25390625 0.0078125 0.25390625 0.005859375 0.251953125 0.00390625 0.251953125
0 0.873046875 0.017578125 0.87109375 0.01953125 0.869140625 0.01953125 0.87109375 0.01953125 0.873046875 0.021484375 0.873046875 0.025390625 0.876953125 0.029296875 0.875 0.02734375 0.876953125 0.025390625 0.875 0.0234375 0.876953125 0.021484375
1 0.064453125 0.720703125 0.0625 0.72265625 0.064453125 0.724609375 0.06640625 0.724609375 0.068359375 0.7265625 0.06640625 0.728515625 0.068359375 0.73046875 0.06640625 0.732421875 0.068359375 0.73046875 0.0703125 0.73046875 0.068359375 0.728515625 0.0703125 0.7265625 0.072265625 0.7265625 0.072265625 0.724609375 0.07421875 0.72265625 0.072265625 0.720703125 0.068359375 0.724609375 0.064453125 0.724609375 0.0625 0.72265625
1 0.990234375 0.71875 0.9921875 0.720703125 0.990234375 0.72265625 0.98828125 0.72265625 0.986328125 0.720703125 0.98828125 0.72265625 0.990234375 0.72265625 0.9921875 0.720703125 0.994140625 0.72265625 0.994140625 0.728515625 0.9921875 0.73046875 0.994140625 0.728515625 0.99609375 0.728515625 0.998046875 0.7265625 0.998046875 0.720703125 0.99609375 0.720703125 0.994140625 0.71875 0.9921875 0.720703125
1 0.2734375 0.6875 0.271484375 0.689453125 0.26953125 0.689453125 0.271484375 0.689453125 0.2734375 0.69140625 0.2734375 0.693359375 0.271484375 0.6953125 0.26953125 0.693359375 0.267578125 0.693359375 0.26953125 0.693359375 0.271484375 0.6953125 0.26953125 0.697265625 0.267578125 0.697265625 0.267578125 0.701171875 0.26953125 0.703125 0.26953125 0.705078125 0.271484375 0.705078125 0.27734375 0.69921875 0.279296875 0.701171875 0.27734375 0.69921875 0.275390625 0.69921875 0.275390625 0.701171875 0.2734375 0.703125 0.26953125 0.69921875 0.26953125 0.697265625 0.2734375 0.693359375 0.2734375 0.69140625 0.271484375 0.689453125
1 0.296875 0.396484375 0.298828125 0.3984375 0.298828125 0.404296875 0.30078125 0.40234375 0.302734375 0.404296875 0.302734375 0.400390625 0.298828125 0.396484375
1 0.001953125 0.25 0.001953125 0.251953125 0.0 0.25390625 0.00390625 0.2578125 0.005859375 0.255859375 0.009765625 0.259765625 0.005859375 0.255859375 0.0078125 0.25390625 0.01171875 0.25390625 0.013671875 0.255859375 0.01171875 0.25390625 0.013671875 0.251953125 0.01171875 0.25390625 0.0078125 0.25390625 0.005859375 0.251953125 0.00390625 0.251953125
1 0.873046875 0.017578125 0.87109375 0.01953125 0.869140625 0.01953125 0.87109375 0.01953125 0.873046875 0.021484375 0.873046875 0.025390625 0.876953125 0.029296875 0.875 0.02734375 0.876953125 0.025390625 0.875 0.0234375 0.876953125 0.021484375
