0 0.640625 0.453125 0.642578125 0.455078125 0.640625 0.45703125 0.642578125 0.45703125 0.64453125 0.458984375 0.646484375 0.458984375 0.646484375 0.45703125 0.6484375 0.455078125 0.646484375 0.453125 0.64453125 0.453125 0.642578125 0.455078125
0 0.9296875 0.4375 0.92578125 0.44140625 0.923828125 0.439453125 0.927734375 0.443359375 0.9296875 0.44140625 0.931640625 0.44140625 0.93359375 0.439453125 0.935546875 0.44140625 0.9375 0.44140625 0.939453125 0.439453125 0.943359375 0.439453125 0.939453125 0.439453125 0.9375 0.4375 0.935546875 0.4375 0.931640625 0.44140625 0.9296875 0.44140625 0.927734375 0.439453125
0 0.466796875 0.365234375 0.466796875 0.3671875 0.46484375 0.369140625 0.466796875 0.369140625 0.46875 0.37109375 0.470703125 0.369140625 0.470703125 0.365234375
0 0.486328125 0.330078125 0.486328125 0.33203125 0.48828125 0.333984375 0.486328125 0.3359375 0.48828125 0.337890625 0.490234375 0.337890625 0.48828125 0.337890625 0.486328125 0.3359375 0.48828125 0.333984375 0.494140625 0.333984375 0.4921875 0.33203125 0.494140625 0.330078125
0 0.529296875 0.26171875 0.52734375 0.263671875 0.52734375 0.265625 0.525390625 0.267578125 0.52734375 0.26953125 0.525390625 0.271484375 0.5234375 0.271484375 0.525390625 0.271484375 0.529296875 0.267578125 0.53125 0.267578125 0.533203125 0.265625 0.53125 0.265625 0.529296875 0.263671875
0 0.537109375 0.19140625 0.533203125 0.1953125 0.53515625 0.193359375 0.537109375 0.1953125 0.537109375 0.197265625 0.533203125 0.201171875 0.53515625 0.19921875 0.537109375 0.201171875 0.541015625 0.201171875 0.54296875 0.19921875 0.544921875 0.19921875 0.544921875 0.193359375 0.541015625 0.193359375 0.5390625 0.19140625
0 0.6875 0.17578125 0.69140625 0.1796875 0.689453125 0.181640625 0.69140625 0.1796875 0.693359375 0.181640625 0.6953125 0.1796875 0.6953125 0.177734375 0.693359375 0.17578125 0.69140625 0.17578125 0.689453125 0.177734375
0 0.0390625 0.111328125 0.037109375 0.11328125 0.0390625 0.115234375 0.037109375 0.1171875 0.03515625 0.1171875 0.037109375 0.119140625 0.03515625 0.12109375 0.0390625 0.1171875 0.041015625 0.119140625 0.04296875 0.119140625 0.044921875 0.1171875 0.044921875 0.115234375 0.04296875 0.11328125 0.041015625 0.11328125
0 0.083984375 0.109375 0.0859375 0.111328125 0.0859375 0.11328125 0.087890625 0.115234375 0.09375 0.115234375 0.09375 0.111328125 0.091796875 0.109375 0.087890625 0.109375 0.0859375 0.111328125
0 0.39453125 0.048828125 0.396484375 0.05078125 0.396484375 0.052734375 0.400390625 0.056640625 0.40234375 0.0546875 0.40234375 0.05078125 0.400390625 0.05078125 0.3984375 0.048828125 0.396484375 0.05078125
1 0.640625 0.453125 0.642578125 0.455078125 0.640625 0.45703125 0.642578125 0.45703125 0.64453125 0.458984375 0.646484375 0.458984375 0.646484375 0.45703125 0.6484375 0.455078125 0.646484375 0.453125 0.64453125 0.453125 0.642578125 0.455078125
1 0.9296875 0.4375 0.92578125 0.44140625 0.923828125 0.439453125 0.927734375 0.443359375 0.9296875 0.44140625 0.931640625 0.44140625 0.93359375 0.439453125 0.935546875 0.44140625 0.9375 0.44140625 0.939453125 0.439453125 0.943359375 0.439453125 0.939453125 0.439453125 0.9375 0.4375 0.935546875 0.4375 0.931640625 0.44140625 0.9296875 0.44140625 0.927734375 0.439453125
1 0.466796875 0.365234375 0.466796875 0.3671875 0.46484375 0.369140625 0.466796875 0.369140625 0.46875 0.37109375 0.470703125 0.369140625 0.470703125 0.365234375
1 0.486328125 0.330078125 0.486328125 0.33203125 0.48828125 0.333984375 0.486328125 0.3359375 0.48828125 0.337890625 0.490234375 0.337890625 0.48828125 0.337890625 0.486328125 0.3359375 0.48828125 0.333984375 0.494140625 0.333984375 0.4921875 0.33203125 0.494140625 0.330078125
1 0.529296875 0.26171875 0.52734375 0.263671875 0.52734375 0.265625 0.525390625 0.267578125 0.52734375 0.26953125 0.525390625 0.271484375 0.5234375 0.271484375 0.525390625 0.271484375 0.529296875 0.267578125 0.53125 0.267578125 0.533203125 0.265625 0.53125 0.265625 0.529296875 0.263671875
1 0.537109375 0.19140625 0.533203125 0.1953125 0.53515625 0.193359375 0.537109375 0.1953125 0.537109375 0.197265625 0.533203125 0.201171875 0.53515625 0.19921875 0.537109375 0.201171875 0.541015625 0.201171875 0.54296875 0.19921875 0.544921875 0.19921875 0.544921875 0.193359375 0.541015625 0.193359375 0.5390625 0.19140625
1 0.6875 0.17578125 0.69140625 0.1796875 0.689453125 0.181640625 0.69140625 0.1796875 0.693359375 0.181640625 0.6953125 0.1796875 0.6953125 0.177734375 0.693359375 0.17578125 0.69140625 0.17578125 0.689453125 0.177734375
1 0.0390625 0.111328125 0.037109375 0.11328125 0.0390625 0.115234375 0.037109375 0.1171875 0.03515625 0.1171875 0.037109375 0.119140625 0.03515625 0.12109375 0.0390625 0.1171875 0.041015625 0.119140625 0.04296875 0.119140625 0.044921875 0.1171875 0.044921875 0.115234375 0.04296875 0.11328125 0.041015625 0.11328125
1 0.083984375 0.109375 0.0859375 0.111328125 0.0859375 0.11328125 0.087890625 0.115234375 0.09375 0.115234375 0.09375 0.111328125 0.091796875 0.109375 0.087890625 0.109375 0.0859375 0.111328125
1 0.39453125 0.048828125 0.396484375 0.05078125 0.396484375 0.052734375 0.400390625 0.056640625 0.40234375 0.0546875 0.40234375 0.05078125 0.400390625 0.05078125 0.3984375 0.048828125 0.396484375 0.05078125
