0 0.708984375 0.12109375 0.708984375 0.123046875 0.705078125 0.126953125 0.705078125 0.12890625 0.70703125 0.130859375 0.7109375 0.130859375 0.712890625 0.12890625 0.712890625 0.123046875 0.7109375 0.125 0.708984375 0.123046875
0 0.599609375 0.095703125 0.59765625 0.09765625 0.59765625 0.099609375 0.6015625 0.103515625 0.603515625 0.1015625 0.60546875 0.103515625 0.607421875 0.1015625 0.60546875 0.099609375 0.60546875 0.09765625 0.603515625 0.095703125
0 0.28125 0.0859375 0.279296875 0.087890625 0.28125 0.0859375 0.283203125 0.087890625 0.283203125 0.08984375 0.279296875 0.09375 0.275390625 0.08984375 0.279296875 0.09375 0.283203125 0.09375 0.28515625 0.095703125 0.2890625 0.091796875 0.287109375 0.09375 0.28515625 0.091796875 0.28515625 0.087890625 0.283203125 0.087890625
0 0.265625 0.083984375 0.263671875 0.0859375 0.265625 0.083984375 0.267578125 0.083984375 0.26953125 0.0859375 0.265625 0.08984375 0.263671875 0.08984375 0.26171875 0.091796875 0.26171875 0.09375 0.263671875 0.095703125 0.2734375 0.095703125 0.271484375 0.095703125 0.26953125 0.09375 0.26953125 0.08984375 0.2734375 0.0859375 0.271484375 0.087890625 0.267578125 0.083984375
0 0.095703125 0.083984375 0.095703125 0.08984375 0.09765625 0.087890625 0.099609375 0.087890625 0.1015625 0.08984375 0.103515625 0.08984375 0.10546875 0.087890625 0.103515625 0.08984375 0.1015625 0.08984375 0.099609375 0.087890625 0.1015625 0.0859375 0.099609375 0.083984375
0 0.49609375 0.078125 0.494140625 0.080078125 0.494140625 0.083984375 0.4921875 0.0859375 0.490234375 0.083984375 0.4921875 0.0859375 0.48828125 0.08984375 0.4921875 0.0859375 0.494140625 0.087890625 0.49609375 0.0859375 0.5 0.08984375 0.498046875 0.087890625 0.501953125 0.083984375 0.50390625 0.0859375 0.50390625 0.087890625 0.50390625 0.0859375 0.5 0.08203125 0.5 0.078125
0 0.30078125 0.052734375 0.30078125 0.060546875 0.302734375 0.060546875 0.3046875 0.05859375 0.306640625 0.05859375 0.30859375 0.060546875 0.3046875 0.056640625 0.3046875 0.0546875 0.302734375 0.0546875
0 0.357421875 0.03125 0.35546875 0.033203125 0.357421875 0.03515625 0.357421875 0.037109375 0.35546875 0.0390625 0.353515625 0.0390625 0.35546875 0.0390625 0.357421875 0.041015625 0.353515625 0.044921875 0.3515625 0.04296875 0.353515625 0.044921875 0.353515625 0.046875 0.3515625 0.048828125 0.353515625 0.046875 0.357421875 0.05078125 0.35546875 0.052734375 0.353515625 0.052734375 0.35546875 0.052734375 0.357421875 0.0546875 0.357421875 0.056640625 0.35546875 0.05859375 0.357421875 0.060546875 0.35546875 0.05859375 0.357421875 0.056640625 0.357421875 0.0546875 0.35546875 0.052734375 0.359375 0.048828125 0.36328125 0.052734375 0.365234375 0.052734375 0.36328125 0.052734375 0.361328125 0.05078125 0.36328125 0.048828125 0.361328125 0.046875 0.361328125 0.044921875 0.357421875 0.041015625 0.359375 0.0390625 0.357421875 0.037109375 0.357421875 0.03515625 0.35546875 0.033203125
0 0.234375 0.02734375 0.234375 0.03515625 0.240234375 0.03515625 0.2421875 0.037109375 0.244140625 0.03515625 0.2421875 0.033203125 0.2421875 0.03125 0.240234375 0.029296875 0.240234375 0.02734375
0 0.201171875 0.021484375 0.1953125 0.02734375 0.193359375 0.025390625 0.189453125 0.025390625 0.1875 0.02734375 0.189453125 0.029296875 0.1953125 0.029296875 0.1953125 0.02734375 0.197265625 0.025390625 0.19921875 0.02734375 0.197265625 0.025390625
0 0.0859375 0.021484375 0.0859375 0.0234375 0.083984375 0.025390625 0.08203125 0.025390625 0.078125 0.029296875 0.080078125 0.03125 0.080078125 0.03515625 0.083984375 0.0390625 0.0859375 0.037109375 0.087890625 0.0390625 0.087890625 0.037109375 0.091796875 0.033203125 0.091796875 0.029296875 0.08984375 0.02734375 0.091796875 0.025390625 0.08984375 0.02734375 0.087890625 0.025390625 0.087890625 0.0234375
0 0.13671875 0.015625 0.13671875 0.017578125 0.134765625 0.01953125 0.134765625 0.0234375 0.13671875 0.025390625 0.14453125 0.025390625 0.14453125 0.0234375 0.146484375 0.021484375 0.14453125 0.01953125 0.14453125 0.015625
0 0.337890625 0.01171875 0.337890625 0.013671875 0.33203125 0.01953125 0.330078125 0.01953125 0.328125 0.017578125 0.330078125 0.015625 0.328125 0.017578125 0.330078125 0.01953125 0.328125 0.021484375 0.330078125 0.01953125 0.33203125 0.01953125 0.333984375 0.021484375 0.33203125 0.0234375 0.3359375 0.01953125 0.33984375 0.01953125 0.341796875 0.017578125 0.33984375 0.015625 0.33984375 0.013671875
0 0.734375 0.00390625 0.736328125 0.005859375 0.734375 0.0078125 0.734375 0.015625 0.736328125 0.017578125 0.740234375 0.017578125 0.7421875 0.01953125 0.7421875 0.021484375 0.744140625 0.0234375 0.7421875 0.025390625 0.744140625 0.02734375 0.7421875 0.025390625 0.744140625 0.0234375 0.7421875 0.021484375 0.7421875 0.01953125 0.740234375 0.017578125 0.744140625 0.013671875 0.748046875 0.017578125 0.7421875 0.01171875 0.7421875 0.009765625 0.744140625 0.0078125 0.74609375 0.009765625 0.748046875 0.0078125 0.74609375 0.009765625 0.744140625 0.0078125 0.7421875 0.009765625 0.740234375 0.009765625
0 0.69921875 0.0 0.703125 0.00390625 0.701171875 0.005859375 0.701171875 0.0078125 0.69921875 0.009765625 0.69921875 0.01171875 0.697265625 0.013671875 0.69921875 0.01171875 0.705078125 0.017578125 0.70703125 0.015625 0.708984375 0.017578125 0.70703125 0.015625 0.71484375 0.0078125 0.7109375 0.01171875 0.708984375 0.009765625 0.708984375 0.0078125 0.703125 0.0078125 0.701171875 0.005859375 0.705078125 0.001953125 0.703125 0.00390625
0 0.61328125 0.0 0.61328125 0.0078125 0.611328125 0.009765625 0.61328125 0.0078125 0.619140625 0.013671875 0.62109375 0.013671875 0.623046875 0.01171875 0.625 0.01171875 0.626953125 0.013671875 0.626953125 0.01171875 0.625 0.009765625 0.62890625 0.005859375 0.623046875 0.0
0 0.166015625 0.0 0.1640625 0.001953125 0.162109375 0.001953125 0.1640625 0.001953125 0.166015625 0.00390625 0.1640625 0.005859375 0.162109375 0.005859375 0.1640625 0.005859375 0.166015625 0.00390625 0.16796875 0.005859375 0.169921875 0.00390625 0.169921875 0.0
1 0.708984375 0.12109375 0.708984375 0.123046875 0.705078125 0.126953125 0.705078125 0.12890625 0.70703125 0.130859375 0.7109375 0.130859375 0.712890625 0.12890625 0.712890625 0.123046875 0.7109375 0.125 0.708984375 0.123046875
1 0.599609375 0.095703125 0.59765625 0.09765625 0.59765625 0.099609375 0.6015625 0.103515625 0.603515625 0.1015625 0.60546875 0.103515625 0.607421875 0.1015625 0.60546875 0.099609375 0.60546875 0.09765625 0.603515625 0.095703125
1 0.28125 0.0859375 0.279296875 0.087890625 0.28125 0.0859375 0.283203125 0.087890625 0.283203125 0.08984375 0.279296875 0.09375 0.275390625 0.08984375 0.279296875 0.09375 0.283203125 0.09375 0.28515625 0.095703125 0.2890625 0.091796875 0.287109375 0.09375 0.28515625 0.091796875 0.28515625 0.087890625 0.283203125 0.087890625
1 0.265625 0.083984375 0.263671875 0.0859375 0.265625 0.083984375 0.267578125 0.083984375 0.26953125 0.0859375 0.265625 0.08984375 0.263671875 0.08984375 0.26171875 0.091796875 0.26171875 0.09375 0.263671875 0.095703125 0.2734375 0.095703125 0.271484375 0.095703125 0.26953125 0.09375 0.26953125 0.08984375 0.2734375 0.0859375 0.271484375 0.087890625 0.267578125 0.083984375
1 0.095703125 0.083984375 0.095703125 0.08984375 0.09765625 0.087890625 0.099609375 0.087890625 0.1015625 0.08984375 0.103515625 0.08984375 0.10546875 0.087890625 0.103515625 0.08984375 0.1015625 0.08984375 0.099609375 0.087890625 0.1015625 0.0859375 0.099609375 0.083984375
1 0.49609375 0.078125 0.494140625 0.080078125 0.494140625 0.083984375 0.4921875 0.0859375 0.490234375 0.083984375 0.4921875 0.0859375 0.48828125 0.08984375 0.4921875 0.0859375 0.494140625 0.087890625 0.49609375 0.0859375 0.5 0.08984375 0.498046875 0.087890625 0.501953125 0.083984375 0.50390625 0.0859375 0.50390625 0.087890625 0.50390625 0.0859375 0.5 0.08203125 0.5 0.078125
1 0.30078125 0.052734375 0.30078125 0.060546875 0.302734375 0.060546875 0.3046875 0.05859375 0.306640625 0.05859375 0.30859375 0.060546875 0.3046875 0.056640625 0.3046875 0.0546875 0.302734375 0.0546875
1 0.357421875 0.03125 0.35546875 0.033203125 0.357421875 0.03515625 0.357421875 0.037109375 0.35546875 0.0390625 0.353515625 0.0390625 0.35546875 0.0390625 0.357421875 0.041015625 0.353515625 0.044921875 0.3515625 0.04296875 0.353515625 0.044921875 0.353515625 0.046875 0.3515625 0.048828125 0.353515625 0.046875 0.357421875 0.05078125 0.35546875 0.052734375 0.353515625 0.052734375 0.35546875 0.052734375 0.357421875 0.0546875 0.357421875 0.056640625 0.35546875 0.05859375 0.357421875 0.060546875 0.35546875 0.05859375 0.357421875 0.056640625 0.357421875 0.0546875 0.35546875 0.052734375 0.359375 0.048828125 0.36328125 0.052734375 0.365234375 0.052734375 0.36328125 0.052734375 0.361328125 0.05078125 0.36328125 0.048828125 0.361328125 0.046875 0.361328125 0.044921875 0.357421875 0.041015625 0.359375 0.0390625 0.357421875 0.037109375 0.357421875 0.03515625 0.35546875 0.033203125
1 0.234375 0.02734375 0.234375 0.03515625 0.240234375 0.03515625 0.2421875 0.037109375 0.244140625 0.03515625 0.2421875 0.033203125 0.2421875 0.03125 0.240234375 0.029296875 0.240234375 0.02734375
1 0.201171875 0.021484375 0.1953125 0.02734375 0.193359375 0.025390625 0.189453125 0.025390625 0.1875 0.02734375 0.189453125 0.029296875 0.1953125 0.029296875 0.1953125 0.02734375 0.197265625 0.025390625 0.19921875 0.02734375 0.197265625 0.025390625
1 0.0859375 0.021484375 0.0859375 0.0234375 0.083984375 0.025390625 0.08203125 0.025390625 0.078125 0.029296875 0.080078125 0.03125 0.080078125 0.03515625 0.083984375 0.0390625 0.0859375 0.037109375 0.087890625 0.0390625 0.087890625 0.037109375 0.091796875 0.033203125 0.091796875 0.029296875 0.08984375 0.02734375 0.091796875 0.025390625 0.08984375 0.02734375 0.087890625 0.025390625 0.087890625 0.0234375
1 0.13671875 0.015625 0.13671875 0.017578125 0.134765625 0.01953125 0.134765625 0.0234375 0.13671875 0.025390625 0.14453125 0.025390625 0.14453125 0.0234375 0.146484375 0.021484375 0.14453125 0.01953125 0.14453125 0.015625
1 0.337890625 0.01171875 0.337890625 0.013671875 0.33203125 0.01953125 0.330078125 0.01953125 0.328125 0.017578125 0.330078125 0.015625 0.328125 0.017578125 0.330078125 0.01953125 0.328125 0.021484375 0.330078125 0.01953125 0.33203125 0.01953125 0.333984375 0.021484375 0.33203125 0.0234375 0.3359375 0.01953125 0.33984375 0.01953125 0.341796875 0.017578125 0.33984375 0.015625 0.33984375 0.013671875
1 0.734375 0.00390625 0.736328125 0.005859375 0.734375 0.0078125 0.734375 0.015625 0.736328125 0.017578125 0.740234375 0.017578125 0.7421875 0.01953125 0.7421875 0.021484375 0.744140625 0.0234375 0.7421875 0.025390625 0.744140625 0.02734375 0.7421875 0.025390625 0.744140625 0.0234375 0.7421875 0.021484375 0.7421875 0.01953125 0.740234375 0.017578125 0.744140625 0.013671875 0.748046875 0.017578125 0.7421875 0.01171875 0.7421875 0.009765625 0.744140625 0.0078125 0.74609375 0.009765625 0.748046875 0.0078125 0.74609375 0.009765625 0.744140625 0.0078125 0.7421875 0.009765625 0.740234375 0.009765625
1 0.69921875 0.0 0.703125 0.00390625 0.701171875 0.005859375 0.701171875 0.0078125 0.69921875 0.009765625 0.69921875 0.01171875 0.697265625 0.013671875 0.69921875 0.01171875 0.705078125 0.017578125 0.70703125 0.015625 0.708984375 0.017578125 0.70703125 0.015625 0.71484375 0.0078125 0.7109375 0.01171875 0.708984375 0.009765625 0.708984375 0.0078125 0.703125 0.0078125 0.701171875 0.005859375 0.705078125 0.001953125 0.703125 0.00390625
1 0.61328125 0.0 0.61328125 0.0078125 0.611328125 0.009765625 0.61328125 0.0078125 0.619140625 0.013671875 0.62109375 0.013671875 0.623046875 0.01171875 0.625 0.01171875 0.626953125 0.013671875 0.626953125 0.01171875 0.625 0.009765625 0.62890625 0.005859375 0.623046875 0.0
1 0.166015625 0.0 0.1640625 0.001953125 0.162109375 0.001953125 0.1640625 0.001953125 0.166015625 0.00390625 0.1640625 0.005859375 0.162109375 0.005859375 0.1640625 0.005859375 0.166015625 0.00390625 0.16796875 0.005859375 0.169921875 0.00390625 0.169921875 0.0
