0 0.916015625 0.546875 0.9140625 0.548828125 0.912109375 0.548828125 0.9140625 0.55078125 0.912109375 0.552734375 0.91015625 0.552734375 0.91015625 0.5546875 0.908203125 0.556640625 0.91015625 0.55859375 0.9140625 0.5546875 0.91796875 0.5546875 0.919921875 0.556640625 0.91796875 0.55859375 0.919921875 0.556640625 0.91796875 0.5546875 0.916015625 0.5546875 0.9140625 0.552734375 0.916015625 0.55078125 0.9140625 0.548828125
0 0.943359375 0.5 0.94140625 0.501953125 0.943359375 0.50390625 0.943359375 0.505859375 0.9375 0.51171875 0.939453125 0.509765625 0.94140625 0.509765625 0.943359375 0.51171875 0.9453125 0.51171875 0.947265625 0.509765625 0.94921875 0.509765625 0.951171875 0.51171875 0.94921875 0.513671875 0.951171875 0.51171875 0.94921875 0.509765625 0.947265625 0.509765625 0.943359375 0.505859375 0.943359375 0.50390625 0.94140625 0.501953125
0 0.822265625 0.4375 0.81640625 0.443359375 0.8125 0.443359375 0.8125 0.447265625 0.814453125 0.447265625 0.81640625 0.4453125 0.818359375 0.447265625 0.8203125 0.447265625 0.822265625 0.4453125 0.818359375 0.44140625
0 0.505859375 0.255859375 0.505859375 0.2578125 0.50390625 0.259765625 0.5 0.259765625 0.501953125 0.259765625 0.50390625 0.26171875 0.505859375 0.26171875 0.5078125 0.263671875 0.509765625 0.26171875 0.5078125 0.259765625 0.5078125 0.2578125
0 0.83984375 0.236328125 0.837890625 0.23828125 0.83984375 0.240234375 0.837890625 0.2421875 0.83984375 0.240234375 0.849609375 0.240234375 0.845703125 0.240234375 0.84375 0.23828125 0.845703125 0.236328125
0 0.16796875 0.224609375 0.162109375 0.23046875 0.158203125 0.23046875 0.162109375 0.23046875 0.1640625 0.232421875 0.166015625 0.232421875 0.16796875 0.23046875 0.169921875 0.232421875 0.16796875 0.23046875 0.16796875 0.228515625 0.166015625 0.2265625
0 0.865234375 0.2109375 0.8671875 0.2109375 0.869140625 0.212890625 0.8671875 0.21484375 0.865234375 0.21484375 0.8671875 0.21484375 0.869140625 0.216796875 0.873046875 0.216796875 0.873046875 0.212890625 0.87109375 0.2109375 0.869140625 0.212890625 0.8671875 0.2109375
0 0.89453125 0.16796875 0.892578125 0.169921875 0.89453125 0.171875 0.8984375 0.171875 0.900390625 0.169921875 0.8984375 0.16796875
0 0.57421875 0.1640625 0.572265625 0.166015625 0.5703125 0.166015625 0.572265625 0.16796875 0.572265625 0.169921875 0.57421875 0.169921875 0.576171875 0.16796875 0.576171875 0.1640625
0 0.1953125 0.146484375 0.193359375 0.1484375 0.193359375 0.150390625 0.19140625 0.15234375 0.193359375 0.154296875 0.1953125 0.15234375 0.197265625 0.15234375 0.19921875 0.150390625 0.201171875 0.150390625 0.197265625 0.150390625 0.1953125 0.1484375
0 0.01171875 0.125 0.009765625 0.126953125 0.0078125 0.126953125 0.005859375 0.12890625 0.00390625 0.12890625 0.0078125 0.1328125 0.0078125 0.134765625 0.005859375 0.13671875 0.00390625 0.134765625 0.001953125 0.13671875 0.00390625 0.134765625 0.005859375 0.13671875 0.0078125 0.134765625 0.009765625 0.134765625 0.01171875 0.13671875 0.013671875 0.13671875 0.009765625 0.1328125 0.009765625 0.126953125 0.01171875 0.125 0.013671875 0.126953125
1 0.916015625 0.546875 0.9140625 0.548828125 0.912109375 0.548828125 0.9140625 0.55078125 0.912109375 0.552734375 0.91015625 0.552734375 0.91015625 0.5546875 0.908203125 0.556640625 0.91015625 0.55859375 0.9140625 0.5546875 0.91796875 0.5546875 0.919921875 0.556640625 0.91796875 0.55859375 0.919921875 0.556640625 0.91796875 0.5546875 0.916015625 0.5546875 0.9140625 0.552734375 0.916015625 0.55078125 0.9140625 0.548828125
1 0.943359375 0.5 0.94140625 0.501953125 0.943359375 0.50390625 0.943359375 0.505859375 0.9375 0.51171875 0.939453125 0.509765625 0.94140625 0.509765625 0.943359375 0.51171875 0.9453125 0.51171875 0.947265625 0.509765625 0.94921875 0.509765625 0.951171875 0.51171875 0.94921875 0.513671875 0.951171875 0.51171875 0.94921875 0.509765625 0.947265625 0.509765625 0.943359375 0.505859375 0.943359375 0.50390625 0.94140625 0.501953125
1 0.822265625 0.4375 0.81640625 0.443359375 0.8125 0.443359375 0.8125 0.447265625 0.814453125 0.447265625 0.81640625 0.4453125 0.818359375 0.447265625 0.8203125 0.447265625 0.822265625 0.4453125 0.818359375 0.44140625
1 0.505859375 0.255859375 0.505859375 0.2578125 0.50390625 0.259765625 0.5 0.259765625 0.501953125 0.259765625 0.50390625 0.26171875 0.505859375 0.26171875 0.5078125 0.263671875 0.509765625 0.26171875 0.5078125 0.259765625 0.5078125 0.2578125
1 0.83984375 0.236328125 0.837890625 0.23828125 0.83984375 0.240234375 0.837890625 0.2421875 0.83984375 0.240234375 0.849609375 0.240234375 0.845703125 0.240234375 0.84375 0.23828125 0.845703125 0.236328125
1 0.16796875 0.224609375 0.162109375 0.23046875 0.158203125 0.23046875 0.162109375 0.23046875 0.1640625 0.232421875 0.166015625 0.232421875 0.16796875 0.23046875 0.169921875 0.232421875 0.16796875 0.23046875 0.16796875 0.228515625 0.166015625 0.2265625
1 0.865234375 0.2109375 0.8671875 0.2109375 0.869140625 0.212890625 0.8671875 0.21484375 0.865234375 0.21484375 0.8671875 0.21484375 0.869140625 0.216796875 0.873046875 0.216796875 0.873046875 0.212890625 0.87109375 0.2109375 0.869140625 0.212890625 0.8671875 0.2109375
1 0.89453125 0.16796875 0.892578125 0.169921875 0.89453125 0.171875 0.8984375 0.171875 0.900390625 0.169921875 0.8984375 0.16796875
1 0.57421875 0.1640625 0.572265625 0.166015625 0.5703125 0.166015625 0.572265625 0.16796875 0.572265625 0.169921875 0.57421875 0.169921875 0.576171875 0.16796875 0.576171875 0.1640625
1 0.1953125 0.146484375 0.193359375 0.1484375 0.193359375 0.150390625 0.19140625 0.15234375 0.193359375 0.154296875 0.1953125 0.15234375 0.197265625 0.15234375 0.19921875 0.150390625 0.201171875 0.150390625 0.197265625 0.150390625 0.1953125 0.1484375
1 0.01171875 0.125 0.009765625 0.126953125 0.0078125 0.126953125 0.005859375 0.12890625 0.00390625 0.12890625 0.0078125 0.1328125 0.0078125 0.134765625 0.005859375 0.13671875 0.00390625 0.134765625 0.001953125 0.13671875 0.00390625 0.134765625 0.005859375 0.13671875 0.0078125 0.134765625 0.009765625 0.134765625 0.01171875 0.13671875 0.013671875 0.13671875 0.009765625 0.1328125 0.009765625 0.126953125 0.01171875 0.125 0.013671875 0.126953125
