0 0.234375 0.3359375 0.236328125 0.337890625 0.236328125 0.33984375 0.234375 0.341796875 0.234375 0.34375 0.236328125 0.345703125 0.236328125 0.34765625 0.234375 0.349609375 0.236328125 0.349609375 0.236328125 0.345703125 0.23828125 0.34375 0.23828125 0.337890625 0.236328125 0.337890625
0 0.919921875 0.328125 0.91796875 0.330078125 0.9140625 0.330078125 0.91796875 0.330078125 0.921875 0.333984375 0.923828125 0.33203125 0.923828125 0.328125
0 0.197265625 0.283203125 0.193359375 0.287109375 0.19140625 0.28515625 0.189453125 0.28515625 0.1875 0.287109375 0.189453125 0.28515625 0.19140625 0.28515625 0.193359375 0.287109375 0.193359375 0.29296875 0.1953125 0.291015625 0.197265625 0.291015625 0.19921875 0.2890625 0.19921875 0.287109375 0.201171875 0.28515625 0.19921875 0.28515625
0 0.11328125 0.2421875 0.111328125 0.244140625 0.1171875 0.25 0.1171875 0.251953125 0.119140625 0.25390625 0.119140625 0.2578125 0.1171875 0.259765625 0.119140625 0.2578125 0.123046875 0.2578125 0.125 0.259765625 0.126953125 0.259765625 0.125 0.259765625 0.123046875 0.2578125 0.125 0.255859375 0.126953125 0.255859375 0.125 0.255859375 0.123046875 0.25390625 0.123046875 0.251953125 0.12109375 0.25390625 0.119140625 0.25390625 0.1171875 0.251953125 0.119140625 0.25 0.119140625 0.248046875 0.12109375 0.24609375 0.119140625 0.244140625 0.12109375 0.2421875 0.123046875 0.2421875 0.12109375 0.2421875 0.119140625 0.244140625 0.1171875 0.244140625 0.115234375 0.24609375 0.11328125 0.24609375 0.111328125 0.244140625
0 0.462890625 0.140625 0.458984375 0.14453125 0.458984375 0.146484375 0.4609375 0.1484375 0.458984375 0.150390625 0.4609375 0.15234375 0.462890625 0.150390625 0.462890625 0.1484375 0.46484375 0.146484375 0.466796875 0.146484375 0.46484375 0.14453125 0.466796875 0.142578125 0.46484375 0.14453125 0.462890625 0.14453125 0.4609375 0.142578125
0 0.537109375 0.015625 0.53515625 0.017578125 0.537109375 0.015625 0.5390625 0.017578125 0.5390625 0.01953125 0.537109375 0.021484375 0.53515625 0.021484375 0.53515625 0.0234375 0.537109375 0.025390625 0.53515625 0.02734375 0.537109375 0.02734375 0.5390625 0.025390625 0.5390625 0.0234375 0.541015625 0.021484375 0.54296875 0.021484375 0.541015625 0.021484375 0.5390625 0.01953125 0.54296875 0.015625 0.541015625 0.017578125 0.5390625 0.017578125
0 0.53125 0.001953125 0.53125 0.005859375 0.533203125 0.0078125 0.53125 0.009765625 0.533203125 0.01171875 0.533203125 0.013671875 0.533203125 0.01171875 0.53125 0.009765625 0.533203125 0.0078125 0.53515625 0.0078125 0.537109375 0.005859375 0.5390625 0.0078125 0.537109375 0.005859375 0.537109375 0.00390625 0.53515625 0.001953125
1 0.234375 0.3359375 0.236328125 0.337890625 0.236328125 0.33984375 0.234375 0.341796875 0.234375 0.34375 0.236328125 0.345703125 0.236328125 0.34765625 0.234375 0.349609375 0.236328125 0.349609375 0.236328125 0.345703125 0.23828125 0.34375 0.23828125 0.337890625 0.236328125 0.337890625
1 0.919921875 0.328125 0.91796875 0.330078125 0.9140625 0.330078125 0.91796875 0.330078125 0.921875 0.333984375 0.923828125 0.33203125 0.923828125 0.328125
1 0.197265625 0.283203125 0.193359375 0.287109375 0.19140625 0.28515625 0.189453125 0.28515625 0.1875 0.287109375 0.189453125 0.28515625 0.19140625 0.28515625 0.193359375 0.287109375 0.193359375 0.29296875 0.1953125 0.291015625 0.197265625 0.291015625 0.19921875 0.2890625 0.19921875 0.287109375 0.201171875 0.28515625 0.19921875 0.28515625
1 0.11328125 0.2421875 0.111328125 0.244140625 0.1171875 0.25 0.1171875 0.251953125 0.119140625 0.25390625 0.119140625 0.2578125 0.1171875 0.259765625 0.119140625 0.2578125 0.123046875 0.2578125 0.125 0.259765625 0.126953125 0.259765625 0.125 0.259765625 0.123046875 0.2578125 0.125 0.255859375 0.126953125 0.255859375 0.125 0.255859375 0.123046875 0.25390625 0.123046875 0.251953125 0.12109375 0.25390625 0.119140625 0.25390625 0.1171875 0.251953125 0.119140625 0.25 0.119140625 0.248046875 0.12109375 0.24609375 0.119140625 0.244140625 0.12109375 0.2421875 0.123046875 0.2421875 0.12109375 0.2421875 0.119140625 0.244140625 0.1171875 0.244140625 0.115234375 0.24609375 0.11328125 0.24609375 0.111328125 0.244140625
1 0.462890625 0.140625 0.458984375 0.14453125 0.458984375 0.146484375 0.4609375 0.1484375 0.458984375 0.150390625 0.4609375 0.15234375 0.462890625 0.150390625 0.462890625 0.1484375 0.46484375 0.146484375 0.466796875 0.146484375 0.46484375 0.14453125 0.466796875 0.142578125 0.46484375 0.14453125 0.462890625 0.14453125 0.4609375 0.142578125
1 0.537109375 0.015625 0.53515625 0.017578125 0.537109375 0.015625 0.5390625 0.017578125 0.5390625 0.01953125 0.537109375 0.021484375 0.53515625 0.021484375 0.53515625 0.0234375 0.537109375 0.025390625 0.53515625 0.02734375 0.537109375 0.02734375 0.5390625 0.025390625 0.5390625 0.0234375 0.541015625 0.021484375 0.54296875 0.021484375 0.541015625 0.021484375 0.5390625 0.01953125 0.54296875 0.015625 0.541015625 0.017578125 0.5390625 0.017578125
1 0.53125 0.001953125 0.53125 0.005859375 0.533203125 0.0078125 0.53125 0.009765625 0.533203125 0.01171875 0.533203125 0.013671875 0.533203125 0.01171875 0.53125 0.009765625 0.533203125 0.0078125 0.53515625 0.0078125 0.537109375 0.005859375 0.5390625 0.0078125 0.537109375 0.005859375 0.537109375 0.00390625 0.53515625 0.001953125
