0 0.96875 0.68359375 0.96875 0.6875 0.970703125 0.689453125 0.970703125 0.69140625 0.96875 0.693359375 0.970703125 0.693359375 0.970703125 0.689453125 0.97265625 0.6875 0.97265625 0.685546875 0.974609375 0.68359375 0.9765625 0.68359375
0 0.892578125 0.287109375 0.890625 0.2890625 0.892578125 0.291015625 0.892578125 0.29296875 0.89453125 0.29296875 0.896484375 0.294921875 0.8984375 0.29296875 0.900390625 0.294921875 0.896484375 0.291015625 0.8984375 0.2890625 0.900390625 0.2890625 0.8984375 0.2890625 0.896484375 0.287109375 0.89453125 0.2890625
0 0.439453125 0.203125 0.443359375 0.20703125 0.443359375 0.208984375 0.4453125 0.208984375 0.447265625 0.2109375 0.447265625 0.203125 0.4453125 0.203125 0.443359375 0.205078125 0.44140625 0.205078125
0 0.326171875 0.1015625 0.326171875 0.10546875 0.328125 0.107421875 0.330078125 0.107421875 0.33203125 0.10546875 0.330078125 0.103515625 0.330078125 0.1015625
0 0.474609375 0.080078125 0.474609375 0.08203125 0.47265625 0.083984375 0.470703125 0.083984375 0.47265625 0.0859375 0.474609375 0.0859375 0.478515625 0.08984375 0.482421875 0.0859375 0.48046875 0.087890625 0.4765625 0.083984375 0.4765625 0.08203125
0 0.59375 0.0625 0.58984375 0.06640625 0.587890625 0.06640625 0.58984375 0.06640625 0.591796875 0.068359375 0.591796875 0.072265625 0.59375 0.07421875 0.59765625 0.07421875 0.59765625 0.0703125 0.6015625 0.06640625 0.603515625 0.068359375 0.599609375 0.064453125 0.59765625 0.06640625
0 0.91015625 0.01953125 0.908203125 0.021484375 0.91015625 0.0234375 0.908203125 0.025390625 0.908203125 0.02734375 0.9140625 0.02734375 0.912109375 0.025390625 0.912109375 0.0234375 0.9140625 0.021484375 0.916015625 0.021484375 0.9140625 0.021484375 0.912109375 0.01953125
1 0.96875 0.68359375 0.96875 0.6875 0.970703125 0.689453125 0.970703125 0.69140625 0.96875 0.693359375 0.970703125 0.693359375 0.970703125 0.689453125 0.97265625 0.6875 0.97265625 0.685546875 0.974609375 0.68359375 0.9765625 0.68359375
1 0.892578125 0.287109375 0.890625 0.2890625 0.892578125 0.291015625 0.892578125 0.29296875 0.89453125 0.29296875 0.896484375 0.294921875 0.8984375 0.29296875 0.900390625 0.294921875 0.896484375 0.291015625 0.8984375 0.2890625 0.900390625 0.2890625 0.8984375 0.2890625 0.896484375 0.287109375 0.89453125 0.2890625
1 0.439453125 0.203125 0.443359375 0.20703125 0.443359375 0.208984375 0.4453125 0.208984375 0.447265625 0.2109375 0.447265625 0.203125 0.4453125 0.203125 0.443359375 0.205078125 0.44140625 0.205078125
1 0.326171875 0.1015625 0.326171875 0.10546875 0.328125 0.107421875 0.330078125 0.107421875 0.33203125 0.10546875 0.330078125 0.103515625 0.330078125 0.1015625
1 0.474609375 0.080078125 0.474609375 0.08203125 0.47265625 0.083984375 0.470703125 0.083984375 0.47265625 0.0859375 0.474609375 0.0859375 0.478515625 0.08984375 0.482421875 0.0859375 0.48046875 0.087890625 0.4765625 0.083984375 0.4765625 0.08203125
1 0.59375 0.0625 0.58984375 0.06640625 0.587890625 0.06640625 0.58984375 0.06640625 0.591796875 0.068359375 0.591796875 0.072265625 0.59375 0.07421875 0.59765625 0.07421875 0.59765625 0.0703125 0.6015625 0.06640625 0.603515625 0.068359375 0.599609375 0.064453125 0.59765625 0.06640625
1 0.91015625 0.01953125 0.908203125 0.021484375 0.91015625 0.0234375 0.908203125 0.025390625 0.908203125 0.02734375 0.9140625 0.02734375 0.912109375 0.025390625 0.912109375 0.0234375 0.9140625 0.021484375 0.916015625 0.021484375 0.9140625 0.021484375 0.912109375 0.01953125
