0 0.646484375 0.21875 0.64453125 0.220703125 0.64453125 0.22265625 0.642578125 0.224609375 0.64453125 0.22265625 0.646484375 0.22265625 0.6484375 0.224609375 0.646484375 0.2265625 0.6484375 0.224609375 0.650390625 0.2265625 0.65234375 0.224609375 0.650390625 0.22265625 0.650390625 0.220703125 0.65234375 0.21875
0 0.400390625 0.171875 0.400390625 0.173828125 0.3984375 0.17578125 0.400390625 0.177734375 0.40234375 0.17578125 0.404296875 0.17578125 0.404296875 0.171875
0 0.236328125 0.109375 0.234375 0.111328125 0.23046875 0.111328125 0.228515625 0.11328125 0.2265625 0.11328125 0.224609375 0.111328125 0.228515625 0.115234375 0.228515625 0.1171875 0.2265625 0.119140625 0.228515625 0.1171875 0.23046875 0.119140625 0.23046875 0.12109375 0.23046875 0.119140625 0.232421875 0.1171875 0.234375 0.119140625 0.236328125 0.1171875 0.23828125 0.119140625 0.244140625 0.11328125 0.240234375 0.109375 0.244140625 0.11328125 0.240234375 0.1171875 0.23828125 0.115234375 0.23828125 0.11328125 0.236328125 0.111328125
0 0.8203125 0.080078125 0.8203125 0.087890625 0.818359375 0.08984375 0.81640625 0.087890625 0.818359375 0.08984375 0.8203125 0.08984375 0.822265625 0.091796875 0.8203125 0.08984375 0.822265625 0.087890625 0.82421875 0.087890625 0.82421875 0.083984375 0.826171875 0.08203125 0.82421875 0.083984375 0.822265625 0.083984375 0.8203125 0.08203125 0.822265625 0.080078125
0 0.4765625 0.037109375 0.474609375 0.0390625 0.4765625 0.041015625 0.474609375 0.04296875 0.4765625 0.04296875 0.478515625 0.044921875 0.482421875 0.041015625 0.48046875 0.0390625 0.48046875 0.037109375 0.48046875 0.0390625 0.478515625 0.041015625 0.4765625 0.0390625
0 0.603515625 0.033203125 0.603515625 0.03515625 0.6015625 0.037109375 0.59765625 0.037109375 0.595703125 0.03515625 0.59375 0.037109375 0.595703125 0.0390625 0.595703125 0.04296875 0.59765625 0.044921875 0.599609375 0.04296875 0.603515625 0.04296875 0.603515625 0.0390625 0.6015625 0.037109375 0.603515625 0.03515625
1 0.646484375 0.21875 0.64453125 0.220703125 0.64453125 0.22265625 0.642578125 0.224609375 0.64453125 0.22265625 0.646484375 0.22265625 0.6484375 0.224609375 0.646484375 0.2265625 0.6484375 0.224609375 0.650390625 0.2265625 0.65234375 0.224609375 0.650390625 0.22265625 0.650390625 0.220703125 0.65234375 0.21875
1 0.400390625 0.171875 0.400390625 0.173828125 0.3984375 0.17578125 0.400390625 0.177734375 0.40234375 0.17578125 0.404296875 0.17578125 0.404296875 0.171875
1 0.236328125 0.109375 0.234375 0.111328125 0.23046875 0.111328125 0.228515625 0.11328125 0.2265625 0.11328125 0.224609375 0.111328125 0.228515625 0.115234375 0.228515625 0.1171875 0.2265625 0.119140625 0.228515625 0.1171875 0.23046875 0.119140625 0.23046875 0.12109375 0.23046875 0.119140625 0.232421875 0.1171875 0.234375 0.119140625 0.236328125 0.1171875 0.23828125 0.119140625 0.244140625 0.11328125 0.240234375 0.109375 0.244140625 0.11328125 0.240234375 0.1171875 0.23828125 0.115234375 0.23828125 0.11328125 0.236328125 0.111328125
1 0.8203125 0.080078125 0.8203125 0.087890625 0.818359375 0.08984375 0.81640625 0.087890625 0.818359375 0.08984375 0.8203125 0.08984375 0.822265625 0.091796875 0.8203125 0.08984375 0.822265625 0.087890625 0.82421875 0.087890625 0.82421875 0.083984375 0.826171875 0.08203125 0.82421875 0.083984375 0.822265625 0.083984375 0.8203125 0.08203125 0.822265625 0.080078125
1 0.4765625 0.037109375 0.474609375 0.0390625 0.4765625 0.041015625 0.474609375 0.04296875 0.4765625 0.04296875 0.478515625 0.044921875 0.482421875 0.041015625 0.48046875 0.0390625 0.48046875 0.037109375 0.48046875 0.0390625 0.478515625 0.041015625 0.4765625 0.0390625
1 0.603515625 0.033203125 0.603515625 0.03515625 0.6015625 0.037109375 0.59765625 0.037109375 0.595703125 0.03515625 0.59375 0.037109375 0.595703125 0.0390625 0.595703125 0.04296875 0.59765625 0.044921875 0.599609375 0.04296875 0.603515625 0.04296875 0.603515625 0.0390625 0.6015625 0.037109375 0.603515625 0.03515625
