0 0.009765625 0.806640625 0.0078125 0.80859375 0.0078125 0.810546875 0.009765625 0.8125 0.0078125 0.814453125 0.009765625 0.8125 0.013671875 0.81640625 0.01171875 0.818359375 0.009765625 0.818359375 0.01171875 0.818359375 0.013671875 0.8203125 0.013671875 0.822265625 0.01171875 0.82421875 0.013671875 0.826171875 0.015625 0.82421875 0.013671875 0.822265625 0.013671875 0.8203125 0.01171875 0.818359375 0.013671875 0.81640625 0.015625 0.81640625 0.017578125 0.814453125 0.021484375 0.814453125 0.017578125 0.814453125 0.015625 0.8125 0.017578125 0.810546875 0.015625 0.80859375 0.013671875 0.80859375 0.009765625 0.8125 0.0078125 0.810546875 0.0078125 0.80859375
0 0.26953125 0.455078125 0.267578125 0.45703125 0.26953125 0.458984375 0.26953125 0.4609375 0.271484375 0.4609375 0.2734375 0.462890625 0.271484375 0.46484375 0.2734375 0.46484375 0.275390625 0.466796875 0.2734375 0.46484375 0.275390625 0.462890625 0.2734375 0.4609375 0.275390625 0.458984375 0.27734375 0.458984375 0.279296875 0.45703125 0.27734375 0.455078125 0.279296875 0.45703125 0.27734375 0.458984375 0.2734375 0.458984375
0 0.22265625 0.267578125 0.224609375 0.26953125 0.224609375 0.2734375 0.22265625 0.275390625 0.2265625 0.279296875 0.228515625 0.27734375 0.23046875 0.279296875 0.232421875 0.27734375 0.23046875 0.275390625 0.23046875 0.271484375 0.2265625 0.271484375
0 0.76171875 0.15625 0.7578125 0.16015625 0.75390625 0.16015625 0.75390625 0.166015625 0.7578125 0.166015625 0.76171875 0.169921875 0.763671875 0.16796875 0.76171875 0.166015625 0.763671875 0.1640625 0.763671875 0.162109375 0.76171875 0.16015625 0.763671875 0.158203125
0 0.482421875 0.033203125 0.48046875 0.03515625 0.48046875 0.0390625 0.484375 0.0390625 0.484375 0.037109375 0.486328125 0.03515625 0.484375 0.03515625
1 0.009765625 0.806640625 0.0078125 0.80859375 0.0078125 0.810546875 0.009765625 0.8125 0.0078125 0.814453125 0.009765625 0.8125 0.013671875 0.81640625 0.01171875 0.818359375 0.009765625 0.818359375 0.01171875 0.818359375 0.013671875 0.8203125 0.013671875 0.822265625 0.01171875 0.82421875 0.013671875 0.826171875 0.015625 0.82421875 0.013671875 0.822265625 0.013671875 0.8203125 0.01171875 0.818359375 0.013671875 0.81640625 0.015625 0.81640625 0.017578125 0.814453125 0.021484375 0.814453125 0.017578125 0.814453125 0.015625 0.8125 0.017578125 0.810546875 0.015625 0.80859375 0.013671875 0.80859375 0.009765625 0.8125 0.0078125 0.810546875 0.0078125 0.80859375
1 0.26953125 0.455078125 0.267578125 0.45703125 0.26953125 0.458984375 0.26953125 0.4609375 0.271484375 0.4609375 0.2734375 0.462890625 0.271484375 0.46484375 0.2734375 0.46484375 0.275390625 0.466796875 0.2734375 0.46484375 0.275390625 0.462890625 0.2734375 0.4609375 0.275390625 0.458984375 0.27734375 0.458984375 0.279296875 0.45703125 0.27734375 0.455078125 0.279296875 0.45703125 0.27734375 0.458984375 0.2734375 0.458984375
1 0.22265625 0.267578125 0.224609375 0.26953125 0.224609375 0.2734375 0.22265625 0.275390625 0.2265625 0.279296875 0.228515625 0.27734375 0.23046875 0.279296875 0.232421875 0.27734375 0.23046875 0.275390625 0.23046875 0.271484375 0.2265625 0.271484375
1 0.76171875 0.15625 0.7578125 0.16015625 0.75390625 0.16015625 0.75390625 0.166015625 0.7578125 0.166015625 0.76171875 0.169921875 0.763671875 0.16796875 0.76171875 0.166015625 0.763671875 0.1640625 0.763671875 0.162109375 0.76171875 0.16015625 0.763671875 0.158203125
1 0.482421875 0.033203125 0.48046875 0.03515625 0.48046875 0.0390625 0.484375 0.0390625 0.484375 0.037109375 0.486328125 0.03515625 0.484375 0.03515625
