0 0.3984375 0.51171875 0.396484375 0.513671875 0.396484375 0.517578125 0.39453125 0.51953125 0.392578125 0.517578125 0.392578125 0.515625 0.392578125 0.517578125 0.39453125 0.51953125 0.392578125 0.521484375 0.396484375 0.525390625 0.396484375 0.52734375 0.396484375 0.525390625 0.392578125 0.521484375 0.396484375 0.517578125 0.400390625 0.521484375 0.400390625 0.51171875
0 0.615234375 0.400390625 0.6171875 0.40234375 0.6171875 0.40625 0.619140625 0.40625 0.623046875 0.41015625 0.62109375 0.408203125 0.62109375 0.40625 0.623046875 0.404296875 0.62109375 0.40234375 0.6171875 0.40234375
0 0.41796875 0.28125 0.416015625 0.283203125 0.41796875 0.28515625 0.421875 0.28515625 0.423828125 0.283203125 0.427734375 0.283203125 0.423828125 0.283203125 0.421875 0.28125
0 0.125 0.087890625 0.126953125 0.08984375 0.126953125 0.091796875 0.125 0.09375 0.125 0.095703125 0.130859375 0.095703125 0.130859375 0.091796875 0.12890625 0.091796875
0 0.001953125 0.04296875 0.001953125 0.044921875 0.0 0.046875 0.001953125 0.048828125 0.005859375 0.048828125 0.0078125 0.05078125 0.005859375 0.048828125 0.005859375 0.04296875 0.00390625 0.044921875
1 0.3984375 0.51171875 0.396484375 0.513671875 0.396484375 0.517578125 0.39453125 0.51953125 0.392578125 0.517578125 0.392578125 0.515625 0.392578125 0.517578125 0.39453125 0.51953125 0.392578125 0.521484375 0.396484375 0.525390625 0.396484375 0.52734375 0.396484375 0.525390625 0.392578125 0.521484375 0.396484375 0.517578125 0.400390625 0.521484375 0.400390625 0.51171875
1 0.615234375 0.400390625 0.6171875 0.40234375 0.6171875 0.40625 0.619140625 0.40625 0.623046875 0.41015625 0.62109375 0.408203125 0.62109375 0.40625 0.623046875 0.404296875 0.62109375 0.40234375 0.6171875 0.40234375
1 0.41796875 0.28125 0.416015625 0.283203125 0.41796875 0.28515625 0.421875 0.28515625 0.423828125 0.283203125 0.427734375 0.283203125 0.423828125 0.283203125 0.421875 0.28125
1 0.125 0.087890625 0.126953125 0.08984375 0.126953125 0.091796875 0.125 0.09375 0.125 0.095703125 0.130859375 0.095703125 0.130859375 0.091796875 0.12890625 0.091796875
1 0.001953125 0.04296875 0.001953125 0.044921875 0.0 0.046875 0.001953125 0.048828125 0.005859375 0.048828125 0.0078125 0.05078125 0.005859375 0.048828125 0.005859375 0.04296875 0.00390625 0.044921875
