0 0.068359375 0.28515625 0.06640625 0.287109375 0.068359375 0.2890625 0.06640625 0.291015625 0.068359375 0.291015625 0.0703125 0.2890625 0.072265625 0.2890625 0.072265625 0.287109375 0.07421875 0.28515625
0 0.203125 0.28125 0.20703125 0.28515625 0.20703125 0.287109375 0.2109375 0.287109375 0.21484375 0.291015625 0.212890625 0.29296875 0.2109375 0.29296875 0.208984375 0.291015625 0.20703125 0.29296875 0.205078125 0.291015625 0.205078125 0.29296875 0.20703125 0.29296875 0.208984375 0.291015625 0.2109375 0.29296875 0.212890625 0.29296875 0.21484375 0.291015625 0.21484375 0.2890625 0.216796875 0.287109375 0.212890625 0.283203125 0.205078125 0.283203125
0 0.630859375 0.236328125 0.630859375 0.23828125 0.62890625 0.240234375 0.626953125 0.240234375 0.62890625 0.2421875 0.630859375 0.2421875 0.634765625 0.24609375 0.638671875 0.2421875 0.63671875 0.244140625 0.6328125 0.240234375 0.6328125 0.23828125
0 0.54296875 0.0859375 0.544921875 0.087890625 0.54296875 0.08984375 0.541015625 0.08984375 0.5390625 0.087890625 0.533203125 0.087890625 0.533203125 0.091796875 0.53515625 0.09375 0.53515625 0.095703125 0.537109375 0.095703125 0.5390625 0.09375 0.5390625 0.091796875 0.541015625 0.08984375 0.54296875 0.08984375 0.544921875 0.091796875 0.54296875 0.08984375 0.544921875 0.087890625
0 0.095703125 0.0 0.09765625 0.001953125 0.09765625 0.00390625 0.099609375 0.005859375 0.09765625 0.0078125 0.099609375 0.005859375 0.1015625 0.0078125 0.1015625 0.009765625 0.103515625 0.009765625 0.107421875 0.005859375 0.10546875 0.00390625 0.10546875 0.0
1 0.068359375 0.28515625 0.06640625 0.287109375 0.068359375 0.2890625 0.06640625 0.291015625 0.068359375 0.291015625 0.0703125 0.2890625 0.072265625 0.2890625 0.072265625 0.287109375 0.07421875 0.28515625
1 0.203125 0.28125 0.20703125 0.28515625 0.20703125 0.287109375 0.2109375 0.287109375 0.21484375 0.291015625 0.212890625 0.29296875 0.2109375 0.29296875 0.208984375 0.291015625 0.20703125 0.29296875 0.205078125 0.291015625 0.205078125 0.29296875 0.20703125 0.29296875 0.208984375 0.291015625 0.2109375 0.29296875 0.212890625 0.29296875 0.21484375 0.291015625 0.21484375 0.2890625 0.216796875 0.287109375 0.212890625 0.283203125 0.205078125 0.283203125
1 0.630859375 0.236328125 0.630859375 0.23828125 0.62890625 0.240234375 0.626953125 0.240234375 0.62890625 0.2421875 0.630859375 0.2421875 0.634765625 0.24609375 0.638671875 0.2421875 0.63671875 0.244140625 0.6328125 0.240234375 0.6328125 0.23828125
1 0.54296875 0.0859375 0.544921875 0.087890625 0.54296875 0.08984375 0.541015625 0.08984375 0.5390625 0.087890625 0.533203125 0.087890625 0.533203125 0.091796875 0.53515625 0.09375 0.53515625 0.095703125 0.537109375 0.095703125 0.5390625 0.09375 0.5390625 0.091796875 0.541015625 0.08984375 0.54296875 0.08984375 0.544921875 0.091796875 0.54296875 0.08984375 0.544921875 0.087890625
1 0.095703125 0.0 0.09765625 0.001953125 0.09765625 0.00390625 0.099609375 0.005859375 0.09765625 0.0078125 0.099609375 0.005859375 0.1015625 0.0078125 0.1015625 0.009765625 0.103515625 0.009765625 0.107421875 0.005859375 0.10546875 0.00390625 0.10546875 0.0
