0 0.7109375 0.39453125 0.708984375 0.396484375 0.70703125 0.396484375 0.70703125 0.3984375 0.705078125 0.400390625 0.70703125 0.400390625 0.708984375 0.40234375 0.70703125 0.404296875 0.708984375 0.40234375 0.712890625 0.40234375 0.712890625 0.396484375
0 0.376953125 0.392578125 0.37890625 0.39453125 0.37890625 0.396484375 0.380859375 0.3984375 0.380859375 0.400390625 0.37890625 0.40234375 0.380859375 0.400390625 0.3828125 0.400390625 0.384765625 0.40234375 0.3828125 0.400390625 0.3828125 0.3984375 0.384765625 0.396484375 0.384765625 0.39453125 0.38671875 0.392578125 0.384765625 0.39453125 0.3828125 0.392578125 0.380859375 0.392578125 0.37890625 0.39453125
0 0.560546875 0.3828125 0.5625 0.384765625 0.55859375 0.388671875 0.560546875 0.390625 0.560546875 0.39453125 0.556640625 0.3984375 0.556640625 0.400390625 0.556640625 0.3984375 0.55859375 0.396484375 0.5625 0.400390625 0.560546875 0.40234375 0.564453125 0.3984375 0.56640625 0.400390625 0.56640625 0.40234375 0.5703125 0.3984375 0.572265625 0.3984375 0.57421875 0.400390625 0.576171875 0.3984375 0.576171875 0.396484375 0.57421875 0.39453125 0.572265625 0.39453125 0.5703125 0.392578125 0.5703125 0.390625 0.56640625 0.38671875 0.56640625 0.384765625 0.564453125 0.38671875
0 0.46484375 0.376953125 0.46484375 0.38671875 0.46875 0.3828125 0.470703125 0.3828125 0.470703125 0.380859375 0.46875 0.380859375
0 0.84765625 0.361328125 0.845703125 0.36328125 0.83984375 0.36328125 0.841796875 0.365234375 0.841796875 0.3671875 0.84375 0.369140625 0.845703125 0.369140625 0.84765625 0.37109375
0 0.029296875 0.314453125 0.03125 0.31640625 0.02734375 0.3203125 0.025390625 0.318359375 0.025390625 0.31640625 0.025390625 0.318359375 0.029296875 0.322265625 0.029296875 0.326171875 0.033203125 0.330078125 0.03125 0.33203125 0.037109375 0.33203125 0.0390625 0.330078125 0.041015625 0.330078125 0.04296875 0.33203125 0.04296875 0.333984375 0.04296875 0.326171875 0.044921875 0.32421875 0.044921875 0.3203125 0.04296875 0.318359375 0.044921875 0.31640625 0.03515625 0.31640625 0.033203125 0.314453125 0.03125 0.31640625
0 0.384765625 0.2890625 0.3828125 0.291015625 0.3828125 0.298828125 0.380859375 0.30078125 0.376953125 0.30078125 0.380859375 0.30078125 0.384765625 0.296875 0.388671875 0.296875 0.388671875 0.291015625 0.38671875 0.291015625
0 0.328125 0.283203125 0.326171875 0.28515625 0.32421875 0.28515625 0.326171875 0.287109375 0.326171875 0.2890625 0.328125 0.291015625 0.328125 0.29296875 0.33203125 0.2890625 0.333984375 0.291015625 0.333984375 0.29296875 0.333984375 0.291015625 0.33203125 0.2890625 0.33203125 0.28515625 0.330078125 0.28515625
0 0.869140625 0.28125 0.8671875 0.283203125 0.869140625 0.28515625 0.86328125 0.291015625 0.865234375 0.2890625 0.8671875 0.291015625 0.8671875 0.29296875 0.865234375 0.294921875 0.8671875 0.29296875 0.869140625 0.294921875 0.87109375 0.29296875 0.873046875 0.29296875 0.875 0.291015625 0.87890625 0.294921875 0.876953125 0.29296875 0.87890625 0.291015625 0.876953125 0.2890625 0.876953125 0.283203125 0.875 0.28125
0 0.36328125 0.28125 0.361328125 0.283203125 0.359375 0.283203125 0.361328125 0.283203125 0.36328125 0.28125 0.365234375 0.283203125 0.365234375 0.28515625 0.36328125 0.287109375 0.369140625 0.29296875 0.375 0.287109375 0.373046875 0.28515625 0.373046875 0.283203125 0.37109375 0.283203125 0.369140625 0.28125 0.3671875 0.283203125 0.365234375 0.283203125
0 0.9609375 0.20703125 0.958984375 0.208984375 0.95703125 0.208984375 0.95703125 0.212890625 0.955078125 0.21484375 0.95703125 0.216796875 0.96484375 0.216796875 0.966796875 0.21484375 0.966796875 0.2109375 0.96484375 0.208984375 0.962890625 0.208984375
0 0.8203125 0.20703125 0.8203125 0.208984375 0.818359375 0.2109375 0.81640625 0.2109375 0.814453125 0.208984375 0.814453125 0.2109375 0.8125 0.212890625 0.8125 0.21875 0.81640625 0.21875 0.8203125 0.22265625 0.82421875 0.22265625 0.8203125 0.22265625 0.818359375 0.220703125 0.818359375 0.21875 0.8203125 0.216796875 0.822265625 0.216796875 0.8203125 0.21484375 0.8203125 0.212890625 0.818359375 0.2109375 0.8203125 0.208984375
0 0.6640625 0.203125 0.6640625 0.205078125 0.662109375 0.20703125 0.66015625 0.205078125 0.6640625 0.208984375 0.6640625 0.212890625 0.66015625 0.216796875 0.658203125 0.21484375 0.66015625 0.216796875 0.6640625 0.212890625 0.666015625 0.21484375 0.669921875 0.21484375 0.671875 0.212890625 0.673828125 0.212890625 0.671875 0.2109375 0.671875 0.208984375 0.669921875 0.20703125 0.666015625 0.20703125 0.6640625 0.205078125 0.666015625 0.203125
0 0.771484375 0.1796875 0.771484375 0.181640625 0.76953125 0.18359375 0.767578125 0.18359375 0.765625 0.181640625 0.767578125 0.18359375 0.767578125 0.185546875 0.765625 0.1875 0.767578125 0.189453125 0.765625 0.19140625 0.767578125 0.19140625 0.771484375 0.1953125 0.775390625 0.1953125 0.779296875 0.19140625 0.779296875 0.189453125 0.77734375 0.1875 0.77734375 0.18359375 0.779296875 0.181640625 0.77734375 0.18359375 0.775390625 0.18359375 0.7734375 0.181640625 0.7734375 0.1796875
0 0.517578125 0.171875 0.513671875 0.17578125 0.515625 0.177734375 0.513671875 0.1796875 0.51171875 0.1796875 0.51171875 0.181640625 0.509765625 0.18359375 0.51171875 0.185546875 0.515625 0.185546875 0.517578125 0.18359375 0.51953125 0.185546875 0.517578125 0.18359375 0.517578125 0.181640625 0.515625 0.1796875 0.515625 0.177734375 0.513671875 0.17578125
0 0.869140625 0.15625 0.8671875 0.158203125 0.8671875 0.16015625 0.869140625 0.162109375 0.869140625 0.1640625 0.87109375 0.166015625 0.87109375 0.16796875 0.869140625 0.169921875 0.869140625 0.171875 0.8671875 0.173828125 0.869140625 0.171875 0.873046875 0.17578125 0.87109375 0.177734375 0.869140625 0.177734375 0.87109375 0.177734375 0.873046875 0.1796875 0.873046875 0.181640625 0.87109375 0.18359375 0.873046875 0.185546875 0.875 0.18359375 0.873046875 0.181640625 0.873046875 0.1796875 0.87109375 0.177734375 0.873046875 0.17578125 0.876953125 0.17578125 0.87890625 0.177734375 0.880859375 0.17578125 0.8828125 0.17578125 0.884765625 0.177734375 0.8828125 0.1796875 0.884765625 0.1796875 0.88671875 0.177734375 0.88671875 0.17578125 0.888671875 0.173828125 0.890625 0.17578125 0.892578125 0.173828125 0.896484375 0.173828125 0.892578125 0.173828125 0.890625 0.171875 0.890625 0.166015625 0.89453125 0.162109375 0.89453125 0.16015625 0.89453125 0.162109375 0.892578125 0.1640625 0.890625 0.162109375 0.888671875 0.162109375 0.88671875 0.16015625 0.88671875 0.158203125 0.8828125 0.158203125 0.880859375 0.15625 0.87890625 0.158203125 0.873046875 0.158203125 0.87109375 0.15625
0 0.64453125 0.10546875 0.640625 0.109375 0.640625 0.111328125 0.642578125 0.11328125 0.64453125 0.11328125 0.646484375 0.115234375 0.646484375 0.1171875 0.6484375 0.115234375 0.650390625 0.1171875 0.6484375 0.115234375 0.650390625 0.11328125 0.6484375 0.111328125 0.6484375 0.109375 0.646484375 0.107421875 0.6484375 0.10546875 0.650390625 0.10546875 0.6484375 0.10546875 0.646484375 0.107421875
0 0.478515625 0.103515625 0.478515625 0.10546875 0.47265625 0.111328125 0.470703125 0.111328125 0.46875 0.11328125 0.470703125 0.115234375 0.47265625 0.115234375 0.470703125 0.115234375 0.46875 0.11328125 0.470703125 0.111328125 0.474609375 0.111328125 0.4765625 0.11328125 0.48046875 0.11328125 0.482421875 0.111328125 0.482421875 0.107421875 0.48046875 0.10546875 0.482421875 0.103515625 0.48046875 0.10546875
0 0.17578125 0.056640625 0.173828125 0.05859375 0.173828125 0.0625 0.171875 0.064453125 0.173828125 0.064453125 0.17578125 0.06640625 0.173828125 0.068359375 0.171875 0.068359375 0.17578125 0.068359375 0.177734375 0.06640625 0.1796875 0.068359375 0.181640625 0.06640625 0.18359375 0.06640625 0.185546875 0.064453125 0.18359375 0.0625 0.18359375 0.060546875 0.185546875 0.05859375 0.18359375 0.060546875 0.1796875 0.056640625
0 0.923828125 0.046875 0.92578125 0.048828125 0.923828125 0.05078125 0.921875 0.05078125 0.921875 0.0546875 0.923828125 0.056640625 0.923828125 0.05859375 0.927734375 0.05859375 0.9296875 0.056640625 0.931640625 0.05859375 0.9296875 0.056640625 0.93359375 0.052734375 0.931640625 0.0546875 0.927734375 0.05078125 0.927734375 0.046875 0.92578125 0.048828125
0 0.798828125 0.046875 0.796875 0.048828125 0.794921875 0.048828125 0.794921875 0.05078125 0.79296875 0.052734375 0.7890625 0.048828125 0.787109375 0.048828125 0.7890625 0.048828125 0.794921875 0.0546875 0.79296875 0.056640625 0.796875 0.060546875 0.8046875 0.060546875 0.80859375 0.056640625 0.810546875 0.05859375 0.80859375 0.056640625 0.80859375 0.052734375 0.810546875 0.05078125 0.80859375 0.052734375 0.806640625 0.05078125 0.806640625 0.046875 0.8046875 0.048828125 0.802734375 0.046875
0 0.46875 0.033203125 0.470703125 0.03515625 0.466796875 0.0390625 0.4609375 0.0390625 0.46484375 0.0390625 0.466796875 0.041015625 0.46484375 0.04296875 0.466796875 0.04296875 0.46875 0.044921875 0.474609375 0.044921875 0.474609375 0.0390625
0 0.37890625 0.01171875 0.37890625 0.013671875 0.376953125 0.015625 0.375 0.015625 0.376953125 0.017578125 0.380859375 0.017578125 0.3828125 0.01953125 0.380859375 0.017578125 0.380859375 0.015625 0.3828125 0.013671875 0.38671875 0.017578125 0.380859375 0.01171875
0 0.458984375 0.00390625 0.455078125 0.0078125 0.453125 0.005859375 0.455078125 0.0078125 0.455078125 0.01171875 0.45703125 0.013671875 0.4609375 0.013671875 0.46484375 0.009765625 0.462890625 0.009765625 0.458984375 0.005859375
0 0.8046875 0.001953125 0.802734375 0.00390625 0.8046875 0.005859375 0.8046875 0.0078125 0.802734375 0.009765625 0.8046875 0.01171875 0.806640625 0.009765625 0.80859375 0.009765625 0.80859375 0.00390625 0.806640625 0.00390625
1 0.7109375 0.39453125 0.708984375 0.396484375 0.70703125 0.396484375 0.70703125 0.3984375 0.705078125 0.400390625 0.70703125 0.400390625 0.708984375 0.40234375 0.70703125 0.404296875 0.708984375 0.40234375 0.712890625 0.40234375 0.712890625 0.396484375
1 0.376953125 0.392578125 0.37890625 0.39453125 0.37890625 0.396484375 0.380859375 0.3984375 0.380859375 0.400390625 0.37890625 0.40234375 0.380859375 0.400390625 0.3828125 0.400390625 0.384765625 0.40234375 0.3828125 0.400390625 0.3828125 0.3984375 0.384765625 0.396484375 0.384765625 0.39453125 0.38671875 0.392578125 0.384765625 0.39453125 0.3828125 0.392578125 0.380859375 0.392578125 0.37890625 0.39453125
1 0.560546875 0.3828125 0.5625 0.384765625 0.55859375 0.388671875 0.560546875 0.390625 0.560546875 0.39453125 0.556640625 0.3984375 0.556640625 0.400390625 0.556640625 0.3984375 0.55859375 0.396484375 0.5625 0.400390625 0.560546875 0.40234375 0.564453125 0.3984375 0.56640625 0.400390625 0.56640625 0.40234375 0.5703125 0.3984375 0.572265625 0.3984375 0.57421875 0.400390625 0.576171875 0.3984375 0.576171875 0.396484375 0.57421875 0.39453125 0.572265625 0.39453125 0.5703125 0.392578125 0.5703125 0.390625 0.56640625 0.38671875 0.56640625 0.384765625 0.564453125 0.38671875
1 0.46484375 0.376953125 0.46484375 0.38671875 0.46875 0.3828125 0.470703125 0.3828125 0.470703125 0.380859375 0.46875 0.380859375
1 0.84765625 0.361328125 0.845703125 0.36328125 0.83984375 0.36328125 0.841796875 0.365234375 0.841796875 0.3671875 0.84375 0.369140625 0.845703125 0.369140625 0.84765625 0.37109375
1 0.029296875 0.314453125 0.03125 0.31640625 0.02734375 0.3203125 0.025390625 0.318359375 0.025390625 0.31640625 0.025390625 0.318359375 0.029296875 0.322265625 0.029296875 0.326171875 0.033203125 0.330078125 0.03125 0.33203125 0.037109375 0.33203125 0.0390625 0.330078125 0.041015625 0.330078125 0.04296875 0.33203125 0.04296875 0.333984375 0.04296875 0.326171875 0.044921875 0.32421875 0.044921875 0.3203125 0.04296875 0.318359375 0.044921875 0.31640625 0.03515625 0.31640625 0.033203125 0.314453125 0.03125 0.31640625
1 0.384765625 0.2890625 0.3828125 0.291015625 0.3828125 0.298828125 0.380859375 0.30078125 0.376953125 0.30078125 0.380859375 0.30078125 0.384765625 0.296875 0.388671875 0.296875 0.388671875 0.291015625 0.38671875 0.291015625
1 0.328125 0.283203125 0.326171875 0.28515625 0.32421875 0.28515625 0.326171875 0.287109375 0.326171875 0.2890625 0.328125 0.291015625 0.328125 0.29296875 0.33203125 0.2890625 0.333984375 0.291015625 0.333984375 0.29296875 0.333984375 0.291015625 0.33203125 0.2890625 0.33203125 0.28515625 0.330078125 0.28515625
1 0.869140625 0.28125 0.8671875 0.283203125 0.869140625 0.28515625 0.86328125 0.291015625 0.865234375 0.2890625 0.8671875 0.291015625 0.8671875 0.29296875 0.865234375 0.294921875 0.8671875 0.29296875 0.869140625 0.294921875 0.87109375 0.29296875 0.873046875 0.29296875 0.875 0.291015625 0.87890625 0.294921875 0.876953125 0.29296875 0.87890625 0.291015625 0.876953125 0.2890625 0.876953125 0.283203125 0.875 0.28125
1 0.36328125 0.28125 0.361328125 0.283203125 0.359375 0.283203125 0.361328125 0.283203125 0.36328125 0.28125 0.365234375 0.283203125 0.365234375 0.28515625 0.36328125 0.287109375 0.369140625 0.29296875 0.375 0.287109375 0.373046875 0.28515625 0.373046875 0.283203125 0.37109375 0.283203125 0.369140625 0.28125 0.3671875 0.283203125 0.365234375 0.283203125
1 0.9609375 0.20703125 0.958984375 0.208984375 0.95703125 0.208984375 0.95703125 0.212890625 0.955078125 0.21484375 0.95703125 0.216796875 0.96484375 0.216796875 0.966796875 0.21484375 0.966796875 0.2109375 0.96484375 0.208984375 0.962890625 0.208984375
1 0.8203125 0.20703125 0.8203125 0.208984375 0.818359375 0.2109375 0.81640625 0.2109375 0.814453125 0.208984375 0.814453125 0.2109375 0.8125 0.212890625 0.8125 0.21875 0.81640625 0.21875 0.8203125 0.22265625 0.82421875 0.22265625 0.8203125 0.22265625 0.818359375 0.220703125 0.818359375 0.21875 0.8203125 0.216796875 0.822265625 0.216796875 0.8203125 0.21484375 0.8203125 0.212890625 0.818359375 0.2109375 0.8203125 0.208984375
1 0.6640625 0.203125 0.6640625 0.205078125 0.662109375 0.20703125 0.66015625 0.205078125 0.6640625 0.208984375 0.6640625 0.212890625 0.66015625 0.216796875 0.658203125 0.21484375 0.66015625 0.216796875 0.6640625 0.212890625 0.666015625 0.21484375 0.669921875 0.21484375 0.671875 0.212890625 0.673828125 0.212890625 0.671875 0.2109375 0.671875 0.208984375 0.669921875 0.20703125 0.666015625 0.20703125 0.6640625 0.205078125 0.666015625 0.203125
1 0.771484375 0.1796875 0.771484375 0.181640625 0.76953125 0.18359375 0.767578125 0.18359375 0.765625 0.181640625 0.767578125 0.18359375 0.767578125 0.185546875 0.765625 0.1875 0.767578125 0.189453125 0.765625 0.19140625 0.767578125 0.19140625 0.771484375 0.1953125 0.775390625 0.1953125 0.779296875 0.19140625 0.779296875 0.189453125 0.77734375 0.1875 0.77734375 0.18359375 0.779296875 0.181640625 0.77734375 0.18359375 0.775390625 0.18359375 0.7734375 0.181640625 0.7734375 0.1796875
1 0.517578125 0.171875 0.513671875 0.17578125 0.515625 0.177734375 0.513671875 0.1796875 0.51171875 0.1796875 0.51171875 0.181640625 0.509765625 0.18359375 0.51171875 0.185546875 0.515625 0.185546875 0.517578125 0.18359375 0.51953125 0.185546875 0.517578125 0.18359375 0.517578125 0.181640625 0.515625 0.1796875 0.515625 0.177734375 0.513671875 0.17578125
1 0.869140625 0.15625 0.8671875 0.158203125 0.8671875 0.16015625 0.869140625 0.162109375 0.869140625 0.1640625 0.87109375 0.166015625 0.87109375 0.16796875 0.869140625 0.169921875 0.869140625 0.171875 0.8671875 0.173828125 0.869140625 0.171875 0.873046875 0.17578125 0.87109375 0.177734375 0.869140625 0.177734375 0.87109375 0.177734375 0.873046875 0.1796875 0.873046875 0.181640625 0.87109375 0.18359375 0.873046875 0.185546875 0.875 0.18359375 0.873046875 0.181640625 0.873046875 0.1796875 0.87109375 0.177734375 0.873046875 0.17578125 0.876953125 0.17578125 0.87890625 0.177734375 0.880859375 0.17578125 0.8828125 0.17578125 0.884765625 0.177734375 0.8828125 0.1796875 0.884765625 0.1796875 0.88671875 0.177734375 0.88671875 0.17578125 0.888671875 0.173828125 0.890625 0.17578125 0.892578125 0.173828125 0.896484375 0.173828125 0.892578125 0.173828125 0.890625 0.171875 0.890625 0.166015625 0.89453125 0.162109375 0.89453125 0.16015625 0.89453125 0.162109375 0.892578125 0.1640625 0.890625 0.162109375 0.888671875 0.162109375 0.88671875 0.16015625 0.88671875 0.158203125 0.8828125 0.158203125 0.880859375 0.15625 0.87890625 0.158203125 0.873046875 0.158203125 0.87109375 0.15625
1 0.64453125 0.10546875 0.640625 0.109375 0.640625 0.111328125 0.642578125 0.11328125 0.64453125 0.11328125 0.646484375 0.115234375 0.646484375 0.1171875 0.6484375 0.115234375 0.650390625 0.1171875 0.6484375 0.115234375 0.650390625 0.11328125 0.6484375 0.111328125 0.6484375 0.109375 0.646484375 0.107421875 0.6484375 0.10546875 0.650390625 0.10546875 0.6484375 0.10546875 0.646484375 0.107421875
1 0.478515625 0.103515625 0.478515625 0.10546875 0.47265625 0.111328125 0.470703125 0.111328125 0.46875 0.11328125 0.470703125 0.115234375 0.47265625 0.115234375 0.470703125 0.115234375 0.46875 0.11328125 0.470703125 0.111328125 0.474609375 0.111328125 0.4765625 0.11328125 0.48046875 0.11328125 0.482421875 0.111328125 0.482421875 0.107421875 0.48046875 0.10546875 0.482421875 0.103515625 0.48046875 0.10546875
1 0.17578125 0.056640625 0.173828125 0.05859375 0.173828125 0.0625 0.171875 0.064453125 0.173828125 0.064453125 0.17578125 0.06640625 0.173828125 0.068359375 0.171875 0.068359375 0.17578125 0.068359375 0.177734375 0.06640625 0.1796875 0.068359375 0.181640625 0.06640625 0.18359375 0.06640625 0.185546875 0.064453125 0.18359375 0.0625 0.18359375 0.060546875 0.185546875 0.05859375 0.18359375 0.060546875 0.1796875 0.056640625
1 0.923828125 0.046875 0.92578125 0.048828125 0.923828125 0.05078125 0.921875 0.05078125 0.921875 0.0546875 0.923828125 0.056640625 0.923828125 0.05859375 0.927734375 0.05859375 0.9296875 0.056640625 0.931640625 0.05859375 0.9296875 0.056640625 0.93359375 0.052734375 0.931640625 0.0546875 0.927734375 0.05078125 0.927734375 0.046875 0.92578125 0.048828125
1 0.798828125 0.046875 0.796875 0.048828125 0.794921875 0.048828125 0.794921875 0.05078125 0.79296875 0.052734375 0.7890625 0.048828125 0.787109375 0.048828125 0.7890625 0.048828125 0.794921875 0.0546875 0.79296875 0.056640625 0.796875 0.060546875 0.8046875 0.060546875 0.80859375 0.056640625 0.810546875 0.05859375 0.80859375 0.056640625 0.80859375 0.052734375 0.810546875 0.05078125 0.80859375 0.052734375 0.806640625 0.05078125 0.806640625 0.046875 0.8046875 0.048828125 0.802734375 0.046875
1 0.46875 0.033203125 0.470703125 0.03515625 0.466796875 0.0390625 0.4609375 0.0390625 0.46484375 0.0390625 0.466796875 0.041015625 0.46484375 0.04296875 0.466796875 0.04296875 0.46875 0.044921875 0.474609375 0.044921875 0.474609375 0.0390625
1 0.37890625 0.01171875 0.37890625 0.013671875 0.376953125 0.015625 0.375 0.015625 0.376953125 0.017578125 0.380859375 0.017578125 0.3828125 0.01953125 0.380859375 0.017578125 0.380859375 0.015625 0.3828125 0.013671875 0.38671875 0.017578125 0.380859375 0.01171875
1 0.458984375 0.00390625 0.455078125 0.0078125 0.453125 0.005859375 0.455078125 0.0078125 0.455078125 0.01171875 0.45703125 0.013671875 0.4609375 0.013671875 0.46484375 0.009765625 0.462890625 0.009765625 0.458984375 0.005859375
1 0.8046875 0.001953125 0.802734375 0.00390625 0.8046875 0.005859375 0.8046875 0.0078125 0.802734375 0.009765625 0.8046875 0.01171875 0.806640625 0.009765625 0.80859375 0.009765625 0.80859375 0.00390625 0.806640625 0.00390625
