0 0.240234375 0.578125 0.23828125 0.580078125 0.2421875 0.583984375 0.2421875 0.5859375 0.2421875 0.583984375 0.244140625 0.58203125 0.24609375 0.583984375 0.244140625 0.58203125 0.244140625 0.578125
0 0.080078125 0.548828125 0.08203125 0.55078125 0.080078125 0.552734375 0.080078125 0.5546875 0.08203125 0.556640625 0.080078125 0.55859375 0.08203125 0.556640625 0.083984375 0.556640625 0.0859375 0.5546875 0.0859375 0.552734375 0.083984375 0.55078125 0.08203125 0.55078125
0 0.134765625 0.033203125 0.134765625 0.04296875 0.13671875 0.041015625 0.138671875 0.041015625 0.140625 0.0390625 0.140625 0.037109375 0.142578125 0.03515625 0.13671875 0.03515625
0 0.66796875 0.017578125 0.666015625 0.01953125 0.6640625 0.01953125 0.666015625 0.01953125 0.66796875 0.021484375 0.66796875 0.0234375 0.662109375 0.029296875 0.666015625 0.025390625 0.669921875 0.025390625 0.671875 0.02734375 0.673828125 0.025390625 0.673828125 0.021484375 0.66796875 0.021484375 0.666015625 0.01953125
0 0.29296875 0.0 0.291015625 0.001953125 0.29296875 0.00390625 0.294921875 0.00390625 0.296875 0.005859375 0.296875 0.0
1 0.240234375 0.578125 0.23828125 0.580078125 0.2421875 0.583984375 0.2421875 0.5859375 0.2421875 0.583984375 0.244140625 0.58203125 0.24609375 0.583984375 0.244140625 0.58203125 0.244140625 0.578125
1 0.080078125 0.548828125 0.08203125 0.55078125 0.080078125 0.552734375 0.080078125 0.5546875 0.08203125 0.556640625 0.080078125 0.55859375 0.08203125 0.556640625 0.083984375 0.556640625 0.0859375 0.5546875 0.0859375 0.552734375 0.083984375 0.55078125 0.08203125 0.55078125
1 0.134765625 0.033203125 0.134765625 0.04296875 0.13671875 0.041015625 0.138671875 0.041015625 0.140625 0.0390625 0.140625 0.037109375 0.142578125 0.03515625 0.13671875 0.03515625
1 0.66796875 0.017578125 0.666015625 0.01953125 0.6640625 0.01953125 0.666015625 0.01953125 0.66796875 0.021484375 0.66796875 0.0234375 0.662109375 0.029296875 0.666015625 0.025390625 0.669921875 0.025390625 0.671875 0.02734375 0.673828125 0.025390625 0.673828125 0.021484375 0.66796875 0.021484375 0.666015625 0.01953125
1 0.29296875 0.0 0.291015625 0.001953125 0.29296875 0.00390625 0.294921875 0.00390625 0.296875 0.005859375 0.296875 0.0
