0 0.615234375 0.453125 0.6171875 0.455078125 0.61328125 0.458984375 0.611328125 0.45703125 0.611328125 0.455078125 0.609375 0.455078125 0.611328125 0.45703125 0.609375 0.458984375 0.611328125 0.45703125 0.61328125 0.458984375 0.61328125 0.4609375 0.61328125 0.458984375 0.615234375 0.45703125 0.6171875 0.458984375 0.6171875 0.462890625 0.62109375 0.458984375 0.623046875 0.4609375
0 0.087890625 0.359375 0.0859375 0.361328125 0.083984375 0.361328125 0.0859375 0.36328125 0.083984375 0.365234375 0.08203125 0.365234375 0.08203125 0.3671875 0.080078125 0.369140625 0.08203125 0.37109375 0.0859375 0.3671875 0.08984375 0.3671875 0.091796875 0.369140625 0.08984375 0.37109375 0.091796875 0.369140625 0.08984375 0.3671875 0.087890625 0.3671875 0.0859375 0.365234375 0.087890625 0.36328125 0.0859375 0.361328125
0 0.943359375 0.265625 0.94140625 0.267578125 0.943359375 0.26953125 0.943359375 0.271484375 0.9375 0.27734375 0.939453125 0.275390625 0.94140625 0.275390625 0.943359375 0.27734375 0.9453125 0.27734375 0.947265625 0.275390625 0.94921875 0.275390625 0.951171875 0.27734375 0.94921875 0.279296875 0.951171875 0.27734375 0.94921875 0.275390625 0.947265625 0.275390625 0.943359375 0.271484375 0.943359375 0.26953125 0.94140625 0.267578125
0 0.9921875 0.2265625 0.98828125 0.23046875 0.984375 0.23046875 0.98828125 0.234375 0.98828125 0.236328125 0.990234375 0.236328125 0.9921875 0.234375 0.990234375 0.232421875 0.990234375 0.228515625
0 0.126953125 0.205078125 0.126953125 0.20703125 0.125 0.208984375 0.125 0.2109375 0.12890625 0.21484375 0.130859375 0.21484375 0.12890625 0.212890625 0.134765625 0.20703125 0.13671875 0.208984375 0.134765625 0.20703125 0.1328125 0.208984375 0.12890625 0.208984375 0.126953125 0.20703125
0 0.658203125 0.1875 0.658203125 0.189453125 0.65625 0.19140625 0.658203125 0.193359375 0.65625 0.1953125 0.65625 0.19921875 0.66015625 0.19921875 0.662109375 0.197265625 0.662109375 0.1953125 0.6640625 0.193359375 0.662109375 0.1953125 0.66015625 0.193359375 0.658203125 0.193359375 0.65625 0.19140625 0.658203125 0.189453125
0 0.166015625 0.1328125 0.1640625 0.134765625 0.166015625 0.13671875 0.166015625 0.138671875 0.169921875 0.138671875 0.169921875 0.134765625 0.16796875 0.134765625
0 0.1328125 0.130859375 0.126953125 0.13671875 0.12890625 0.138671875 0.130859375 0.13671875 0.1328125 0.13671875 0.134765625 0.138671875 0.134765625 0.13671875 0.13671875 0.134765625 0.138671875 0.134765625 0.13671875 0.134765625
0 0.76171875 0.078125 0.759765625 0.080078125 0.7578125 0.080078125 0.755859375 0.08203125 0.75390625 0.080078125 0.7578125 0.083984375 0.7578125 0.0859375 0.76171875 0.08203125
0 0.14453125 0.064453125 0.142578125 0.06640625 0.142578125 0.068359375 0.140625 0.0703125 0.14453125 0.07421875 0.15234375 0.07421875 0.154296875 0.076171875 0.150390625 0.072265625 0.150390625 0.0703125 0.146484375 0.0703125 0.142578125 0.06640625 0.14453125 0.064453125 0.146484375 0.064453125 0.1484375 0.06640625 0.150390625 0.064453125 0.15234375 0.06640625 0.15234375 0.064453125 0.150390625 0.064453125 0.1484375 0.06640625 0.146484375 0.064453125
1 0.615234375 0.453125 0.6171875 0.455078125 0.61328125 0.458984375 0.611328125 0.45703125 0.611328125 0.455078125 0.609375 0.455078125 0.611328125 0.45703125 0.609375 0.458984375 0.611328125 0.45703125 0.61328125 0.458984375 0.61328125 0.4609375 0.61328125 0.458984375 0.615234375 0.45703125 0.6171875 0.458984375 0.6171875 0.462890625 0.62109375 0.458984375 0.623046875 0.4609375
1 0.087890625 0.359375 0.0859375 0.361328125 0.083984375 0.361328125 0.0859375 0.36328125 0.083984375 0.365234375 0.08203125 0.365234375 0.08203125 0.3671875 0.080078125 0.369140625 0.08203125 0.37109375 0.0859375 0.3671875 0.08984375 0.3671875 0.091796875 0.369140625 0.08984375 0.37109375 0.091796875 0.369140625 0.08984375 0.3671875 0.087890625 0.3671875 0.0859375 0.365234375 0.087890625 0.36328125 0.0859375 0.361328125
1 0.943359375 0.265625 0.94140625 0.267578125 0.943359375 0.26953125 0.943359375 0.271484375 0.9375 0.27734375 0.939453125 0.275390625 0.94140625 0.275390625 0.943359375 0.27734375 0.9453125 0.27734375 0.947265625 0.275390625 0.94921875 0.275390625 0.951171875 0.27734375 0.94921875 0.279296875 0.951171875 0.27734375 0.94921875 0.275390625 0.947265625 0.275390625 0.943359375 0.271484375 0.943359375 0.26953125 0.94140625 0.267578125
1 0.9921875 0.2265625 0.98828125 0.23046875 0.984375 0.23046875 0.98828125 0.234375 0.98828125 0.236328125 0.990234375 0.236328125 0.9921875 0.234375 0.990234375 0.232421875 0.990234375 0.228515625
1 0.126953125 0.205078125 0.126953125 0.20703125 0.125 0.208984375 0.125 0.2109375 0.12890625 0.21484375 0.130859375 0.21484375 0.12890625 0.212890625 0.134765625 0.20703125 0.13671875 0.208984375 0.134765625 0.20703125 0.1328125 0.208984375 0.12890625 0.208984375 0.126953125 0.20703125
1 0.658203125 0.1875 0.658203125 0.189453125 0.65625 0.19140625 0.658203125 0.193359375 0.65625 0.1953125 0.65625 0.19921875 0.66015625 0.19921875 0.662109375 0.197265625 0.662109375 0.1953125 0.6640625 0.193359375 0.662109375 0.1953125 0.66015625 0.193359375 0.658203125 0.193359375 0.65625 0.19140625 0.658203125 0.189453125
1 0.166015625 0.1328125 0.1640625 0.134765625 0.166015625 0.13671875 0.166015625 0.138671875 0.169921875 0.138671875 0.169921875 0.134765625 0.16796875 0.134765625
1 0.1328125 0.130859375 0.126953125 0.13671875 0.12890625 0.138671875 0.130859375 0.13671875 0.1328125 0.13671875 0.134765625 0.138671875 0.134765625 0.13671875 0.13671875 0.134765625 0.138671875 0.134765625 0.13671875 0.134765625
1 0.76171875 0.078125 0.759765625 0.080078125 0.7578125 0.080078125 0.755859375 0.08203125 0.75390625 0.080078125 0.7578125 0.083984375 0.7578125 0.0859375 0.76171875 0.08203125
1 0.14453125 0.064453125 0.142578125 0.06640625 0.142578125 0.068359375 0.140625 0.0703125 0.14453125 0.07421875 0.15234375 0.07421875 0.154296875 0.076171875 0.150390625 0.072265625 0.150390625 0.0703125 0.146484375 0.0703125 0.142578125 0.06640625 0.14453125 0.064453125 0.146484375 0.064453125 0.1484375 0.06640625 0.150390625 0.064453125 0.15234375 0.06640625 0.15234375 0.064453125 0.150390625 0.064453125 0.1484375 0.06640625 0.146484375 0.064453125
