0 0.5078125 0.470703125 0.509765625 0.47265625 0.5078125 0.474609375 0.505859375 0.474609375 0.505859375 0.48046875 0.5078125 0.48046875 0.509765625 0.478515625 0.51171875 0.48046875 0.513671875 0.478515625 0.51171875 0.4765625 0.51171875 0.474609375
0 0.685546875 0.23828125 0.68359375 0.240234375 0.681640625 0.240234375 0.681640625 0.2421875 0.6796875 0.244140625 0.6796875 0.24609375 0.681640625 0.24609375 0.68359375 0.244140625 0.685546875 0.244140625 0.685546875 0.2421875 0.68359375 0.240234375
0 0.193359375 0.1875 0.19140625 0.189453125 0.189453125 0.189453125 0.1875 0.19140625 0.1875 0.193359375 0.19140625 0.197265625 0.193359375 0.197265625 0.19140625 0.1953125 0.19140625 0.189453125
0 0.6953125 0.146484375 0.697265625 0.146484375 0.69921875 0.1484375 0.697265625 0.150390625 0.6953125 0.150390625 0.697265625 0.150390625 0.69921875 0.15234375 0.69921875 0.154296875 0.701171875 0.154296875 0.703125 0.15234375 0.703125 0.1484375 0.701171875 0.150390625 0.69921875 0.1484375 0.69921875 0.146484375
0 0.220703125 0.142578125 0.216796875 0.146484375 0.21484375 0.146484375 0.21484375 0.1484375 0.21875 0.1484375 0.220703125 0.150390625 0.220703125 0.15234375 0.220703125 0.146484375 0.22265625 0.14453125
0 0.515625 0.1015625 0.513671875 0.103515625 0.509765625 0.103515625 0.509765625 0.10546875 0.51171875 0.107421875 0.513671875 0.107421875 0.515625 0.10546875
0 0.267578125 0.08203125 0.265625 0.083984375 0.267578125 0.0859375 0.267578125 0.08984375 0.26953125 0.08984375 0.271484375 0.091796875 0.275390625 0.087890625 0.2734375 0.0859375 0.271484375 0.0859375
0 0.771484375 0.021484375 0.76953125 0.0234375 0.76953125 0.025390625 0.771484375 0.02734375 0.771484375 0.029296875 0.775390625 0.029296875 0.77734375 0.02734375 0.779296875 0.029296875 0.77734375 0.02734375 0.779296875 0.025390625 0.77734375 0.02734375
0 0.251953125 0.015625 0.25390625 0.017578125 0.251953125 0.01953125 0.251953125 0.021484375 0.25 0.0234375 0.25 0.02734375 0.25390625 0.02734375 0.255859375 0.029296875 0.2578125 0.02734375 0.255859375 0.029296875 0.25390625 0.02734375 0.25390625 0.0234375 0.2578125 0.01953125 0.255859375 0.021484375 0.25390625 0.021484375 0.251953125 0.01953125 0.25390625 0.017578125
0 0.609375 0.001953125 0.607421875 0.00390625 0.607421875 0.0078125 0.60546875 0.009765625 0.603515625 0.009765625 0.60546875 0.009765625 0.607421875 0.01171875 0.609375 0.009765625 0.607421875 0.0078125 0.609375 0.005859375 0.611328125 0.005859375 0.611328125 0.00390625 0.61328125 0.001953125
1 0.5078125 0.470703125 0.509765625 0.47265625 0.5078125 0.474609375 0.505859375 0.474609375 0.505859375 0.48046875 0.5078125 0.48046875 0.509765625 0.478515625 0.51171875 0.48046875 0.513671875 0.478515625 0.51171875 0.4765625 0.51171875 0.474609375
1 0.685546875 0.23828125 0.68359375 0.240234375 0.681640625 0.240234375 0.681640625 0.2421875 0.6796875 0.244140625 0.6796875 0.24609375 0.681640625 0.24609375 0.68359375 0.244140625 0.685546875 0.244140625 0.685546875 0.2421875 0.68359375 0.240234375
1 0.193359375 0.1875 0.19140625 0.189453125 0.189453125 0.189453125 0.1875 0.19140625 0.1875 0.193359375 0.19140625 0.197265625 0.193359375 0.197265625 0.19140625 0.1953125 0.19140625 0.189453125
1 0.6953125 0.146484375 0.697265625 0.146484375 0.69921875 0.1484375 0.697265625 0.150390625 0.6953125 0.150390625 0.697265625 0.150390625 0.69921875 0.15234375 0.69921875 0.154296875 0.701171875 0.154296875 0.703125 0.15234375 0.703125 0.1484375 0.701171875 0.150390625 0.69921875 0.1484375 0.69921875 0.146484375
1 0.220703125 0.142578125 0.216796875 0.146484375 0.21484375 0.146484375 0.21484375 0.1484375 0.21875 0.1484375 0.220703125 0.150390625 0.220703125 0.15234375 0.220703125 0.146484375 0.22265625 0.14453125
1 0.515625 0.1015625 0.513671875 0.103515625 0.509765625 0.103515625 0.509765625 0.10546875 0.51171875 0.107421875 0.513671875 0.107421875 0.515625 0.10546875
1 0.267578125 0.08203125 0.265625 0.083984375 0.267578125 0.0859375 0.267578125 0.08984375 0.26953125 0.08984375 0.271484375 0.091796875 0.275390625 0.087890625 0.2734375 0.0859375 0.271484375 0.0859375
1 0.771484375 0.021484375 0.76953125 0.0234375 0.76953125 0.025390625 0.771484375 0.02734375 0.771484375 0.029296875 0.775390625 0.029296875 0.77734375 0.02734375 0.779296875 0.029296875 0.77734375 0.02734375 0.779296875 0.025390625 0.77734375 0.02734375
1 0.251953125 0.015625 0.25390625 0.017578125 0.251953125 0.01953125 0.251953125 0.021484375 0.25 0.0234375 0.25 0.02734375 0.25390625 0.02734375 0.255859375 0.029296875 0.2578125 0.02734375 0.255859375 0.029296875 0.25390625 0.02734375 0.25390625 0.0234375 0.2578125 0.01953125 0.255859375 0.021484375 0.25390625 0.021484375 0.251953125 0.01953125 0.25390625 0.017578125
1 0.609375 0.001953125 0.607421875 0.00390625 0.607421875 0.0078125 0.60546875 0.009765625 0.603515625 0.009765625 0.60546875 0.009765625 0.607421875 0.01171875 0.609375 0.009765625 0.607421875 0.0078125 0.609375 0.005859375 0.611328125 0.005859375 0.611328125 0.00390625 0.61328125 0.001953125
