0 0.40234375 0.345703125 0.400390625 0.34765625 0.40234375 0.349609375 0.40234375 0.35546875 0.40234375 0.353515625 0.404296875 0.3515625 0.40625 0.3515625 0.408203125 0.353515625 0.40625 0.35546875 0.408203125 0.353515625 0.41015625 0.353515625 0.408203125 0.353515625 0.40625 0.3515625 0.40625 0.34765625 0.404296875 0.34765625
0 0.376953125 0.330078125 0.375 0.33203125 0.376953125 0.333984375 0.376953125 0.3359375 0.375 0.337890625 0.376953125 0.33984375 0.37890625 0.33984375 0.380859375 0.341796875 0.380859375 0.33984375 0.3828125 0.337890625 0.384765625 0.33984375 0.380859375 0.3359375 0.3828125 0.333984375 0.380859375 0.33203125 0.3828125 0.333984375 0.380859375 0.3359375 0.37890625 0.3359375 0.375 0.33203125
0 0.31640625 0.1171875 0.318359375 0.119140625 0.314453125 0.123046875 0.31640625 0.125 0.3203125 0.125 0.322265625 0.123046875 0.32421875 0.123046875 0.322265625 0.12109375 0.322265625 0.119140625 0.318359375 0.119140625
0 0.146484375 0.09765625 0.146484375 0.099609375 0.14453125 0.1015625 0.142578125 0.1015625 0.140625 0.099609375 0.14453125 0.103515625 0.14453125 0.10546875 0.146484375 0.107421875 0.146484375 0.10546875 0.15234375 0.099609375 0.150390625 0.09765625 0.1484375 0.099609375
0 0.06640625 0.0859375 0.0625 0.08984375 0.060546875 0.08984375 0.05859375 0.091796875 0.05859375 0.09375 0.060546875 0.095703125 0.0625 0.095703125 0.064453125 0.09375 0.064453125 0.091796875 0.06640625 0.08984375 0.064453125 0.087890625 0.06640625 0.0859375 0.068359375 0.0859375
0 0.00390625 0.037109375 0.005859375 0.0390625 0.00390625 0.041015625 0.005859375 0.04296875 0.005859375 0.044921875 0.0078125 0.046875 0.005859375 0.048828125 0.0078125 0.05078125 0.009765625 0.048828125 0.013671875 0.048828125 0.013671875 0.04296875 0.01171875 0.041015625 0.009765625 0.041015625 0.0078125 0.0390625 0.0078125 0.037109375 0.005859375 0.0390625
0 0.564453125 0.0 0.56640625 0.001953125 0.564453125 0.00390625 0.5625 0.00390625 0.564453125 0.005859375 0.564453125 0.0078125 0.56640625 0.0078125 0.568359375 0.005859375 0.568359375 0.00390625 0.5703125 0.001953125 0.56640625 0.001953125
1 0.40234375 0.345703125 0.400390625 0.34765625 0.40234375 0.349609375 0.40234375 0.35546875 0.40234375 0.353515625 0.404296875 0.3515625 0.40625 0.3515625 0.408203125 0.353515625 0.40625 0.35546875 0.408203125 0.353515625 0.41015625 0.353515625 0.408203125 0.353515625 0.40625 0.3515625 0.40625 0.34765625 0.404296875 0.34765625
1 0.376953125 0.330078125 0.375 0.33203125 0.376953125 0.333984375 0.376953125 0.3359375 0.375 0.337890625 0.376953125 0.33984375 0.37890625 0.33984375 0.380859375 0.341796875 0.380859375 0.33984375 0.3828125 0.337890625 0.384765625 0.33984375 0.380859375 0.3359375 0.3828125 0.333984375 0.380859375 0.33203125 0.3828125 0.333984375 0.380859375 0.3359375 0.37890625 0.3359375 0.375 0.33203125
1 0.31640625 0.1171875 0.318359375 0.119140625 0.314453125 0.123046875 0.31640625 0.125 0.3203125 0.125 0.322265625 0.123046875 0.32421875 0.123046875 0.322265625 0.12109375 0.322265625 0.119140625 0.318359375 0.119140625
1 0.146484375 0.09765625 0.146484375 0.099609375 0.14453125 0.1015625 0.142578125 0.1015625 0.140625 0.099609375 0.14453125 0.103515625 0.14453125 0.10546875 0.146484375 0.107421875 0.146484375 0.10546875 0.15234375 0.099609375 0.150390625 0.09765625 0.1484375 0.099609375
1 0.06640625 0.0859375 0.0625 0.08984375 0.060546875 0.08984375 0.05859375 0.091796875 0.05859375 0.09375 0.060546875 0.095703125 0.0625 0.095703125 0.064453125 0.09375 0.064453125 0.091796875 0.06640625 0.08984375 0.064453125 0.087890625 0.06640625 0.0859375 0.068359375 0.0859375
1 0.00390625 0.037109375 0.005859375 0.0390625 0.00390625 0.041015625 0.005859375 0.04296875 0.005859375 0.044921875 0.0078125 0.046875 0.005859375 0.048828125 0.0078125 0.05078125 0.009765625 0.048828125 0.013671875 0.048828125 0.013671875 0.04296875 0.01171875 0.041015625 0.009765625 0.041015625 0.0078125 0.0390625 0.0078125 0.037109375 0.005859375 0.0390625
1 0.564453125 0.0 0.56640625 0.001953125 0.564453125 0.00390625 0.5625 0.00390625 0.564453125 0.005859375 0.564453125 0.0078125 0.56640625 0.0078125 0.568359375 0.005859375 0.568359375 0.00390625 0.5703125 0.001953125 0.56640625 0.001953125
