0 0.681640625 0.630859375 0.6796875 0.6328125 0.677734375 0.6328125 0.677734375 0.634765625 0.673828125 0.638671875 0.67578125 0.63671875 0.677734375 0.63671875 0.6796875 0.638671875 0.681640625 0.638671875
0 0.3671875 0.53515625 0.36328125 0.5390625 0.361328125 0.537109375 0.36328125 0.5390625 0.365234375 0.537109375 0.3671875 0.5390625 0.3671875 0.541015625 0.37109375 0.544921875 0.369140625 0.54296875 0.37109375 0.541015625 0.373046875 0.541015625 0.37109375 0.5390625 0.373046875 0.537109375 0.369140625 0.537109375
0 0.9140625 0.521484375 0.912109375 0.5234375 0.9140625 0.525390625 0.912109375 0.52734375 0.9140625 0.529296875 0.916015625 0.52734375 0.91796875 0.52734375 0.919921875 0.525390625 0.919921875 0.5234375 0.916015625 0.5234375
0 0.486328125 0.517578125 0.48828125 0.51953125 0.486328125 0.521484375 0.484375 0.521484375 0.482421875 0.51953125 0.48046875 0.51953125 0.482421875 0.51953125 0.484375 0.521484375 0.482421875 0.5234375 0.48046875 0.5234375 0.482421875 0.5234375 0.484375 0.525390625 0.484375 0.52734375 0.486328125 0.525390625 0.48828125 0.525390625 0.48828125 0.5234375 0.4921875 0.51953125 0.494140625 0.521484375 0.4921875 0.51953125 0.490234375 0.521484375
0 0.26171875 0.392578125 0.2578125 0.396484375 0.255859375 0.39453125 0.25390625 0.396484375 0.255859375 0.39453125 0.259765625 0.3984375 0.259765625 0.400390625 0.26171875 0.400390625 0.263671875 0.40234375 0.263671875 0.396484375 0.26171875 0.396484375 0.259765625 0.39453125
0 0.98828125 0.376953125 0.986328125 0.37890625 0.986328125 0.380859375 0.984375 0.3828125 0.986328125 0.384765625 0.986328125 0.38671875 0.98828125 0.388671875 0.986328125 0.38671875 0.986328125 0.384765625 0.984375 0.3828125 0.986328125 0.380859375 0.98828125 0.380859375 0.9921875 0.384765625 0.9921875 0.38671875 0.9921875 0.384765625 0.990234375 0.3828125 0.994140625 0.37890625 0.9921875 0.37890625 0.990234375 0.376953125
0 0.515625 0.359375 0.517578125 0.361328125 0.517578125 0.365234375 0.51953125 0.3671875 0.51953125 0.369140625 0.517578125 0.37109375 0.515625 0.369140625 0.517578125 0.37109375 0.51953125 0.369140625 0.5234375 0.373046875 0.521484375 0.37109375 0.5234375 0.369140625 0.525390625 0.369140625 0.52734375 0.3671875 0.525390625 0.369140625 0.5234375 0.369140625 0.521484375 0.3671875 0.529296875 0.359375 0.525390625 0.36328125 0.5234375 0.36328125 0.521484375 0.361328125 0.521484375 0.359375 0.51953125 0.361328125 0.517578125 0.361328125
0 0.9453125 0.34375 0.947265625 0.345703125 0.9453125 0.34765625 0.947265625 0.34765625 0.94921875 0.349609375 0.94921875 0.3515625 0.947265625 0.353515625 0.94921875 0.3515625 0.951171875 0.353515625 0.94921875 0.3515625 0.951171875 0.349609375 0.951171875 0.345703125 0.94921875 0.34375
0 0.57421875 0.302734375 0.5703125 0.306640625 0.568359375 0.3046875 0.572265625 0.30859375 0.572265625 0.310546875 0.5703125 0.3125 0.572265625 0.314453125 0.57421875 0.3125 0.576171875 0.3125 0.576171875 0.30859375 0.572265625 0.3046875 0.57421875 0.302734375 0.576171875 0.302734375
0 0.025390625 0.25 0.0234375 0.251953125 0.021484375 0.251953125 0.0234375 0.25390625 0.021484375 0.255859375 0.01953125 0.255859375 0.01953125 0.2578125 0.017578125 0.259765625 0.01953125 0.26171875 0.0234375 0.2578125 0.02734375 0.2578125 0.029296875 0.259765625 0.02734375 0.26171875 0.029296875 0.259765625 0.02734375 0.2578125 0.025390625 0.2578125 0.0234375 0.255859375 0.025390625 0.25390625 0.0234375 0.251953125
0 0.31640625 0.236328125 0.318359375 0.23828125 0.31640625 0.240234375 0.31640625 0.244140625 0.318359375 0.24609375 0.322265625 0.2421875 0.3203125 0.2421875 0.318359375 0.240234375 0.318359375 0.23828125
0 0.517578125 0.1875 0.51953125 0.189453125 0.517578125 0.19140625 0.515625 0.19140625 0.517578125 0.193359375 0.515625 0.1953125 0.517578125 0.197265625 0.517578125 0.19921875 0.515625 0.201171875 0.517578125 0.19921875 0.51953125 0.201171875 0.5234375 0.197265625 0.521484375 0.1953125 0.5234375 0.193359375 0.525390625 0.193359375 0.5234375 0.193359375 0.521484375 0.19140625 0.5234375 0.189453125 0.525390625 0.189453125 0.525390625 0.1875 0.521484375 0.19140625
0 0.537109375 0.09375 0.5390625 0.095703125 0.541015625 0.09375 0.54296875 0.095703125 0.54296875 0.09765625 0.5390625 0.1015625 0.541015625 0.099609375 0.544921875 0.099609375 0.546875 0.1015625 0.54296875 0.10546875 0.544921875 0.107421875 0.548828125 0.103515625 0.55078125 0.103515625 0.548828125 0.103515625 0.546875 0.1015625 0.546875 0.09765625 0.544921875 0.095703125 0.54296875 0.095703125 0.541015625 0.09375 0.5390625 0.095703125
0 0.2734375 0.078125 0.275390625 0.080078125 0.2734375 0.08203125 0.271484375 0.08203125 0.267578125 0.0859375 0.26953125 0.087890625 0.26953125 0.091796875 0.271484375 0.091796875 0.275390625 0.087890625 0.27734375 0.08984375 0.2734375 0.0859375 0.271484375 0.0859375 0.26953125 0.083984375 0.271484375 0.08203125 0.2734375 0.08203125 0.275390625 0.080078125 0.27734375 0.08203125
0 0.359375 0.072265625 0.361328125 0.07421875 0.361328125 0.076171875 0.359375 0.078125 0.359375 0.080078125 0.361328125 0.08203125 0.361328125 0.083984375 0.365234375 0.080078125 0.3671875 0.080078125 0.365234375 0.080078125 0.36328125 0.078125 0.365234375 0.076171875 0.36328125 0.076171875
1 0.681640625 0.630859375 0.6796875 0.6328125 0.677734375 0.6328125 0.677734375 0.634765625 0.673828125 0.638671875 0.67578125 0.63671875 0.677734375 0.63671875 0.6796875 0.638671875 0.681640625 0.638671875
1 0.3671875 0.53515625 0.36328125 0.5390625 0.361328125 0.537109375 0.36328125 0.5390625 0.365234375 0.537109375 0.3671875 0.5390625 0.3671875 0.541015625 0.37109375 0.544921875 0.369140625 0.54296875 0.37109375 0.541015625 0.373046875 0.541015625 0.37109375 0.5390625 0.373046875 0.537109375 0.369140625 0.537109375
1 0.9140625 0.521484375 0.912109375 0.5234375 0.9140625 0.525390625 0.912109375 0.52734375 0.9140625 0.529296875 0.916015625 0.52734375 0.91796875 0.52734375 0.919921875 0.525390625 0.919921875 0.5234375 0.916015625 0.5234375
1 0.486328125 0.517578125 0.48828125 0.51953125 0.486328125 0.521484375 0.484375 0.521484375 0.482421875 0.51953125 0.48046875 0.51953125 0.482421875 0.51953125 0.484375 0.521484375 0.482421875 0.5234375 0.48046875 0.5234375 0.482421875 0.5234375 0.484375 0.525390625 0.484375 0.52734375 0.486328125 0.525390625 0.48828125 0.525390625 0.48828125 0.5234375 0.4921875 0.51953125 0.494140625 0.521484375 0.4921875 0.51953125 0.490234375 0.521484375
1 0.26171875 0.392578125 0.2578125 0.396484375 0.255859375 0.39453125 0.25390625 0.396484375 0.255859375 0.39453125 0.259765625 0.3984375 0.259765625 0.400390625 0.26171875 0.400390625 0.263671875 0.40234375 0.263671875 0.396484375 0.26171875 0.396484375 0.259765625 0.39453125
1 0.98828125 0.376953125 0.986328125 0.37890625 0.986328125 0.380859375 0.984375 0.3828125 0.986328125 0.384765625 0.986328125 0.38671875 0.98828125 0.388671875 0.986328125 0.38671875 0.986328125 0.384765625 0.984375 0.3828125 0.986328125 0.380859375 0.98828125 0.380859375 0.9921875 0.384765625 0.9921875 0.38671875 0.9921875 0.384765625 0.990234375 0.3828125 0.994140625 0.37890625 0.9921875 0.37890625 0.990234375 0.376953125
1 0.515625 0.359375 0.517578125 0.361328125 0.517578125 0.365234375 0.51953125 0.3671875 0.51953125 0.369140625 0.517578125 0.37109375 0.515625 0.369140625 0.517578125 0.37109375 0.51953125 0.369140625 0.5234375 0.373046875 0.521484375 0.37109375 0.5234375 0.369140625 0.525390625 0.369140625 0.52734375 0.3671875 0.525390625 0.369140625 0.5234375 0.369140625 0.521484375 0.3671875 0.529296875 0.359375 0.525390625 0.36328125 0.5234375 0.36328125 0.521484375 0.361328125 0.521484375 0.359375 0.51953125 0.361328125 0.517578125 0.361328125
1 0.9453125 0.34375 0.947265625 0.345703125 0.9453125 0.34765625 0.947265625 0.34765625 0.94921875 0.349609375 0.94921875 0.3515625 0.947265625 0.353515625 0.94921875 0.3515625 0.951171875 0.353515625 0.94921875 0.3515625 0.951171875 0.349609375 0.951171875 0.345703125 0.94921875 0.34375
1 0.57421875 0.302734375 0.5703125 0.306640625 0.568359375 0.3046875 0.572265625 0.30859375 0.572265625 0.310546875 0.5703125 0.3125 0.572265625 0.314453125 0.57421875 0.3125 0.576171875 0.3125 0.576171875 0.30859375 0.572265625 0.3046875 0.57421875 0.302734375 0.576171875 0.302734375
1 0.025390625 0.25 0.0234375 0.251953125 0.021484375 0.251953125 0.0234375 0.25390625 0.021484375 0.255859375 0.01953125 0.255859375 0.01953125 0.2578125 0.017578125 0.259765625 0.01953125 0.26171875 0.0234375 0.2578125 0.02734375 0.2578125 0.029296875 0.259765625 0.02734375 0.26171875 0.029296875 0.259765625 0.02734375 0.2578125 0.025390625 0.2578125 0.0234375 0.255859375 0.025390625 0.25390625 0.0234375 0.251953125
1 0.31640625 0.236328125 0.318359375 0.23828125 0.31640625 0.240234375 0.31640625 0.244140625 0.318359375 0.24609375 0.322265625 0.2421875 0.3203125 0.2421875 0.318359375 0.240234375 0.318359375 0.23828125
1 0.517578125 0.1875 0.51953125 0.189453125 0.517578125 0.19140625 0.515625 0.19140625 0.517578125 0.193359375 0.515625 0.1953125 0.517578125 0.197265625 0.517578125 0.19921875 0.515625 0.201171875 0.517578125 0.19921875 0.51953125 0.201171875 0.5234375 0.197265625 0.521484375 0.1953125 0.5234375 0.193359375 0.525390625 0.193359375 0.5234375 0.193359375 0.521484375 0.19140625 0.5234375 0.189453125 0.525390625 0.189453125 0.525390625 0.1875 0.521484375 0.19140625
1 0.537109375 0.09375 0.5390625 0.095703125 0.541015625 0.09375 0.54296875 0.095703125 0.54296875 0.09765625 0.5390625 0.1015625 0.541015625 0.099609375 0.544921875 0.099609375 0.546875 0.1015625 0.54296875 0.10546875 0.544921875 0.107421875 0.548828125 0.103515625 0.55078125 0.103515625 0.548828125 0.103515625 0.546875 0.1015625 0.546875 0.09765625 0.544921875 0.095703125 0.54296875 0.095703125 0.541015625 0.09375 0.5390625 0.095703125
1 0.2734375 0.078125 0.275390625 0.080078125 0.2734375 0.08203125 0.271484375 0.08203125 0.267578125 0.0859375 0.26953125 0.087890625 0.26953125 0.091796875 0.271484375 0.091796875 0.275390625 0.087890625 0.27734375 0.08984375 0.2734375 0.0859375 0.271484375 0.0859375 0.26953125 0.083984375 0.271484375 0.08203125 0.2734375 0.08203125 0.275390625 0.080078125 0.27734375 0.08203125
1 0.359375 0.072265625 0.361328125 0.07421875 0.361328125 0.076171875 0.359375 0.078125 0.359375 0.080078125 0.361328125 0.08203125 0.361328125 0.083984375 0.365234375 0.080078125 0.3671875 0.080078125 0.365234375 0.080078125 0.36328125 0.078125 0.365234375 0.076171875 0.36328125 0.076171875
