0 0.861328125 0.390625 0.859375 0.392578125 0.861328125 0.39453125 0.859375 0.396484375 0.861328125 0.3984375 0.859375 0.400390625 0.861328125 0.3984375 0.86328125 0.3984375 0.8671875 0.40234375 0.869140625 0.40234375 0.8671875 0.40234375 0.86328125 0.3984375 0.86328125 0.396484375 0.865234375 0.39453125 0.865234375 0.390625
0 0.916015625 0.220703125 0.91796875 0.22265625 0.916015625 0.224609375 0.91796875 0.22265625 0.919921875 0.224609375 0.919921875 0.2265625 0.91796875 0.228515625 0.916015625 0.228515625 0.916015625 0.23046875 0.9140625 0.232421875 0.912109375 0.232421875 0.91015625 0.234375 0.908203125 0.232421875 0.908203125 0.23046875 0.908203125 0.232421875 0.91015625 0.234375 0.912109375 0.232421875 0.9140625 0.234375 0.9140625 0.240234375 0.919921875 0.24609375 0.91796875 0.244140625 0.921875 0.240234375 0.923828125 0.2421875 0.92578125 0.240234375 0.923828125 0.23828125 0.923828125 0.232421875 0.92578125 0.23046875 0.923828125 0.228515625 0.92578125 0.2265625 0.927734375 0.2265625 0.92578125 0.2265625 0.921875 0.23046875 0.919921875 0.228515625 0.919921875 0.224609375
0 0.5703125 0.203125 0.568359375 0.205078125 0.56640625 0.205078125 0.568359375 0.20703125 0.568359375 0.208984375 0.5703125 0.2109375 0.57421875 0.2109375 0.57421875 0.20703125 0.576171875 0.205078125 0.57421875 0.205078125 0.572265625 0.203125
0 0.9296875 0.181640625 0.92578125 0.185546875 0.921875 0.185546875 0.919921875 0.1875 0.919921875 0.193359375 0.927734375 0.193359375 0.9296875 0.1953125 0.931640625 0.193359375 0.9296875 0.19140625 0.9296875 0.1875 0.927734375 0.185546875 0.927734375 0.18359375 0.9296875 0.181640625 0.93359375 0.181640625
0 0.490234375 0.03515625 0.4921875 0.037109375 0.490234375 0.0390625 0.486328125 0.0390625 0.486328125 0.041015625 0.484375 0.04296875 0.486328125 0.044921875 0.486328125 0.048828125 0.48828125 0.046875 0.490234375 0.048828125 0.490234375 0.046875 0.4921875 0.044921875 0.494140625 0.046875 0.494140625 0.048828125 0.494140625 0.044921875 0.4921875 0.04296875 0.4921875 0.041015625 0.494140625 0.0390625 0.498046875 0.04296875 0.494140625 0.0390625 0.498046875 0.03515625 0.494140625 0.0390625
1 0.861328125 0.390625 0.859375 0.392578125 0.861328125 0.39453125 0.859375 0.396484375 0.861328125 0.3984375 0.859375 0.400390625 0.861328125 0.3984375 0.86328125 0.3984375 0.8671875 0.40234375 0.869140625 0.40234375 0.8671875 0.40234375 0.86328125 0.3984375 0.86328125 0.396484375 0.865234375 0.39453125 0.865234375 0.390625
1 0.916015625 0.220703125 0.91796875 0.22265625 0.916015625 0.224609375 0.91796875 0.22265625 0.919921875 0.224609375 0.919921875 0.2265625 0.91796875 0.228515625 0.916015625 0.228515625 0.916015625 0.23046875 0.9140625 0.232421875 0.912109375 0.232421875 0.91015625 0.234375 0.908203125 0.232421875 0.908203125 0.23046875 0.908203125 0.232421875 0.91015625 0.234375 0.912109375 0.232421875 0.9140625 0.234375 0.9140625 0.240234375 0.919921875 0.24609375 0.91796875 0.244140625 0.921875 0.240234375 0.923828125 0.2421875 0.92578125 0.240234375 0.923828125 0.23828125 0.923828125 0.232421875 0.92578125 0.23046875 0.923828125 0.228515625 0.92578125 0.2265625 0.927734375 0.2265625 0.92578125 0.2265625 0.921875 0.23046875 0.919921875 0.228515625 0.919921875 0.224609375
1 0.5703125 0.203125 0.568359375 0.205078125 0.56640625 0.205078125 0.568359375 0.20703125 0.568359375 0.208984375 0.5703125 0.2109375 0.57421875 0.2109375 0.57421875 0.20703125 0.576171875 0.205078125 0.57421875 0.205078125 0.572265625 0.203125
1 0.9296875 0.181640625 0.92578125 0.185546875 0.921875 0.185546875 0.919921875 0.1875 0.919921875 0.193359375 0.927734375 0.193359375 0.9296875 0.1953125 0.931640625 0.193359375 0.9296875 0.19140625 0.9296875 0.1875 0.927734375 0.185546875 0.927734375 0.18359375 0.9296875 0.181640625 0.93359375 0.181640625
1 0.490234375 0.03515625 0.4921875 0.037109375 0.490234375 0.0390625 0.486328125 0.0390625 0.486328125 0.041015625 0.484375 0.04296875 0.486328125 0.044921875 0.486328125 0.048828125 0.48828125 0.046875 0.490234375 0.048828125 0.490234375 0.046875 0.4921875 0.044921875 0.494140625 0.046875 0.494140625 0.048828125 0.494140625 0.044921875 0.4921875 0.04296875 0.4921875 0.041015625 0.494140625 0.0390625 0.498046875 0.04296875 0.494140625 0.0390625 0.498046875 0.03515625 0.494140625 0.0390625
