0 0.958984375 0.345703125 0.9609375 0.34765625 0.9609375 0.349609375 0.958984375 0.3515625 0.958984375 0.353515625 0.95703125 0.35546875 0.955078125 0.353515625 0.955078125 0.35546875 0.953125 0.357421875 0.955078125 0.35546875 0.95703125 0.35546875 0.958984375 0.357421875 0.9609375 0.35546875 0.958984375 0.353515625 0.958984375 0.3515625 0.9609375 0.349609375 0.96484375 0.353515625 0.966796875 0.3515625 0.966796875 0.349609375 0.96484375 0.34765625 0.9609375 0.34765625
0 0.896484375 0.3125 0.89453125 0.314453125 0.892578125 0.314453125 0.892578125 0.31640625 0.890625 0.318359375 0.892578125 0.3203125 0.89453125 0.318359375 0.896484375 0.3203125 0.8984375 0.318359375 0.900390625 0.318359375 0.8984375 0.318359375 0.896484375 0.31640625 0.900390625 0.3125 0.8984375 0.314453125
0 0.654296875 0.30078125 0.654296875 0.3046875 0.65234375 0.306640625 0.650390625 0.306640625 0.65234375 0.306640625 0.654296875 0.30859375 0.65625 0.30859375 0.658203125 0.306640625 0.65625 0.3046875 0.658203125 0.302734375 0.658203125 0.30078125
0 0.658203125 0.283203125 0.658203125 0.2890625 0.662109375 0.2890625 0.6640625 0.287109375 0.662109375 0.28515625 0.6640625 0.283203125 0.666015625 0.283203125 0.66796875 0.28515625 0.666015625 0.283203125 0.6640625 0.283203125 0.662109375 0.28515625 0.66015625 0.28515625
0 0.58984375 0.1875 0.58984375 0.189453125 0.591796875 0.19140625 0.58984375 0.193359375 0.587890625 0.193359375 0.5859375 0.1953125 0.583984375 0.193359375 0.5859375 0.1953125 0.5859375 0.197265625 0.587890625 0.19921875 0.591796875 0.19921875 0.59375 0.197265625 0.595703125 0.197265625 0.59375 0.197265625 0.591796875 0.1953125 0.59375 0.193359375 0.58984375 0.189453125
0 0.1796875 0.130859375 0.181640625 0.130859375 0.18359375 0.1328125 0.181640625 0.134765625 0.1796875 0.134765625 0.181640625 0.134765625 0.18359375 0.13671875 0.18359375 0.138671875 0.185546875 0.140625 0.18359375 0.142578125 0.1796875 0.142578125 0.18359375 0.142578125 0.185546875 0.14453125 0.189453125 0.14453125 0.19140625 0.146484375 0.193359375 0.14453125 0.193359375 0.138671875 0.197265625 0.134765625 0.1953125 0.1328125 0.197265625 0.134765625 0.1953125 0.13671875 0.193359375 0.13671875 0.189453125 0.1328125 0.1875 0.134765625 0.185546875 0.134765625 0.18359375 0.1328125 0.18359375 0.130859375
0 0.4375 0.115234375 0.435546875 0.1171875 0.4296875 0.1171875 0.43359375 0.1171875 0.435546875 0.119140625 0.43359375 0.12109375 0.443359375 0.12109375 0.443359375 0.1171875 0.4453125 0.115234375
0 0.626953125 0.052734375 0.625 0.0546875 0.626953125 0.056640625 0.626953125 0.05859375 0.62890625 0.060546875 0.630859375 0.060546875 0.6328125 0.05859375 0.630859375 0.056640625 0.630859375 0.052734375 0.62890625 0.0546875
0 0.80078125 0.04296875 0.802734375 0.04296875 0.8046875 0.044921875 0.8046875 0.046875 0.806640625 0.048828125 0.806640625 0.05078125 0.802734375 0.0546875 0.802734375 0.056640625 0.8046875 0.05859375 0.802734375 0.060546875 0.8046875 0.05859375 0.806640625 0.05859375 0.8046875 0.05859375 0.802734375 0.056640625 0.802734375 0.0546875 0.8046875 0.052734375 0.806640625 0.0546875 0.80859375 0.0546875 0.806640625 0.0546875 0.8046875 0.052734375 0.806640625 0.05078125 0.80859375 0.05078125 0.80859375 0.044921875 0.806640625 0.04296875 0.8046875 0.044921875 0.802734375 0.04296875
0 0.728515625 0.0 0.724609375 0.00390625 0.724609375 0.005859375 0.72265625 0.0078125 0.724609375 0.009765625 0.7265625 0.0078125 0.728515625 0.0078125 0.73046875 0.009765625 0.73046875 0.01171875 0.732421875 0.013671875 0.73046875 0.01171875 0.73046875 0.001953125
1 0.958984375 0.345703125 0.9609375 0.34765625 0.9609375 0.349609375 0.958984375 0.3515625 0.958984375 0.353515625 0.95703125 0.35546875 0.955078125 0.353515625 0.955078125 0.35546875 0.953125 0.357421875 0.955078125 0.35546875 0.95703125 0.35546875 0.958984375 0.357421875 0.9609375 0.35546875 0.958984375 0.353515625 0.958984375 0.3515625 0.9609375 0.349609375 0.96484375 0.353515625 0.966796875 0.3515625 0.966796875 0.349609375 0.96484375 0.34765625 0.9609375 0.34765625
1 0.896484375 0.3125 0.89453125 0.314453125 0.892578125 0.314453125 0.892578125 0.31640625 0.890625 0.318359375 0.892578125 0.3203125 0.89453125 0.318359375 0.896484375 0.3203125 0.8984375 0.318359375 0.900390625 0.318359375 0.8984375 0.318359375 0.896484375 0.31640625 0.900390625 0.3125 0.8984375 0.314453125
1 0.654296875 0.30078125 0.654296875 0.3046875 0.65234375 0.306640625 0.650390625 0.306640625 0.65234375 0.306640625 0.654296875 0.30859375 0.65625 0.30859375 0.658203125 0.306640625 0.65625 0.3046875 0.658203125 0.302734375 0.658203125 0.30078125
1 0.658203125 0.283203125 0.658203125 0.2890625 0.662109375 0.2890625 0.6640625 0.287109375 0.662109375 0.28515625 0.6640625 0.283203125 0.666015625 0.283203125 0.66796875 0.28515625 0.666015625 0.283203125 0.6640625 0.283203125 0.662109375 0.28515625 0.66015625 0.28515625
1 0.58984375 0.1875 0.58984375 0.189453125 0.591796875 0.19140625 0.58984375 0.193359375 0.587890625 0.193359375 0.5859375 0.1953125 0.583984375 0.193359375 0.5859375 0.1953125 0.5859375 0.197265625 0.587890625 0.19921875 0.591796875 0.19921875 0.59375 0.197265625 0.595703125 0.197265625 0.59375 0.197265625 0.591796875 0.1953125 0.59375 0.193359375 0.58984375 0.189453125
1 0.1796875 0.130859375 0.181640625 0.130859375 0.18359375 0.1328125 0.181640625 0.134765625 0.1796875 0.134765625 0.181640625 0.134765625 0.18359375 0.13671875 0.18359375 0.138671875 0.185546875 0.140625 0.18359375 0.142578125 0.1796875 0.142578125 0.18359375 0.142578125 0.185546875 0.14453125 0.189453125 0.14453125 0.19140625 0.146484375 0.193359375 0.14453125 0.193359375 0.138671875 0.197265625 0.134765625 0.1953125 0.1328125 0.197265625 0.134765625 0.1953125 0.13671875 0.193359375 0.13671875 0.189453125 0.1328125 0.1875 0.134765625 0.185546875 0.134765625 0.18359375 0.1328125 0.18359375 0.130859375
1 0.4375 0.115234375 0.435546875 0.1171875 0.4296875 0.1171875 0.43359375 0.1171875 0.435546875 0.119140625 0.43359375 0.12109375 0.443359375 0.12109375 0.443359375 0.1171875 0.4453125 0.115234375
1 0.626953125 0.052734375 0.625 0.0546875 0.626953125 0.056640625 0.626953125 0.05859375 0.62890625 0.060546875 0.630859375 0.060546875 0.6328125 0.05859375 0.630859375 0.056640625 0.630859375 0.052734375 0.62890625 0.0546875
1 0.80078125 0.04296875 0.802734375 0.04296875 0.8046875 0.044921875 0.8046875 0.046875 0.806640625 0.048828125 0.806640625 0.05078125 0.802734375 0.0546875 0.802734375 0.056640625 0.8046875 0.05859375 0.802734375 0.060546875 0.8046875 0.05859375 0.806640625 0.05859375 0.8046875 0.05859375 0.802734375 0.056640625 0.802734375 0.0546875 0.8046875 0.052734375 0.806640625 0.0546875 0.80859375 0.0546875 0.806640625 0.0546875 0.8046875 0.052734375 0.806640625 0.05078125 0.80859375 0.05078125 0.80859375 0.044921875 0.806640625 0.04296875 0.8046875 0.044921875 0.802734375 0.04296875
1 0.728515625 0.0 0.724609375 0.00390625 0.724609375 0.005859375 0.72265625 0.0078125 0.724609375 0.009765625 0.7265625 0.0078125 0.728515625 0.0078125 0.73046875 0.009765625 0.73046875 0.01171875 0.732421875 0.013671875 0.73046875 0.01171875 0.73046875 0.001953125
