0 0.716796875 0.93359375 0.71484375 0.935546875 0.716796875 0.9375 0.71484375 0.939453125 0.716796875 0.94140625 0.71484375 0.943359375 0.71484375 0.9453125 0.712890625 0.947265625 0.705078125 0.939453125 0.708984375 0.943359375 0.708984375 0.9453125 0.70703125 0.947265625 0.705078125 0.947265625 0.70703125 0.947265625 0.708984375 0.94921875 0.70703125 0.947265625 0.708984375 0.9453125 0.7109375 0.9453125 0.712890625 0.947265625 0.712890625 0.94921875 0.712890625 0.947265625 0.71484375 0.9453125 0.71875 0.94921875 0.724609375 0.943359375 0.724609375 0.9375 0.72265625 0.935546875 0.724609375 0.93359375 0.72265625 0.935546875 0.720703125 0.93359375 0.71875 0.935546875
0 0.154296875 0.908203125 0.1484375 0.9140625 0.1484375 0.921875 0.150390625 0.923828125 0.15234375 0.921875 0.15625 0.921875 0.158203125 0.923828125 0.158203125 0.92578125 0.15625 0.927734375 0.158203125 0.927734375 0.158203125 0.923828125 0.16015625 0.921875 0.158203125 0.919921875 0.16015625 0.91796875 0.16015625 0.9140625 0.162109375 0.912109375 0.1640625 0.9140625 0.162109375 0.912109375 0.166015625 0.908203125 0.162109375 0.912109375 0.16015625 0.91015625 0.158203125 0.912109375
0 0.3046875 0.90625 0.302734375 0.908203125 0.302734375 0.9140625 0.3046875 0.916015625 0.302734375 0.91796875 0.30078125 0.91796875 0.302734375 0.91796875 0.3046875 0.916015625 0.306640625 0.91796875 0.30859375 0.91796875 0.310546875 0.919921875 0.30859375 0.91796875 0.310546875 0.916015625 0.3125 0.916015625 0.3125 0.91015625 0.314453125 0.908203125 0.31640625 0.91015625 0.31640625 0.912109375 0.318359375 0.91015625 0.31640625 0.91015625 0.314453125 0.908203125 0.31640625 0.90625 0.314453125 0.908203125 0.3125 0.908203125 0.310546875 0.90625
0 0.490234375 0.865234375 0.48828125 0.8671875 0.48828125 0.869140625 0.486328125 0.87109375 0.48828125 0.869140625 0.490234375 0.869140625 0.4921875 0.87109375 0.494140625 0.869140625 0.498046875 0.873046875 0.49609375 0.87109375 0.49609375 0.869140625 0.494140625 0.8671875 0.49609375 0.865234375
0 0.56640625 0.86328125 0.568359375 0.865234375 0.56640625 0.8671875 0.56640625 0.87109375 0.568359375 0.873046875 0.56640625 0.875 0.568359375 0.873046875 0.5703125 0.875 0.5703125 0.876953125 0.5703125 0.875 0.57421875 0.87109375 0.57421875 0.8671875 0.572265625 0.865234375 0.568359375 0.865234375
0 0.40625 0.84375 0.408203125 0.845703125 0.40625 0.84765625 0.40625 0.849609375 0.408203125 0.8515625 0.40625 0.853515625 0.404296875 0.853515625 0.40234375 0.85546875 0.400390625 0.85546875 0.3984375 0.853515625 0.400390625 0.8515625 0.3984375 0.853515625 0.396484375 0.853515625 0.400390625 0.857421875 0.39453125 0.86328125 0.396484375 0.861328125 0.3984375 0.86328125 0.40234375 0.86328125 0.404296875 0.865234375 0.408203125 0.865234375 0.408203125 0.86328125 0.41015625 0.861328125 0.408203125 0.859375 0.412109375 0.85546875 0.41015625 0.857421875 0.40625 0.853515625 0.408203125 0.8515625 0.41015625 0.8515625 0.408203125 0.8515625 0.40625 0.849609375 0.40625 0.84765625 0.408203125 0.845703125
1 0.716796875 0.93359375 0.71484375 0.935546875 0.716796875 0.9375 0.71484375 0.939453125 0.716796875 0.94140625 0.71484375 0.943359375 0.71484375 0.9453125 0.712890625 0.947265625 0.705078125 0.939453125 0.708984375 0.943359375 0.708984375 0.9453125 0.70703125 0.947265625 0.705078125 0.947265625 0.70703125 0.947265625 0.708984375 0.94921875 0.70703125 0.947265625 0.708984375 0.9453125 0.7109375 0.9453125 0.712890625 0.947265625 0.712890625 0.94921875 0.712890625 0.947265625 0.71484375 0.9453125 0.71875 0.94921875 0.724609375 0.943359375 0.724609375 0.9375 0.72265625 0.935546875 0.724609375 0.93359375 0.72265625 0.935546875 0.720703125 0.93359375 0.71875 0.935546875
1 0.154296875 0.908203125 0.1484375 0.9140625 0.1484375 0.921875 0.150390625 0.923828125 0.15234375 0.921875 0.15625 0.921875 0.158203125 0.923828125 0.158203125 0.92578125 0.15625 0.927734375 0.158203125 0.927734375 0.158203125 0.923828125 0.16015625 0.921875 0.158203125 0.919921875 0.16015625 0.91796875 0.16015625 0.9140625 0.162109375 0.912109375 0.1640625 0.9140625 0.162109375 0.912109375 0.166015625 0.908203125 0.162109375 0.912109375 0.16015625 0.91015625 0.158203125 0.912109375
1 0.3046875 0.90625 0.302734375 0.908203125 0.302734375 0.9140625 0.3046875 0.916015625 0.302734375 0.91796875 0.30078125 0.91796875 0.302734375 0.91796875 0.3046875 0.916015625 0.306640625 0.91796875 0.30859375 0.91796875 0.310546875 0.919921875 0.30859375 0.91796875 0.310546875 0.916015625 0.3125 0.916015625 0.3125 0.91015625 0.314453125 0.908203125 0.31640625 0.91015625 0.31640625 0.912109375 0.318359375 0.91015625 0.31640625 0.91015625 0.314453125 0.908203125 0.31640625 0.90625 0.314453125 0.908203125 0.3125 0.908203125 0.310546875 0.90625
1 0.490234375 0.865234375 0.48828125 0.8671875 0.48828125 0.869140625 0.486328125 0.87109375 0.48828125 0.869140625 0.490234375 0.869140625 0.4921875 0.87109375 0.494140625 0.869140625 0.498046875 0.873046875 0.49609375 0.87109375 0.49609375 0.869140625 0.494140625 0.8671875 0.49609375 0.865234375
1 0.56640625 0.86328125 0.568359375 0.865234375 0.56640625 0.8671875 0.56640625 0.87109375 0.568359375 0.873046875 0.56640625 0.875 0.568359375 0.873046875 0.5703125 0.875 0.5703125 0.876953125 0.5703125 0.875 0.57421875 0.87109375 0.57421875 0.8671875 0.572265625 0.865234375 0.568359375 0.865234375
1 0.40625 0.84375 0.408203125 0.845703125 0.40625 0.84765625 0.40625 0.849609375 0.408203125 0.8515625 0.40625 0.853515625 0.404296875 0.853515625 0.40234375 0.85546875 0.400390625 0.85546875 0.3984375 0.853515625 0.400390625 0.8515625 0.3984375 0.853515625 0.396484375 0.853515625 0.400390625 0.857421875 0.39453125 0.86328125 0.396484375 0.861328125 0.3984375 0.86328125 0.40234375 0.86328125 0.404296875 0.865234375 0.408203125 0.865234375 0.408203125 0.86328125 0.41015625 0.861328125 0.408203125 0.859375 0.412109375 0.85546875 0.41015625 0.857421875 0.40625 0.853515625 0.408203125 0.8515625 0.41015625 0.8515625 0.408203125 0.8515625 0.40625 0.849609375 0.40625 0.84765625 0.408203125 0.845703125
