0 0.306640625 0.12109375 0.3046875 0.123046875 0.3046875 0.125 0.306640625 0.126953125 0.306640625 0.12890625 0.30859375 0.130859375 0.302734375 0.13671875 0.3046875 0.138671875 0.302734375 0.13671875 0.306640625 0.1328125 0.30859375 0.134765625 0.306640625 0.1328125 0.310546875 0.12890625 0.3125 0.12890625 0.314453125 0.126953125 0.318359375 0.126953125 0.314453125 0.126953125 0.310546875 0.123046875 0.30859375 0.123046875
0 0.994140625 0.119140625 0.994140625 0.12109375 0.9921875 0.123046875 0.9921875 0.125 0.990234375 0.126953125 0.9921875 0.12890625 0.994140625 0.126953125 0.998046875 0.126953125 0.998046875 0.123046875 0.99609375 0.12109375 0.998046875 0.119140625 0.99609375 0.12109375
0 0.8359375 0.109375 0.833984375 0.111328125 0.83984375 0.1171875 0.837890625 0.119140625 0.837890625 0.12109375 0.8359375 0.123046875 0.841796875 0.123046875 0.841796875 0.119140625 0.84375 0.1171875 0.841796875 0.119140625 0.837890625 0.115234375 0.83984375 0.11328125 0.837890625 0.115234375 0.833984375 0.111328125
0 0.865234375 0.09765625 0.86328125 0.099609375 0.857421875 0.099609375 0.857421875 0.1015625 0.853515625 0.10546875 0.8515625 0.103515625 0.849609375 0.10546875 0.8515625 0.107421875 0.849609375 0.109375 0.849609375 0.11328125 0.84765625 0.115234375 0.84375 0.111328125 0.845703125 0.109375 0.845703125 0.107421875 0.84375 0.10546875 0.845703125 0.107421875 0.845703125 0.109375 0.84375 0.111328125 0.849609375 0.1171875 0.845703125 0.12109375 0.849609375 0.1171875 0.8515625 0.1171875 0.853515625 0.119140625 0.85546875 0.119140625 0.857421875 0.12109375 0.859375 0.119140625 0.861328125 0.119140625 0.86328125 0.12109375 0.861328125 0.123046875 0.865234375 0.119140625 0.865234375 0.1171875 0.8671875 0.115234375 0.869140625 0.1171875 0.8671875 0.115234375 0.8671875 0.111328125 0.873046875 0.10546875 0.869140625 0.109375 0.8671875 0.107421875 0.8671875 0.10546875 0.873046875 0.099609375 0.87109375 0.1015625 0.869140625 0.1015625 0.8671875 0.099609375 0.869140625 0.09765625 0.8671875 0.099609375
0 0.443359375 0.064453125 0.44140625 0.06640625 0.439453125 0.06640625 0.439453125 0.076171875 0.4453125 0.076171875 0.447265625 0.07421875 0.447265625 0.0703125 0.44921875 0.068359375 0.4453125 0.064453125
0 0.322265625 0.0625 0.32421875 0.064453125 0.32421875 0.06640625 0.326171875 0.068359375 0.326171875 0.0703125 0.328125 0.068359375 0.330078125 0.0703125 0.33203125 0.068359375 0.330078125 0.06640625 0.330078125 0.0625 0.326171875 0.0625 0.32421875 0.064453125
0 0.482421875 0.05078125 0.484375 0.052734375 0.482421875 0.0546875 0.484375 0.056640625 0.48046875 0.060546875 0.482421875 0.05859375 0.484375 0.05859375 0.486328125 0.060546875 0.484375 0.05859375 0.486328125 0.056640625 0.48828125 0.056640625 0.48828125 0.052734375 0.484375 0.052734375
0 0.98828125 0.048828125 0.990234375 0.05078125 0.98828125 0.052734375 0.990234375 0.0546875 0.990234375 0.056640625 0.9921875 0.05859375 0.98828125 0.0625 0.984375 0.05859375 0.98828125 0.0625 0.986328125 0.064453125 0.98828125 0.0625 0.994140625 0.068359375 0.998046875 0.064453125 0.998046875 0.060546875 0.99609375 0.05859375 0.9921875 0.05859375 0.990234375 0.056640625 0.990234375 0.0546875 0.98828125 0.052734375 0.990234375 0.05078125
0 0.466796875 0.048828125 0.466796875 0.05078125 0.46484375 0.052734375 0.462890625 0.052734375 0.462890625 0.0546875 0.46484375 0.056640625 0.466796875 0.056640625 0.46875 0.05859375 0.47265625 0.0546875 0.474609375 0.056640625 0.474609375 0.05859375 0.474609375 0.056640625 0.47265625 0.0546875 0.47265625 0.05078125 0.470703125 0.05078125 0.46875 0.048828125
0 0.236328125 0.037109375 0.240234375 0.041015625 0.23828125 0.04296875 0.23828125 0.046875 0.2421875 0.046875 0.244140625 0.044921875 0.244140625 0.04296875 0.2421875 0.041015625 0.24609375 0.037109375 0.2421875 0.041015625 0.240234375 0.041015625
0 0.88671875 0.02734375 0.88671875 0.029296875 0.8828125 0.033203125 0.880859375 0.033203125 0.8828125 0.033203125 0.88671875 0.037109375 0.88671875 0.0390625 0.884765625 0.041015625 0.888671875 0.037109375 0.892578125 0.037109375 0.892578125 0.03515625 0.89453125 0.033203125 0.892578125 0.03125 0.892578125 0.029296875 0.890625 0.029296875 0.888671875 0.02734375
0 0.71484375 0.015625 0.712890625 0.017578125 0.712890625 0.01953125 0.708984375 0.0234375 0.70703125 0.021484375 0.708984375 0.0234375 0.708984375 0.02734375 0.70703125 0.029296875 0.708984375 0.029296875 0.7109375 0.03125 0.7109375 0.033203125 0.708984375 0.03515625 0.705078125 0.03515625 0.708984375 0.03515625 0.712890625 0.03125 0.716796875 0.03125 0.720703125 0.02734375 0.720703125 0.025390625 0.72265625 0.0234375 0.7265625 0.02734375 0.728515625 0.02734375 0.73046875 0.029296875 0.732421875 0.02734375 0.73046875 0.025390625 0.728515625 0.02734375 0.7265625 0.02734375 0.724609375 0.025390625 0.7265625 0.0234375 0.724609375 0.025390625 0.72265625 0.0234375 0.72265625 0.021484375 0.720703125 0.021484375 0.71875 0.01953125 0.71484375 0.01953125 0.712890625 0.017578125
0 0.90234375 0.005859375 0.896484375 0.01171875 0.89453125 0.009765625 0.888671875 0.009765625 0.88671875 0.01171875 0.8828125 0.01171875 0.88671875 0.01171875 0.888671875 0.013671875 0.884765625 0.017578125 0.8828125 0.017578125 0.87890625 0.013671875 0.8828125 0.017578125 0.884765625 0.017578125 0.88671875 0.015625 0.888671875 0.017578125 0.888671875 0.01953125 0.890625 0.021484375 0.892578125 0.021484375 0.89453125 0.0234375 0.892578125 0.025390625 0.89453125 0.0234375 0.89453125 0.021484375 0.896484375 0.01953125 0.8984375 0.021484375 0.90234375 0.017578125 0.900390625 0.017578125 0.8984375 0.015625 0.8984375 0.013671875 0.900390625 0.01171875 0.8984375 0.009765625 0.90234375 0.005859375 0.904296875 0.0078125
0 0.994140625 0.001953125 0.990234375 0.005859375 0.990234375 0.0078125 0.986328125 0.01171875 0.984375 0.009765625 0.984375 0.0078125 0.986328125 0.005859375 0.982421875 0.009765625 0.98046875 0.0078125 0.9765625 0.01171875 0.974609375 0.01171875 0.97265625 0.009765625 0.974609375 0.0078125 0.97265625 0.009765625 0.9765625 0.013671875 0.9765625 0.021484375 0.982421875 0.02734375 0.984375 0.02734375 0.986328125 0.029296875 0.984375 0.02734375 0.982421875 0.02734375 0.98046875 0.025390625 0.982421875 0.0234375 0.986328125 0.0234375 0.990234375 0.02734375 0.98828125 0.025390625 0.98828125 0.0234375 0.990234375 0.021484375 0.990234375 0.015625 0.98828125 0.013671875 0.990234375 0.01171875 0.98828125 0.009765625 0.990234375 0.0078125 0.990234375 0.005859375
0 0.837890625 0.0 0.83984375 0.001953125 0.837890625 0.00390625 0.8359375 0.00390625 0.837890625 0.005859375 0.837890625 0.00390625 0.83984375 0.001953125 0.841796875 0.00390625 0.841796875 0.009765625 0.845703125 0.009765625 0.84765625 0.01171875 0.84765625 0.013671875 0.849609375 0.01171875 0.8515625 0.01171875 0.853515625 0.013671875 0.85546875 0.01171875 0.85546875 0.0078125 0.857421875 0.005859375 0.857421875 0.0 0.84375 0.0 0.841796875 0.001953125 0.83984375 0.001953125
0 0.56640625 0.0 0.564453125 0.001953125 0.5625 0.001953125 0.564453125 0.00390625 0.5625 0.005859375 0.564453125 0.0078125 0.564453125 0.01171875 0.56640625 0.013671875 0.568359375 0.01171875 0.572265625 0.01171875 0.57421875 0.013671875 0.57421875 0.01171875 0.576171875 0.009765625 0.57421875 0.0078125 0.576171875 0.005859375 0.572265625 0.001953125 0.572265625 0.0 0.5703125 0.001953125 0.568359375 0.001953125
1 0.306640625 0.12109375 0.3046875 0.123046875 0.3046875 0.125 0.306640625 0.126953125 0.306640625 0.12890625 0.30859375 0.130859375 0.302734375 0.13671875 0.3046875 0.138671875 0.302734375 0.13671875 0.306640625 0.1328125 0.30859375 0.134765625 0.306640625 0.1328125 0.310546875 0.12890625 0.3125 0.12890625 0.314453125 0.126953125 0.318359375 0.126953125 0.314453125 0.126953125 0.310546875 0.123046875 0.30859375 0.123046875
1 0.994140625 0.119140625 0.994140625 0.12109375 0.9921875 0.123046875 0.9921875 0.125 0.990234375 0.126953125 0.9921875 0.12890625 0.994140625 0.126953125 0.998046875 0.126953125 0.998046875 0.123046875 0.99609375 0.12109375 0.998046875 0.119140625 0.99609375 0.12109375
1 0.8359375 0.109375 0.833984375 0.111328125 0.83984375 0.1171875 0.837890625 0.119140625 0.837890625 0.12109375 0.8359375 0.123046875 0.841796875 0.123046875 0.841796875 0.119140625 0.84375 0.1171875 0.841796875 0.119140625 0.837890625 0.115234375 0.83984375 0.11328125 0.837890625 0.115234375 0.833984375 0.111328125
1 0.865234375 0.09765625 0.86328125 0.099609375 0.857421875 0.099609375 0.857421875 0.1015625 0.853515625 0.10546875 0.8515625 0.103515625 0.849609375 0.10546875 0.8515625 0.107421875 0.849609375 0.109375 0.849609375 0.11328125 0.84765625 0.115234375 0.84375 0.111328125 0.845703125 0.109375 0.845703125 0.107421875 0.84375 0.10546875 0.845703125 0.107421875 0.845703125 0.109375 0.84375 0.111328125 0.849609375 0.1171875 0.845703125 0.12109375 0.849609375 0.1171875 0.8515625 0.1171875 0.853515625 0.119140625 0.85546875 0.119140625 0.857421875 0.12109375 0.859375 0.119140625 0.861328125 0.119140625 0.86328125 0.12109375 0.861328125 0.123046875 0.865234375 0.119140625 0.865234375 0.1171875 0.8671875 0.115234375 0.869140625 0.1171875 0.8671875 0.115234375 0.8671875 0.111328125 0.873046875 0.10546875 0.869140625 0.109375 0.8671875 0.107421875 0.8671875 0.10546875 0.873046875 0.099609375 0.87109375 0.1015625 0.869140625 0.1015625 0.8671875 0.099609375 0.869140625 0.09765625 0.8671875 0.099609375
1 0.443359375 0.064453125 0.44140625 0.06640625 0.439453125 0.06640625 0.439453125 0.076171875 0.4453125 0.076171875 0.447265625 0.07421875 0.447265625 0.0703125 0.44921875 0.068359375 0.4453125 0.064453125
1 0.322265625 0.0625 0.32421875 0.064453125 0.32421875 0.06640625 0.326171875 0.068359375 0.326171875 0.0703125 0.328125 0.068359375 0.330078125 0.0703125 0.33203125 0.068359375 0.330078125 0.06640625 0.330078125 0.0625 0.326171875 0.0625 0.32421875 0.064453125
1 0.482421875 0.05078125 0.484375 0.052734375 0.482421875 0.0546875 0.484375 0.056640625 0.48046875 0.060546875 0.482421875 0.05859375 0.484375 0.05859375 0.486328125 0.060546875 0.484375 0.05859375 0.486328125 0.056640625 0.48828125 0.056640625 0.48828125 0.052734375 0.484375 0.052734375
1 0.98828125 0.048828125 0.990234375 0.05078125 0.98828125 0.052734375 0.990234375 0.0546875 0.990234375 0.056640625 0.9921875 0.05859375 0.98828125 0.0625 0.984375 0.05859375 0.98828125 0.0625 0.986328125 0.064453125 0.98828125 0.0625 0.994140625 0.068359375 0.998046875 0.064453125 0.998046875 0.060546875 0.99609375 0.05859375 0.9921875 0.05859375 0.990234375 0.056640625 0.990234375 0.0546875 0.98828125 0.052734375 0.990234375 0.05078125
1 0.466796875 0.048828125 0.466796875 0.05078125 0.46484375 0.052734375 0.462890625 0.052734375 0.462890625 0.0546875 0.46484375 0.056640625 0.466796875 0.056640625 0.46875 0.05859375 0.47265625 0.0546875 0.474609375 0.056640625 0.474609375 0.05859375 0.474609375 0.056640625 0.47265625 0.0546875 0.47265625 0.05078125 0.470703125 0.05078125 0.46875 0.048828125
1 0.236328125 0.037109375 0.240234375 0.041015625 0.23828125 0.04296875 0.23828125 0.046875 0.2421875 0.046875 0.244140625 0.044921875 0.244140625 0.04296875 0.2421875 0.041015625 0.24609375 0.037109375 0.2421875 0.041015625 0.240234375 0.041015625
1 0.88671875 0.02734375 0.88671875 0.029296875 0.8828125 0.033203125 0.880859375 0.033203125 0.8828125 0.033203125 0.88671875 0.037109375 0.88671875 0.0390625 0.884765625 0.041015625 0.888671875 0.037109375 0.892578125 0.037109375 0.892578125 0.03515625 0.89453125 0.033203125 0.892578125 0.03125 0.892578125 0.029296875 0.890625 0.029296875 0.888671875 0.02734375
1 0.71484375 0.015625 0.712890625 0.017578125 0.712890625 0.01953125 0.708984375 0.0234375 0.70703125 0.021484375 0.708984375 0.0234375 0.708984375 0.02734375 0.70703125 0.029296875 0.708984375 0.029296875 0.7109375 0.03125 0.7109375 0.033203125 0.708984375 0.03515625 0.705078125 0.03515625 0.708984375 0.03515625 0.712890625 0.03125 0.716796875 0.03125 0.720703125 0.02734375 0.720703125 0.025390625 0.72265625 0.0234375 0.7265625 0.02734375 0.728515625 0.02734375 0.73046875 0.029296875 0.732421875 0.02734375 0.73046875 0.025390625 0.728515625 0.02734375 0.7265625 0.02734375 0.724609375 0.025390625 0.7265625 0.0234375 0.724609375 0.025390625 0.72265625 0.0234375 0.72265625 0.021484375 0.720703125 0.021484375 0.71875 0.01953125 0.71484375 0.01953125 0.712890625 0.017578125
1 0.90234375 0.005859375 0.896484375 0.01171875 0.89453125 0.009765625 0.888671875 0.009765625 0.88671875 0.01171875 0.8828125 0.01171875 0.88671875 0.01171875 0.888671875 0.013671875 0.884765625 0.017578125 0.8828125 0.017578125 0.87890625 0.013671875 0.8828125 0.017578125 0.884765625 0.017578125 0.88671875 0.015625 0.888671875 0.017578125 0.888671875 0.01953125 0.890625 0.021484375 0.892578125 0.021484375 0.89453125 0.0234375 0.892578125 0.025390625 0.89453125 0.0234375 0.89453125 0.021484375 0.896484375 0.01953125 0.8984375 0.021484375 0.90234375 0.017578125 0.900390625 0.017578125 0.8984375 0.015625 0.8984375 0.013671875 0.900390625 0.01171875 0.8984375 0.009765625 0.90234375 0.005859375 0.904296875 0.0078125
1 0.994140625 0.001953125 0.990234375 0.005859375 0.990234375 0.0078125 0.986328125 0.01171875 0.984375 0.009765625 0.984375 0.0078125 0.986328125 0.005859375 0.982421875 0.009765625 0.98046875 0.0078125 0.9765625 0.01171875 0.974609375 0.01171875 0.97265625 0.009765625 0.974609375 0.0078125 0.97265625 0.009765625 0.9765625 0.013671875 0.9765625 0.021484375 0.982421875 0.02734375 0.984375 0.02734375 0.986328125 0.029296875 0.984375 0.02734375 0.982421875 0.02734375 0.98046875 0.025390625 0.982421875 0.0234375 0.986328125 0.0234375 0.990234375 0.02734375 0.98828125 0.025390625 0.98828125 0.0234375 0.990234375 0.021484375 0.990234375 0.015625 0.98828125 0.013671875 0.990234375 0.01171875 0.98828125 0.009765625 0.990234375 0.0078125 0.990234375 0.005859375
1 0.837890625 0.0 0.83984375 0.001953125 0.837890625 0.00390625 0.8359375 0.00390625 0.837890625 0.005859375 0.837890625 0.00390625 0.83984375 0.001953125 0.841796875 0.00390625 0.841796875 0.009765625 0.845703125 0.009765625 0.84765625 0.01171875 0.84765625 0.013671875 0.849609375 0.01171875 0.8515625 0.01171875 0.853515625 0.013671875 0.85546875 0.01171875 0.85546875 0.0078125 0.857421875 0.005859375 0.857421875 0.0 0.84375 0.0 0.841796875 0.001953125 0.83984375 0.001953125
1 0.56640625 0.0 0.564453125 0.001953125 0.5625 0.001953125 0.564453125 0.00390625 0.5625 0.005859375 0.564453125 0.0078125 0.564453125 0.01171875 0.56640625 0.013671875 0.568359375 0.01171875 0.572265625 0.01171875 0.57421875 0.013671875 0.57421875 0.01171875 0.576171875 0.009765625 0.57421875 0.0078125 0.576171875 0.005859375 0.572265625 0.001953125 0.572265625 0.0 0.5703125 0.001953125 0.568359375 0.001953125
