0 0.99609375 0.51171875 0.99609375 0.513671875 0.994140625 0.515625 0.994140625 0.517578125 0.990234375 0.521484375 0.9921875 0.51953125 0.99609375 0.5234375 0.998046875 0.5234375 0.99609375 0.5234375 0.994140625 0.521484375 0.998046875 0.517578125 0.998046875 0.515625 0.99609375 0.513671875
0 0.2109375 0.47265625 0.212890625 0.47265625 0.21484375 0.474609375 0.212890625 0.4765625 0.208984375 0.4765625 0.2109375 0.478515625 0.2109375 0.48046875 0.212890625 0.482421875 0.216796875 0.482421875 0.21484375 0.48046875 0.21484375 0.478515625 0.212890625 0.4765625 0.21484375 0.474609375 0.212890625 0.47265625
0 0.28515625 0.470703125 0.287109375 0.47265625 0.283203125 0.4765625 0.28515625 0.478515625 0.28515625 0.48046875 0.28515625 0.478515625 0.283203125 0.4765625 0.287109375 0.47265625 0.2890625 0.474609375 0.2890625 0.4765625 0.291015625 0.4765625 0.29296875 0.474609375 0.29296875 0.47265625 0.291015625 0.470703125 0.2890625 0.470703125 0.287109375 0.47265625
0 0.865234375 0.423828125 0.869140625 0.427734375 0.869140625 0.4296875 0.8671875 0.431640625 0.869140625 0.4296875 0.87109375 0.431640625 0.87109375 0.43359375 0.87109375 0.431640625 0.873046875 0.4296875 0.875 0.431640625 0.876953125 0.4296875 0.876953125 0.427734375 0.87890625 0.42578125 0.876953125 0.423828125 0.87109375 0.423828125 0.869140625 0.42578125 0.8671875 0.42578125
0 0.748046875 0.21875 0.744140625 0.22265625 0.7421875 0.220703125 0.740234375 0.22265625 0.7421875 0.220703125 0.744140625 0.22265625 0.744140625 0.224609375 0.7421875 0.2265625 0.740234375 0.2265625 0.73828125 0.228515625 0.73828125 0.23046875 0.740234375 0.23046875 0.7421875 0.228515625 0.744140625 0.228515625 0.74609375 0.2265625 0.748046875 0.228515625 0.748046875 0.224609375 0.74609375 0.22265625 0.74609375 0.220703125
0 0.541015625 0.1875 0.5390625 0.189453125 0.537109375 0.189453125 0.5390625 0.19140625 0.537109375 0.193359375 0.53515625 0.193359375 0.53515625 0.1953125 0.533203125 0.197265625 0.53515625 0.19921875 0.5390625 0.1953125 0.54296875 0.1953125 0.544921875 0.197265625 0.54296875 0.19921875 0.544921875 0.197265625 0.54296875 0.1953125 0.541015625 0.1953125 0.5390625 0.193359375 0.541015625 0.19140625 0.5390625 0.189453125
0 0.908203125 0.171875 0.90625 0.173828125 0.90625 0.17578125 0.908203125 0.177734375 0.908203125 0.181640625 0.908203125 0.1796875 0.91015625 0.177734375 0.9140625 0.181640625 0.912109375 0.1796875 0.912109375 0.173828125 0.91015625 0.173828125
0 0.365234375 0.16015625 0.36328125 0.162109375 0.3671875 0.166015625 0.36328125 0.169921875 0.369140625 0.1640625 0.373046875 0.1640625 0.373046875 0.16015625 0.37109375 0.16015625 0.369140625 0.162109375 0.3671875 0.16015625
0 0.935546875 0.126953125 0.93359375 0.12890625 0.935546875 0.130859375 0.93359375 0.1328125 0.93359375 0.134765625 0.939453125 0.134765625 0.939453125 0.1328125 0.9375 0.130859375 0.939453125 0.12890625 0.9375 0.126953125
0 0.435546875 0.111328125 0.43359375 0.11328125 0.435546875 0.115234375 0.43359375 0.1171875 0.43359375 0.119140625 0.435546875 0.119140625 0.4375 0.12109375 0.435546875 0.123046875 0.4375 0.12109375 0.443359375 0.12109375 0.4453125 0.123046875 0.443359375 0.12109375 0.443359375 0.119140625 0.44921875 0.11328125 0.4453125 0.1171875 0.44140625 0.11328125 0.439453125 0.115234375 0.435546875 0.115234375 0.43359375 0.11328125
0 0.642578125 0.095703125 0.638671875 0.099609375 0.63671875 0.099609375 0.63671875 0.1015625 0.638671875 0.1015625 0.642578125 0.10546875
0 0.083984375 0.03515625 0.080078125 0.0390625 0.078125 0.037109375 0.0859375 0.044921875 0.083984375 0.04296875 0.087890625 0.0390625 0.08984375 0.041015625 0.08984375 0.04296875 0.091796875 0.04296875 0.08984375 0.041015625 0.091796875 0.0390625 0.08984375 0.041015625 0.087890625 0.0390625 0.087890625 0.037109375 0.087890625 0.0390625 0.0859375 0.041015625 0.083984375 0.0390625
0 0.78515625 0.033203125 0.783203125 0.03515625 0.78125 0.03515625 0.78125 0.037109375 0.783203125 0.0390625 0.78125 0.041015625 0.783203125 0.0390625 0.78515625 0.0390625 0.78515625 0.037109375 0.787109375 0.03515625 0.787109375 0.033203125
0 0.74609375 0.01953125 0.748046875 0.021484375 0.748046875 0.0234375 0.744140625 0.02734375 0.74609375 0.02734375 0.748046875 0.029296875 0.75 0.02734375 0.75 0.0234375 0.748046875 0.021484375 0.75 0.01953125 0.748046875 0.021484375
1 0.99609375 0.51171875 0.99609375 0.513671875 0.994140625 0.515625 0.994140625 0.517578125 0.990234375 0.521484375 0.9921875 0.51953125 0.99609375 0.5234375 0.998046875 0.5234375 0.99609375 0.5234375 0.994140625 0.521484375 0.998046875 0.517578125 0.998046875 0.515625 0.99609375 0.513671875
1 0.2109375 0.47265625 0.212890625 0.47265625 0.21484375 0.474609375 0.212890625 0.4765625 0.208984375 0.4765625 0.2109375 0.478515625 0.2109375 0.48046875 0.212890625 0.482421875 0.216796875 0.482421875 0.21484375 0.48046875 0.21484375 0.478515625 0.212890625 0.4765625 0.21484375 0.474609375 0.212890625 0.47265625
1 0.28515625 0.470703125 0.287109375 0.47265625 0.283203125 0.4765625 0.28515625 0.478515625 0.28515625 0.48046875 0.28515625 0.478515625 0.283203125 0.4765625 0.287109375 0.47265625 0.2890625 0.474609375 0.2890625 0.4765625 0.291015625 0.4765625 0.29296875 0.474609375 0.29296875 0.47265625 0.291015625 0.470703125 0.2890625 0.470703125 0.287109375 0.47265625
1 0.865234375 0.423828125 0.869140625 0.427734375 0.869140625 0.4296875 0.8671875 0.431640625 0.869140625 0.4296875 0.87109375 0.431640625 0.87109375 0.43359375 0.87109375 0.431640625 0.873046875 0.4296875 0.875 0.431640625 0.876953125 0.4296875 0.876953125 0.427734375 0.87890625 0.42578125 0.876953125 0.423828125 0.87109375 0.423828125 0.869140625 0.42578125 0.8671875 0.42578125
1 0.748046875 0.21875 0.744140625 0.22265625 0.7421875 0.220703125 0.740234375 0.22265625 0.7421875 0.220703125 0.744140625 0.22265625 0.744140625 0.224609375 0.7421875 0.2265625 0.740234375 0.2265625 0.73828125 0.228515625 0.73828125 0.23046875 0.740234375 0.23046875 0.7421875 0.228515625 0.744140625 0.228515625 0.74609375 0.2265625 0.748046875 0.228515625 0.748046875 0.224609375 0.74609375 0.22265625 0.74609375 0.220703125
1 0.541015625 0.1875 0.5390625 0.189453125 0.537109375 0.189453125 0.5390625 0.19140625 0.537109375 0.193359375 0.53515625 0.193359375 0.53515625 0.1953125 0.533203125 0.197265625 0.53515625 0.19921875 0.5390625 0.1953125 0.54296875 0.1953125 0.544921875 0.197265625 0.54296875 0.19921875 0.544921875 0.197265625 0.54296875 0.1953125 0.541015625 0.1953125 0.5390625 0.193359375 0.541015625 0.19140625 0.5390625 0.189453125
1 0.908203125 0.171875 0.90625 0.173828125 0.90625 0.17578125 0.908203125 0.177734375 0.908203125 0.181640625 0.908203125 0.1796875 0.91015625 0.177734375 0.9140625 0.181640625 0.912109375 0.1796875 0.912109375 0.173828125 0.91015625 0.173828125
1 0.365234375 0.16015625 0.36328125 0.162109375 0.3671875 0.166015625 0.36328125 0.169921875 0.369140625 0.1640625 0.373046875 0.1640625 0.373046875 0.16015625 0.37109375 0.16015625 0.369140625 0.162109375 0.3671875 0.16015625
1 0.935546875 0.126953125 0.93359375 0.12890625 0.935546875 0.130859375 0.93359375 0.1328125 0.93359375 0.134765625 0.939453125 0.134765625 0.939453125 0.1328125 0.9375 0.130859375 0.939453125 0.12890625 0.9375 0.126953125
1 0.435546875 0.111328125 0.43359375 0.11328125 0.435546875 0.115234375 0.43359375 0.1171875 0.43359375 0.119140625 0.435546875 0.119140625 0.4375 0.12109375 0.435546875 0.123046875 0.4375 0.12109375 0.443359375 0.12109375 0.4453125 0.123046875 0.443359375 0.12109375 0.443359375 0.119140625 0.44921875 0.11328125 0.4453125 0.1171875 0.44140625 0.11328125 0.439453125 0.115234375 0.435546875 0.115234375 0.43359375 0.11328125
1 0.642578125 0.095703125 0.638671875 0.099609375 0.63671875 0.099609375 0.63671875 0.1015625 0.638671875 0.1015625 0.642578125 0.10546875
1 0.083984375 0.03515625 0.080078125 0.0390625 0.078125 0.037109375 0.0859375 0.044921875 0.083984375 0.04296875 0.087890625 0.0390625 0.08984375 0.041015625 0.08984375 0.04296875 0.091796875 0.04296875 0.08984375 0.041015625 0.091796875 0.0390625 0.08984375 0.041015625 0.087890625 0.0390625 0.087890625 0.037109375 0.087890625 0.0390625 0.0859375 0.041015625 0.083984375 0.0390625
1 0.78515625 0.033203125 0.783203125 0.03515625 0.78125 0.03515625 0.78125 0.037109375 0.783203125 0.0390625 0.78125 0.041015625 0.783203125 0.0390625 0.78515625 0.0390625 0.78515625 0.037109375 0.787109375 0.03515625 0.787109375 0.033203125
1 0.74609375 0.01953125 0.748046875 0.021484375 0.748046875 0.0234375 0.744140625 0.02734375 0.74609375 0.02734375 0.748046875 0.029296875 0.75 0.02734375 0.75 0.0234375 0.748046875 0.021484375 0.75 0.01953125 0.748046875 0.021484375
