0 0.0546875 0.90625 0.05078125 0.91015625 0.048828125 0.908203125 0.052734375 0.912109375 0.0546875 0.91015625 0.056640625 0.91015625 0.05859375 0.908203125 0.0625 0.912109375 0.064453125 0.91015625 0.064453125 0.90625 0.060546875 0.90625 0.056640625 0.91015625 0.0546875 0.91015625 0.052734375 0.908203125
0 0.044921875 0.376953125 0.04296875 0.37890625 0.044921875 0.380859375 0.04296875 0.3828125 0.04296875 0.384765625 0.046875 0.384765625 0.046875 0.380859375 0.048828125 0.37890625 0.05078125 0.37890625 0.048828125 0.37890625 0.046875 0.376953125
0 0.33984375 0.158203125 0.337890625 0.16015625 0.33984375 0.162109375 0.33984375 0.16796875 0.33984375 0.166015625 0.341796875 0.1640625 0.34375 0.1640625 0.345703125 0.166015625 0.34375 0.16796875 0.345703125 0.166015625 0.34765625 0.166015625 0.345703125 0.166015625 0.34375 0.1640625 0.34375 0.16015625 0.341796875 0.16015625
0 0.09765625 0.150390625 0.09765625 0.15234375 0.095703125 0.154296875 0.09375 0.15234375 0.095703125 0.154296875 0.095703125 0.158203125 0.09765625 0.15625 0.099609375 0.158203125 0.099609375 0.15625 0.1015625 0.154296875 0.103515625 0.15625 0.103515625 0.158203125 0.103515625 0.15625
0 0.52734375 0.1171875 0.52734375 0.12109375 0.525390625 0.123046875 0.525390625 0.12890625 0.52734375 0.12890625 0.529296875 0.130859375 0.52734375 0.12890625 0.52734375 0.126953125 0.529296875 0.125 0.529296875 0.123046875 0.52734375 0.12109375 0.52734375 0.119140625 0.529296875 0.1171875
0 0.263671875 0.109375 0.26171875 0.111328125 0.259765625 0.111328125 0.263671875 0.115234375 0.263671875 0.1171875 0.26171875 0.119140625 0.265625 0.115234375 0.271484375 0.115234375 0.267578125 0.115234375 0.265625 0.11328125 0.267578125 0.111328125 0.265625 0.111328125
0 0.978515625 0.09375 0.98046875 0.095703125 0.98046875 0.09765625 0.982421875 0.099609375 0.98046875 0.1015625 0.978515625 0.1015625 0.974609375 0.09765625 0.974609375 0.095703125 0.974609375 0.09765625 0.9765625 0.099609375 0.97265625 0.103515625 0.974609375 0.103515625 0.9765625 0.10546875 0.978515625 0.10546875 0.98046875 0.103515625 0.98046875 0.1015625 0.982421875 0.099609375 0.98046875 0.09765625 0.98046875 0.095703125
0 0.765625 0.064453125 0.763671875 0.06640625 0.763671875 0.0703125 0.76171875 0.072265625 0.759765625 0.072265625 0.76171875 0.072265625 0.763671875 0.07421875 0.765625 0.072265625 0.763671875 0.0703125 0.765625 0.068359375 0.767578125 0.068359375 0.767578125 0.06640625 0.76953125 0.064453125
0 0.869140625 0.046875 0.87109375 0.048828125 0.8671875 0.052734375 0.86328125 0.052734375 0.865234375 0.0546875 0.86328125 0.056640625 0.86328125 0.05859375 0.865234375 0.056640625 0.873046875 0.056640625 0.87109375 0.056640625 0.8671875 0.052734375 0.87109375 0.048828125
0 0.15234375 0.001953125 0.150390625 0.00390625 0.15234375 0.005859375 0.15234375 0.01171875 0.15234375 0.009765625 0.154296875 0.0078125 0.158203125 0.0078125 0.158203125 0.005859375 0.15625 0.005859375
0 0.927734375 0.0 0.92578125 0.001953125 0.923828125 0.001953125 0.923828125 0.005859375 0.921875 0.0078125 0.923828125 0.0078125 0.92578125 0.009765625 0.923828125 0.01171875 0.92578125 0.009765625 0.927734375 0.009765625 0.931640625 0.013671875 0.927734375 0.009765625 0.9296875 0.0078125 0.931640625 0.0078125 0.93359375 0.009765625 0.931640625 0.0078125 0.93359375 0.005859375 0.935546875 0.005859375 0.93359375 0.005859375 0.931640625 0.00390625 0.93359375 0.001953125 0.931640625 0.00390625
0 0.6953125 0.0 0.693359375 0.001953125 0.69140625 0.001953125 0.693359375 0.001953125 0.6953125 0.00390625 0.6953125 0.005859375 0.693359375 0.0078125 0.69140625 0.005859375 0.689453125 0.005859375 0.69140625 0.005859375 0.693359375 0.0078125 0.69140625 0.009765625 0.689453125 0.009765625 0.689453125 0.017578125 0.69140625 0.015625 0.693359375 0.017578125 0.693359375 0.013671875 0.69140625 0.01171875 0.69140625 0.009765625 0.6953125 0.005859375 0.6953125 0.00390625 0.693359375 0.001953125
1 0.0546875 0.90625 0.05078125 0.91015625 0.048828125 0.908203125 0.052734375 0.912109375 0.0546875 0.91015625 0.056640625 0.91015625 0.05859375 0.908203125 0.0625 0.912109375 0.064453125 0.91015625 0.064453125 0.90625 0.060546875 0.90625 0.056640625 0.91015625 0.0546875 0.91015625 0.052734375 0.908203125
1 0.044921875 0.376953125 0.04296875 0.37890625 0.044921875 0.380859375 0.04296875 0.3828125 0.04296875 0.384765625 0.046875 0.384765625 0.046875 0.380859375 0.048828125 0.37890625 0.05078125 0.37890625 0.048828125 0.37890625 0.046875 0.376953125
1 0.33984375 0.158203125 0.337890625 0.16015625 0.33984375 0.162109375 0.33984375 0.16796875 0.33984375 0.166015625 0.341796875 0.1640625 0.34375 0.1640625 0.345703125 0.166015625 0.34375 0.16796875 0.345703125 0.166015625 0.34765625 0.166015625 0.345703125 0.166015625 0.34375 0.1640625 0.34375 0.16015625 0.341796875 0.16015625
1 0.09765625 0.150390625 0.09765625 0.15234375 0.095703125 0.154296875 0.09375 0.15234375 0.095703125 0.154296875 0.095703125 0.158203125 0.09765625 0.15625 0.099609375 0.158203125 0.099609375 0.15625 0.1015625 0.154296875 0.103515625 0.15625 0.103515625 0.158203125 0.103515625 0.15625
1 0.52734375 0.1171875 0.52734375 0.12109375 0.525390625 0.123046875 0.525390625 0.12890625 0.52734375 0.12890625 0.529296875 0.130859375 0.52734375 0.12890625 0.52734375 0.126953125 0.529296875 0.125 0.529296875 0.123046875 0.52734375 0.12109375 0.52734375 0.119140625 0.529296875 0.1171875
1 0.263671875 0.109375 0.26171875 0.111328125 0.259765625 0.111328125 0.263671875 0.115234375 0.263671875 0.1171875 0.26171875 0.119140625 0.265625 0.115234375 0.271484375 0.115234375 0.267578125 0.115234375 0.265625 0.11328125 0.267578125 0.111328125 0.265625 0.111328125
1 0.978515625 0.09375 0.98046875 0.095703125 0.98046875 0.09765625 0.982421875 0.099609375 0.98046875 0.1015625 0.978515625 0.1015625 0.974609375 0.09765625 0.974609375 0.095703125 0.974609375 0.09765625 0.9765625 0.099609375 0.97265625 0.103515625 0.974609375 0.103515625 0.9765625 0.10546875 0.978515625 0.10546875 0.98046875 0.103515625 0.98046875 0.1015625 0.982421875 0.099609375 0.98046875 0.09765625 0.98046875 0.095703125
1 0.765625 0.064453125 0.763671875 0.06640625 0.763671875 0.0703125 0.76171875 0.072265625 0.759765625 0.072265625 0.76171875 0.072265625 0.763671875 0.07421875 0.765625 0.072265625 0.763671875 0.0703125 0.765625 0.068359375 0.767578125 0.068359375 0.767578125 0.06640625 0.76953125 0.064453125
1 0.869140625 0.046875 0.87109375 0.048828125 0.8671875 0.052734375 0.86328125 0.052734375 0.865234375 0.0546875 0.86328125 0.056640625 0.86328125 0.05859375 0.865234375 0.056640625 0.873046875 0.056640625 0.87109375 0.056640625 0.8671875 0.052734375 0.87109375 0.048828125
1 0.15234375 0.001953125 0.150390625 0.00390625 0.15234375 0.005859375 0.15234375 0.01171875 0.15234375 0.009765625 0.154296875 0.0078125 0.158203125 0.0078125 0.158203125 0.005859375 0.15625 0.005859375
1 0.927734375 0.0 0.92578125 0.001953125 0.923828125 0.001953125 0.923828125 0.005859375 0.921875 0.0078125 0.923828125 0.0078125 0.92578125 0.009765625 0.923828125 0.01171875 0.92578125 0.009765625 0.927734375 0.009765625 0.931640625 0.013671875 0.927734375 0.009765625 0.9296875 0.0078125 0.931640625 0.0078125 0.93359375 0.009765625 0.931640625 0.0078125 0.93359375 0.005859375 0.935546875 0.005859375 0.93359375 0.005859375 0.931640625 0.00390625 0.93359375 0.001953125 0.931640625 0.00390625
1 0.6953125 0.0 0.693359375 0.001953125 0.69140625 0.001953125 0.693359375 0.001953125 0.6953125 0.00390625 0.6953125 0.005859375 0.693359375 0.0078125 0.69140625 0.005859375 0.689453125 0.005859375 0.69140625 0.005859375 0.693359375 0.0078125 0.69140625 0.009765625 0.689453125 0.009765625 0.689453125 0.017578125 0.69140625 0.015625 0.693359375 0.017578125 0.693359375 0.013671875 0.69140625 0.01171875 0.69140625 0.009765625 0.6953125 0.005859375 0.6953125 0.00390625 0.693359375 0.001953125
