0 0.28515625 0.40234375 0.28515625 0.404296875 0.283203125 0.40625 0.283203125 0.408203125 0.28125 0.41015625 0.28125 0.412109375 0.28125 0.41015625 0.283203125 0.408203125 0.28515625 0.41015625 0.28515625 0.412109375 0.28515625 0.41015625 0.287109375 0.408203125 0.2890625 0.408203125 0.291015625 0.41015625 0.291015625 0.408203125 0.2890625 0.40625 0.2890625 0.404296875 0.287109375 0.40234375
0 0.658203125 0.265625 0.658203125 0.267578125 0.65625 0.26953125 0.654296875 0.267578125 0.65234375 0.26953125 0.650390625 0.26953125 0.65234375 0.26953125 0.654296875 0.271484375 0.654296875 0.275390625 0.65625 0.27734375 0.66015625 0.27734375 0.662109375 0.275390625 0.662109375 0.2734375 0.6640625 0.271484375 0.662109375 0.2734375 0.66015625 0.271484375 0.658203125 0.271484375 0.65625 0.26953125 0.658203125 0.267578125
0 0.55078125 0.181640625 0.55078125 0.18359375 0.548828125 0.185546875 0.546875 0.18359375 0.548828125 0.185546875 0.548828125 0.189453125 0.55078125 0.1875 0.552734375 0.189453125 0.552734375 0.1875 0.5546875 0.185546875 0.556640625 0.1875 0.556640625 0.189453125 0.556640625 0.1875
0 0.64453125 0.15625 0.642578125 0.158203125 0.642578125 0.16015625 0.646484375 0.16015625 0.6484375 0.158203125 0.650390625 0.158203125 0.65234375 0.16015625 0.6484375 0.1640625 0.65234375 0.16015625 0.6484375 0.15625
0 0.244140625 0.09375 0.2421875 0.095703125 0.244140625 0.09765625 0.240234375 0.1015625 0.23828125 0.099609375 0.234375 0.103515625 0.236328125 0.10546875 0.23828125 0.103515625 0.240234375 0.10546875 0.240234375 0.103515625 0.2421875 0.1015625 0.2421875 0.099609375 0.244140625 0.09765625 0.2421875 0.095703125
1 0.28515625 0.40234375 0.28515625 0.404296875 0.283203125 0.40625 0.283203125 0.408203125 0.28125 0.41015625 0.28125 0.412109375 0.28125 0.41015625 0.283203125 0.408203125 0.28515625 0.41015625 0.28515625 0.412109375 0.28515625 0.41015625 0.287109375 0.408203125 0.2890625 0.408203125 0.291015625 0.41015625 0.291015625 0.408203125 0.2890625 0.40625 0.2890625 0.404296875 0.287109375 0.40234375
1 0.658203125 0.265625 0.658203125 0.267578125 0.65625 0.26953125 0.654296875 0.267578125 0.65234375 0.26953125 0.650390625 0.26953125 0.65234375 0.26953125 0.654296875 0.271484375 0.654296875 0.275390625 0.65625 0.27734375 0.66015625 0.27734375 0.662109375 0.275390625 0.662109375 0.2734375 0.6640625 0.271484375 0.662109375 0.2734375 0.66015625 0.271484375 0.658203125 0.271484375 0.65625 0.26953125 0.658203125 0.267578125
1 0.55078125 0.181640625 0.55078125 0.18359375 0.548828125 0.185546875 0.546875 0.18359375 0.548828125 0.185546875 0.548828125 0.189453125 0.55078125 0.1875 0.552734375 0.189453125 0.552734375 0.1875 0.5546875 0.185546875 0.556640625 0.1875 0.556640625 0.189453125 0.556640625 0.1875
1 0.64453125 0.15625 0.642578125 0.158203125 0.642578125 0.16015625 0.646484375 0.16015625 0.6484375 0.158203125 0.650390625 0.158203125 0.65234375 0.16015625 0.6484375 0.1640625 0.65234375 0.16015625 0.6484375 0.15625
1 0.244140625 0.09375 0.2421875 0.095703125 0.244140625 0.09765625 0.240234375 0.1015625 0.23828125 0.099609375 0.234375 0.103515625 0.236328125 0.10546875 0.23828125 0.103515625 0.240234375 0.10546875 0.240234375 0.103515625 0.2421875 0.1015625 0.2421875 0.099609375 0.244140625 0.09765625 0.2421875 0.095703125
