0 0.599609375 0.9765625 0.6015625 0.9765625 0.603515625 0.978515625 0.6015625 0.98046875 0.599609375 0.98046875 0.6015625 0.98046875 0.603515625 0.982421875 0.603515625 0.986328125 0.599609375 0.990234375 0.6015625 0.98828125 0.60546875 0.9921875 0.607421875 0.9921875 0.609375 0.990234375 0.607421875 0.9921875 0.60546875 0.9921875 0.603515625 0.990234375 0.607421875 0.986328125 0.609375 0.986328125 0.611328125 0.984375 0.609375 0.982421875 0.611328125 0.98046875 0.615234375 0.98046875 0.611328125 0.98046875 0.609375 0.978515625 0.607421875 0.978515625 0.60546875 0.9765625 0.603515625 0.978515625 0.6015625 0.9765625
0 0.982421875 0.9296875 0.984375 0.9296875 0.986328125 0.931640625 0.986328125 0.93359375 0.984375 0.935546875 0.982421875 0.93359375 0.98046875 0.935546875 0.98046875 0.9375 0.978515625 0.939453125 0.98046875 0.94140625 0.98046875 0.943359375 0.986328125 0.943359375 0.98828125 0.94140625 0.990234375 0.94140625 0.98828125 0.939453125 0.98828125 0.935546875 0.986328125 0.93359375 0.986328125 0.9296875
0 0.298828125 0.91015625 0.30078125 0.912109375 0.30078125 0.9140625 0.302734375 0.9140625 0.3046875 0.916015625 0.306640625 0.916015625 0.3046875 0.9140625 0.306640625 0.912109375 0.3046875 0.91015625
0 0.591796875 0.896484375 0.591796875 0.8984375 0.58984375 0.900390625 0.587890625 0.900390625 0.587890625 0.904296875 0.5859375 0.90625 0.58203125 0.90234375 0.583984375 0.900390625 0.58203125 0.8984375 0.580078125 0.900390625 0.578125 0.8984375 0.587890625 0.908203125 0.58984375 0.90625 0.59375 0.90625 0.595703125 0.908203125 0.595703125 0.91015625 0.59375 0.912109375 0.595703125 0.912109375 0.595703125 0.908203125 0.59765625 0.90625 0.595703125 0.904296875 0.59765625 0.90234375 0.595703125 0.900390625 0.595703125 0.8984375 0.59375 0.8984375
0 0.646484375 0.875 0.64453125 0.876953125 0.64453125 0.880859375 0.650390625 0.880859375 0.650390625 0.876953125 0.6484375 0.875
0 0.58984375 0.837890625 0.5859375 0.841796875 0.583984375 0.83984375 0.58203125 0.841796875 0.580078125 0.841796875 0.578125 0.83984375 0.580078125 0.841796875 0.578125 0.84375 0.578125 0.84765625 0.580078125 0.849609375 0.580078125 0.853515625 0.58203125 0.85546875 0.580078125 0.857421875 0.58203125 0.85546875 0.587890625 0.85546875 0.591796875 0.8515625 0.591796875 0.845703125 0.587890625 0.841796875 0.587890625 0.83984375
0 0.98828125 0.828125 0.98828125 0.83203125 0.990234375 0.833984375 0.994140625 0.833984375 0.994140625 0.83203125 0.998046875 0.828125 0.99609375 0.830078125 0.994140625 0.830078125 0.9921875 0.828125
0 0.693359375 0.7890625 0.6953125 0.7890625 0.697265625 0.791015625 0.6953125 0.79296875 0.693359375 0.79296875 0.6953125 0.79296875 0.697265625 0.794921875 0.697265625 0.796875 0.703125 0.802734375 0.701171875 0.80078125 0.705078125 0.796875 0.703125 0.794921875 0.705078125 0.79296875 0.708984375 0.79296875 0.705078125 0.79296875 0.703125 0.791015625 0.701171875 0.791015625 0.69921875 0.7890625 0.697265625 0.791015625 0.6953125 0.7890625
0 0.560546875 0.7734375 0.55859375 0.775390625 0.55859375 0.783203125 0.556640625 0.78515625 0.55859375 0.783203125 0.560546875 0.78515625 0.568359375 0.78515625 0.56640625 0.783203125 0.56640625 0.779296875 0.568359375 0.77734375 0.5703125 0.77734375 0.568359375 0.77734375 0.56640625 0.775390625 0.568359375 0.7734375 0.5703125 0.7734375 0.568359375 0.7734375 0.56640625 0.775390625 0.564453125 0.7734375 0.5625 0.775390625
0 0.66796875 0.771484375 0.6640625 0.775390625 0.662109375 0.7734375 0.666015625 0.77734375 0.666015625 0.78125 0.66796875 0.783203125 0.66796875 0.787109375 0.669921875 0.787109375 0.66796875 0.78515625 0.66796875 0.783203125 0.669921875 0.78125 0.669921875 0.77734375 0.666015625 0.7734375 0.66796875 0.771484375 0.669921875 0.771484375
0 0.736328125 0.765625 0.736328125 0.767578125 0.734375 0.76953125 0.734375 0.775390625 0.736328125 0.77734375 0.740234375 0.77734375 0.7421875 0.779296875 0.744140625 0.77734375 0.74609375 0.779296875 0.748046875 0.77734375 0.74609375 0.779296875 0.744140625 0.77734375 0.744140625 0.775390625 0.748046875 0.771484375 0.7421875 0.765625
0 0.419921875 0.7578125 0.421875 0.7578125 0.423828125 0.759765625 0.423828125 0.76171875 0.421875 0.763671875 0.419921875 0.76171875 0.41796875 0.763671875 0.41796875 0.765625 0.416015625 0.767578125 0.41796875 0.76953125 0.41796875 0.771484375 0.423828125 0.771484375 0.42578125 0.76953125 0.427734375 0.76953125 0.42578125 0.767578125 0.42578125 0.763671875 0.423828125 0.76171875 0.423828125 0.7578125
1 0.599609375 0.9765625 0.6015625 0.9765625 0.603515625 0.978515625 0.6015625 0.98046875 0.599609375 0.98046875 0.6015625 0.98046875 0.603515625 0.982421875 0.603515625 0.986328125 0.599609375 0.990234375 0.6015625 0.98828125 0.60546875 0.9921875 0.607421875 0.9921875 0.609375 0.990234375 0.607421875 0.9921875 0.60546875 0.9921875 0.603515625 0.990234375 0.607421875 0.986328125 0.609375 0.986328125 0.611328125 0.984375 0.609375 0.982421875 0.611328125 0.98046875 0.615234375 0.98046875 0.611328125 0.98046875 0.609375 0.978515625 0.607421875 0.978515625 0.60546875 0.9765625 0.603515625 0.978515625 0.6015625 0.9765625
1 0.982421875 0.9296875 0.984375 0.9296875 0.986328125 0.931640625 0.986328125 0.93359375 0.984375 0.935546875 0.982421875 0.93359375 0.98046875 0.935546875 0.98046875 0.9375 0.978515625 0.939453125 0.98046875 0.94140625 0.98046875 0.943359375 0.986328125 0.943359375 0.98828125 0.94140625 0.990234375 0.94140625 0.98828125 0.939453125 0.98828125 0.935546875 0.986328125 0.93359375 0.986328125 0.9296875
1 0.298828125 0.91015625 0.30078125 0.912109375 0.30078125 0.9140625 0.302734375 0.9140625 0.3046875 0.916015625 0.306640625 0.916015625 0.3046875 0.9140625 0.306640625 0.912109375 0.3046875 0.91015625
1 0.591796875 0.896484375 0.591796875 0.8984375 0.58984375 0.900390625 0.587890625 0.900390625 0.587890625 0.904296875 0.5859375 0.90625 0.58203125 0.90234375 0.583984375 0.900390625 0.58203125 0.8984375 0.580078125 0.900390625 0.578125 0.8984375 0.587890625 0.908203125 0.58984375 0.90625 0.59375 0.90625 0.595703125 0.908203125 0.595703125 0.91015625 0.59375 0.912109375 0.595703125 0.912109375 0.595703125 0.908203125 0.59765625 0.90625 0.595703125 0.904296875 0.59765625 0.90234375 0.595703125 0.900390625 0.595703125 0.8984375 0.59375 0.8984375
1 0.646484375 0.875 0.64453125 0.876953125 0.64453125 0.880859375 0.650390625 0.880859375 0.650390625 0.876953125 0.6484375 0.875
1 0.58984375 0.837890625 0.5859375 0.841796875 0.583984375 0.83984375 0.58203125 0.841796875 0.580078125 0.841796875 0.578125 0.83984375 0.580078125 0.841796875 0.578125 0.84375 0.578125 0.84765625 0.580078125 0.849609375 0.580078125 0.853515625 0.58203125 0.85546875 0.580078125 0.857421875 0.58203125 0.85546875 0.587890625 0.85546875 0.591796875 0.8515625 0.591796875 0.845703125 0.587890625 0.841796875 0.587890625 0.83984375
1 0.98828125 0.828125 0.98828125 0.83203125 0.990234375 0.833984375 0.994140625 0.833984375 0.994140625 0.83203125 0.998046875 0.828125 0.99609375 0.830078125 0.994140625 0.830078125 0.9921875 0.828125
1 0.693359375 0.7890625 0.6953125 0.7890625 0.697265625 0.791015625 0.6953125 0.79296875 0.693359375 0.79296875 0.6953125 0.79296875 0.697265625 0.794921875 0.697265625 0.796875 0.703125 0.802734375 0.701171875 0.80078125 0.705078125 0.796875 0.703125 0.794921875 0.705078125 0.79296875 0.708984375 0.79296875 0.705078125 0.79296875 0.703125 0.791015625 0.701171875 0.791015625 0.69921875 0.7890625 0.697265625 0.791015625 0.6953125 0.7890625
1 0.560546875 0.7734375 0.55859375 0.775390625 0.55859375 0.783203125 0.556640625 0.78515625 0.55859375 0.783203125 0.560546875 0.78515625 0.568359375 0.78515625 0.56640625 0.783203125 0.56640625 0.779296875 0.568359375 0.77734375 0.5703125 0.77734375 0.568359375 0.77734375 0.56640625 0.775390625 0.568359375 0.7734375 0.5703125 0.7734375 0.568359375 0.7734375 0.56640625 0.775390625 0.564453125 0.7734375 0.5625 0.775390625
1 0.66796875 0.771484375 0.6640625 0.775390625 0.662109375 0.7734375 0.666015625 0.77734375 0.666015625 0.78125 0.66796875 0.783203125 0.66796875 0.787109375 0.669921875 0.787109375 0.66796875 0.78515625 0.66796875 0.783203125 0.669921875 0.78125 0.669921875 0.77734375 0.666015625 0.7734375 0.66796875 0.771484375 0.669921875 0.771484375
1 0.736328125 0.765625 0.736328125 0.767578125 0.734375 0.76953125 0.734375 0.775390625 0.736328125 0.77734375 0.740234375 0.77734375 0.7421875 0.779296875 0.744140625 0.77734375 0.74609375 0.779296875 0.748046875 0.77734375 0.74609375 0.779296875 0.744140625 0.77734375 0.744140625 0.775390625 0.748046875 0.771484375 0.7421875 0.765625
1 0.419921875 0.7578125 0.421875 0.7578125 0.423828125 0.759765625 0.423828125 0.76171875 0.421875 0.763671875 0.419921875 0.76171875 0.41796875 0.763671875 0.41796875 0.765625 0.416015625 0.767578125 0.41796875 0.76953125 0.41796875 0.771484375 0.423828125 0.771484375 0.42578125 0.76953125 0.427734375 0.76953125 0.42578125 0.767578125 0.42578125 0.763671875 0.423828125 0.76171875 0.423828125 0.7578125
