0 0.9296875 0.48828125 0.9296875 0.4921875 0.927734375 0.494140625 0.92578125 0.4921875 0.92578125 0.490234375 0.92578125 0.4921875 0.923828125 0.494140625 0.921875 0.4921875 0.923828125 0.494140625 0.921875 0.49609375 0.923828125 0.49609375 0.923828125 0.494140625 0.92578125 0.4921875 0.9296875 0.49609375 0.927734375 0.498046875 0.935546875 0.490234375 0.93359375 0.4921875
0 0.20703125 0.380859375 0.203125 0.384765625 0.205078125 0.3828125 0.20703125 0.384765625 0.20703125 0.38671875 0.208984375 0.38671875 0.2109375 0.388671875 0.212890625 0.38671875 0.212890625 0.384765625 0.21484375 0.3828125 0.212890625 0.380859375 0.2109375 0.3828125 0.208984375 0.3828125
0 0.171875 0.35546875 0.171875 0.357421875 0.16796875 0.361328125 0.1640625 0.361328125 0.16796875 0.361328125 0.169921875 0.36328125 0.171875 0.361328125 0.17578125 0.365234375 0.177734375 0.365234375 0.17578125 0.365234375 0.173828125 0.36328125 0.17578125 0.361328125 0.173828125 0.359375 0.173828125 0.357421875
0 0.9765625 0.34375 0.978515625 0.345703125 0.978515625 0.34765625 0.98046875 0.349609375 0.974609375 0.35546875 0.9765625 0.357421875 0.974609375 0.35546875 0.978515625 0.3515625 0.98046875 0.353515625 0.978515625 0.3515625 0.982421875 0.34765625 0.982421875 0.34375
0 0.30859375 0.318359375 0.306640625 0.3203125 0.302734375 0.3203125 0.30078125 0.322265625 0.30078125 0.32421875 0.298828125 0.326171875 0.30078125 0.32421875 0.302734375 0.32421875 0.3046875 0.326171875 0.306640625 0.32421875 0.30859375 0.326171875 0.306640625 0.32421875 0.30859375 0.322265625 0.306640625 0.3203125
0 0.30078125 0.248046875 0.30078125 0.25390625 0.298828125 0.255859375 0.30078125 0.25390625 0.302734375 0.255859375 0.302734375 0.2578125 0.306640625 0.25390625 0.30859375 0.25390625 0.310546875 0.251953125 0.306640625 0.248046875
0 0.62890625 0.220703125 0.62890625 0.22265625 0.630859375 0.224609375 0.6328125 0.224609375 0.634765625 0.2265625 0.634765625 0.228515625 0.6328125 0.23046875 0.630859375 0.228515625 0.6328125 0.23046875 0.634765625 0.228515625 0.638671875 0.232421875 0.63671875 0.23046875 0.63671875 0.228515625 0.638671875 0.2265625 0.638671875 0.22265625 0.63671875 0.224609375 0.634765625 0.22265625 0.6328125 0.22265625 0.630859375 0.220703125
0 0.265625 0.125 0.267578125 0.126953125 0.265625 0.12890625 0.267578125 0.12890625 0.26953125 0.130859375 0.26953125 0.1328125 0.271484375 0.1328125 0.2734375 0.130859375 0.27734375 0.134765625 0.275390625 0.1328125 0.27734375 0.130859375 0.275390625 0.12890625 0.27734375 0.126953125 0.275390625 0.126953125 0.2734375 0.12890625 0.271484375 0.126953125 0.26953125 0.12890625
0 0.5 0.009765625 0.501953125 0.01171875 0.501953125 0.015625 0.5 0.017578125 0.50390625 0.017578125 0.5078125 0.021484375 0.505859375 0.01953125 0.505859375 0.013671875 0.50390625 0.013671875
1 0.9296875 0.48828125 0.9296875 0.4921875 0.927734375 0.494140625 0.92578125 0.4921875 0.92578125 0.490234375 0.92578125 0.4921875 0.923828125 0.494140625 0.921875 0.4921875 0.923828125 0.494140625 0.921875 0.49609375 0.923828125 0.49609375 0.923828125 0.494140625 0.92578125 0.4921875 0.9296875 0.49609375 0.927734375 0.498046875 0.935546875 0.490234375 0.93359375 0.4921875
1 0.20703125 0.380859375 0.203125 0.384765625 0.205078125 0.3828125 0.20703125 0.384765625 0.20703125 0.38671875 0.208984375 0.38671875 0.2109375 0.388671875 0.212890625 0.38671875 0.212890625 0.384765625 0.21484375 0.3828125 0.212890625 0.380859375 0.2109375 0.3828125 0.208984375 0.3828125
1 0.171875 0.35546875 0.171875 0.357421875 0.16796875 0.361328125 0.1640625 0.361328125 0.16796875 0.361328125 0.169921875 0.36328125 0.171875 0.361328125 0.17578125 0.365234375 0.177734375 0.365234375 0.17578125 0.365234375 0.173828125 0.36328125 0.17578125 0.361328125 0.173828125 0.359375 0.173828125 0.357421875
1 0.9765625 0.34375 0.978515625 0.345703125 0.978515625 0.34765625 0.98046875 0.349609375 0.974609375 0.35546875 0.9765625 0.357421875 0.974609375 0.35546875 0.978515625 0.3515625 0.98046875 0.353515625 0.978515625 0.3515625 0.982421875 0.34765625 0.982421875 0.34375
1 0.30859375 0.318359375 0.306640625 0.3203125 0.302734375 0.3203125 0.30078125 0.322265625 0.30078125 0.32421875 0.298828125 0.326171875 0.30078125 0.32421875 0.302734375 0.32421875 0.3046875 0.326171875 0.306640625 0.32421875 0.30859375 0.326171875 0.306640625 0.32421875 0.30859375 0.322265625 0.306640625 0.3203125
1 0.30078125 0.248046875 0.30078125 0.25390625 0.298828125 0.255859375 0.30078125 0.25390625 0.302734375 0.255859375 0.302734375 0.2578125 0.306640625 0.25390625 0.30859375 0.25390625 0.310546875 0.251953125 0.306640625 0.248046875
1 0.62890625 0.220703125 0.62890625 0.22265625 0.630859375 0.224609375 0.6328125 0.224609375 0.634765625 0.2265625 0.634765625 0.228515625 0.6328125 0.23046875 0.630859375 0.228515625 0.6328125 0.23046875 0.634765625 0.228515625 0.638671875 0.232421875 0.63671875 0.23046875 0.63671875 0.228515625 0.638671875 0.2265625 0.638671875 0.22265625 0.63671875 0.224609375 0.634765625 0.22265625 0.6328125 0.22265625 0.630859375 0.220703125
1 0.265625 0.125 0.267578125 0.126953125 0.265625 0.12890625 0.267578125 0.12890625 0.26953125 0.130859375 0.26953125 0.1328125 0.271484375 0.1328125 0.2734375 0.130859375 0.27734375 0.134765625 0.275390625 0.1328125 0.27734375 0.130859375 0.275390625 0.12890625 0.27734375 0.126953125 0.275390625 0.126953125 0.2734375 0.12890625 0.271484375 0.126953125 0.26953125 0.12890625
1 0.5 0.009765625 0.501953125 0.01171875 0.501953125 0.015625 0.5 0.017578125 0.50390625 0.017578125 0.5078125 0.021484375 0.505859375 0.01953125 0.505859375 0.013671875 0.50390625 0.013671875
