0 0.150390625 0.814453125 0.146484375 0.818359375 0.14453125 0.818359375 0.142578125 0.8203125 0.14453125 0.8203125 0.146484375 0.822265625 0.146484375 0.82421875 0.1484375 0.822265625 0.1484375 0.8203125 0.15234375 0.81640625 0.154296875 0.818359375
0 0.130859375 0.75 0.130859375 0.75390625 0.12890625 0.755859375 0.126953125 0.75390625 0.12890625 0.755859375 0.130859375 0.75390625 0.1328125 0.755859375 0.1328125 0.759765625 0.1328125 0.7578125 0.134765625 0.755859375 0.134765625 0.75
0 0.37109375 0.208984375 0.3671875 0.212890625 0.3671875 0.216796875 0.369140625 0.21484375 0.37109375 0.216796875 0.37109375 0.2109375 0.373046875 0.208984375
0 0.4765625 0.099609375 0.478515625 0.099609375 0.48046875 0.1015625 0.478515625 0.103515625 0.4765625 0.103515625 0.478515625 0.103515625 0.48046875 0.10546875 0.48046875 0.107421875 0.484375 0.107421875 0.486328125 0.10546875 0.490234375 0.10546875 0.486328125 0.10546875 0.484375 0.103515625 0.482421875 0.103515625 0.48046875 0.1015625 0.48046875 0.099609375
0 0.341796875 0.080078125 0.33984375 0.08203125 0.337890625 0.08203125 0.33984375 0.08203125 0.341796875 0.083984375 0.341796875 0.087890625 0.345703125 0.087890625 0.345703125 0.0859375 0.34375 0.083984375 0.345703125 0.08203125 0.34375 0.080078125
0 0.30859375 0.015625 0.30859375 0.017578125 0.306640625 0.01953125 0.3046875 0.01953125 0.306640625 0.01953125 0.30859375 0.021484375 0.306640625 0.0234375 0.3046875 0.0234375 0.30859375 0.0234375 0.30859375 0.021484375 0.310546875 0.01953125 0.3125 0.021484375 0.3125 0.017578125 0.310546875 0.015625
1 0.150390625 0.814453125 0.146484375 0.818359375 0.14453125 0.818359375 0.142578125 0.8203125 0.14453125 0.8203125 0.146484375 0.822265625 0.146484375 0.82421875 0.1484375 0.822265625 0.1484375 0.8203125 0.15234375 0.81640625 0.154296875 0.818359375
1 0.130859375 0.75 0.130859375 0.75390625 0.12890625 0.755859375 0.126953125 0.75390625 0.12890625 0.755859375 0.130859375 0.75390625 0.1328125 0.755859375 0.1328125 0.759765625 0.1328125 0.7578125 0.134765625 0.755859375 0.134765625 0.75
1 0.37109375 0.208984375 0.3671875 0.212890625 0.3671875 0.216796875 0.369140625 0.21484375 0.37109375 0.216796875 0.37109375 0.2109375 0.373046875 0.208984375
1 0.4765625 0.099609375 0.478515625 0.099609375 0.48046875 0.1015625 0.478515625 0.103515625 0.4765625 0.103515625 0.478515625 0.103515625 0.48046875 0.10546875 0.48046875 0.107421875 0.484375 0.107421875 0.486328125 0.10546875 0.490234375 0.10546875 0.486328125 0.10546875 0.484375 0.103515625 0.482421875 0.103515625 0.48046875 0.1015625 0.48046875 0.099609375
1 0.341796875 0.080078125 0.33984375 0.08203125 0.337890625 0.08203125 0.33984375 0.08203125 0.341796875 0.083984375 0.341796875 0.087890625 0.345703125 0.087890625 0.345703125 0.0859375 0.34375 0.083984375 0.345703125 0.08203125 0.34375 0.080078125
1 0.30859375 0.015625 0.30859375 0.017578125 0.306640625 0.01953125 0.3046875 0.01953125 0.306640625 0.01953125 0.30859375 0.021484375 0.306640625 0.0234375 0.3046875 0.0234375 0.30859375 0.0234375 0.30859375 0.021484375 0.310546875 0.01953125 0.3125 0.021484375 0.3125 0.017578125 0.310546875 0.015625
