0 0.2734375 0.3515625 0.2734375 0.353515625 0.271484375 0.35546875 0.271484375 0.361328125 0.267578125 0.365234375 0.265625 0.365234375 0.267578125 0.365234375 0.26953125 0.36328125 0.279296875 0.36328125 0.27734375 0.361328125 0.27734375 0.35546875 0.275390625 0.353515625 0.275390625 0.3515625
0 0.177734375 0.337890625 0.17578125 0.33984375 0.169921875 0.33984375 0.16796875 0.341796875 0.16796875 0.345703125 0.166015625 0.34765625 0.16796875 0.345703125 0.173828125 0.3515625 0.17578125 0.3515625 0.1796875 0.34765625 0.1796875 0.34375 0.177734375 0.341796875 0.1796875 0.33984375
0 0.345703125 0.244140625 0.345703125 0.251953125 0.34765625 0.25390625 0.345703125 0.255859375 0.34765625 0.25390625 0.349609375 0.25390625 0.3515625 0.251953125 0.353515625 0.251953125 0.3515625 0.25 0.3515625 0.244140625 0.349609375 0.24609375 0.34765625 0.24609375
0 0.37890625 0.19921875 0.380859375 0.201171875 0.37890625 0.203125 0.380859375 0.205078125 0.37890625 0.20703125 0.3828125 0.20703125 0.38671875 0.2109375 0.384765625 0.208984375 0.388671875 0.205078125 0.384765625 0.201171875 0.384765625 0.19921875 0.3828125 0.19921875 0.380859375 0.201171875
0 0.017578125 0.146484375 0.017578125 0.1484375 0.015625 0.150390625 0.015625 0.158203125 0.021484375 0.158203125 0.021484375 0.15625 0.025390625 0.15234375 0.021484375 0.1484375 0.01953125 0.1484375
0 0.1015625 0.037109375 0.09765625 0.041015625 0.099609375 0.04296875 0.09765625 0.044921875 0.099609375 0.046875 0.09375 0.052734375 0.09375 0.0546875 0.09375 0.052734375 0.095703125 0.05078125 0.09765625 0.05078125 0.099609375 0.048828125 0.1015625 0.048828125 0.103515625 0.05078125 0.107421875 0.05078125 0.109375 0.052734375 0.111328125 0.05078125 0.111328125 0.044921875 0.109375 0.04296875 0.107421875 0.04296875
1 0.2734375 0.3515625 0.2734375 0.353515625 0.271484375 0.35546875 0.271484375 0.361328125 0.267578125 0.365234375 0.265625 0.365234375 0.267578125 0.365234375 0.26953125 0.36328125 0.279296875 0.36328125 0.27734375 0.361328125 0.27734375 0.35546875 0.275390625 0.353515625 0.275390625 0.3515625
1 0.177734375 0.337890625 0.17578125 0.33984375 0.169921875 0.33984375 0.16796875 0.341796875 0.16796875 0.345703125 0.166015625 0.34765625 0.16796875 0.345703125 0.173828125 0.3515625 0.17578125 0.3515625 0.1796875 0.34765625 0.1796875 0.34375 0.177734375 0.341796875 0.1796875 0.33984375
1 0.345703125 0.244140625 0.345703125 0.251953125 0.34765625 0.25390625 0.345703125 0.255859375 0.34765625 0.25390625 0.349609375 0.25390625 0.3515625 0.251953125 0.353515625 0.251953125 0.3515625 0.25 0.3515625 0.244140625 0.349609375 0.24609375 0.34765625 0.24609375
1 0.37890625 0.19921875 0.380859375 0.201171875 0.37890625 0.203125 0.380859375 0.205078125 0.37890625 0.20703125 0.3828125 0.20703125 0.38671875 0.2109375 0.384765625 0.208984375 0.388671875 0.205078125 0.384765625 0.201171875 0.384765625 0.19921875 0.3828125 0.19921875 0.380859375 0.201171875
1 0.017578125 0.146484375 0.017578125 0.1484375 0.015625 0.150390625 0.015625 0.158203125 0.021484375 0.158203125 0.021484375 0.15625 0.025390625 0.15234375 0.021484375 0.1484375 0.01953125 0.1484375
1 0.1015625 0.037109375 0.09765625 0.041015625 0.099609375 0.04296875 0.09765625 0.044921875 0.099609375 0.046875 0.09375 0.052734375 0.09375 0.0546875 0.09375 0.052734375 0.095703125 0.05078125 0.09765625 0.05078125 0.099609375 0.048828125 0.1015625 0.048828125 0.103515625 0.05078125 0.107421875 0.05078125 0.109375 0.052734375 0.111328125 0.05078125 0.111328125 0.044921875 0.109375 0.04296875 0.107421875 0.04296875
