0 0.408203125 0.984375 0.40625 0.986328125 0.40625 0.994140625 0.408203125 0.99609375 0.41015625 0.99609375 0.412109375 0.994140625 0.4140625 0.994140625 0.416015625 0.9921875 0.416015625 0.990234375 0.41796875 0.98828125 0.41796875 0.984375
0 0.73828125 0.953125 0.740234375 0.955078125 0.73828125 0.95703125 0.732421875 0.95703125 0.732421875 0.966796875 0.73046875 0.96875 0.732421875 0.970703125 0.736328125 0.970703125 0.740234375 0.974609375 0.744140625 0.974609375 0.74609375 0.97265625 0.748046875 0.974609375 0.748046875 0.9765625 0.748046875 0.974609375 0.74609375 0.97265625 0.74609375 0.970703125 0.74609375 0.97265625 0.744140625 0.974609375 0.740234375 0.974609375 0.73828125 0.97265625 0.7421875 0.96875 0.7421875 0.966796875 0.744140625 0.96484375 0.74609375 0.966796875 0.7421875 0.962890625 0.7421875 0.95703125 0.744140625 0.955078125 0.7421875 0.953125 0.740234375 0.955078125
0 0.97265625 0.921875 0.97265625 0.923828125 0.970703125 0.92578125 0.96875 0.92578125 0.970703125 0.927734375 0.970703125 0.9296875 0.96875 0.931640625 0.970703125 0.931640625 0.97265625 0.93359375 0.97265625 0.935546875 0.974609375 0.93359375 0.9765625 0.93359375 0.978515625 0.931640625 0.978515625 0.92578125 0.98046875 0.923828125 0.978515625 0.92578125 0.9765625 0.923828125 0.974609375 0.923828125
0 0.35546875 0.83203125 0.353515625 0.833984375 0.353515625 0.8359375 0.35546875 0.8359375 0.357421875 0.837890625 0.357421875 0.83984375 0.357421875 0.837890625 0.359375 0.8359375 0.359375 0.833984375 0.361328125 0.83203125
0 0.154296875 0.8203125 0.15234375 0.822265625 0.15234375 0.828125 0.154296875 0.830078125 0.15625 0.828125 0.158203125 0.830078125 0.158203125 0.83203125 0.15625 0.833984375 0.154296875 0.833984375 0.158203125 0.833984375 0.158203125 0.830078125 0.16015625 0.828125 0.158203125 0.826171875 0.16015625 0.82421875 0.158203125 0.822265625 0.15625 0.822265625
0 0.697265625 0.796875 0.69921875 0.798828125 0.69921875 0.80078125 0.697265625 0.802734375 0.6953125 0.802734375 0.693359375 0.80078125 0.6953125 0.802734375 0.697265625 0.802734375 0.69921875 0.8046875 0.697265625 0.806640625 0.69921875 0.806640625 0.701171875 0.80859375 0.701171875 0.810546875 0.708984375 0.810546875 0.71484375 0.8046875 0.716796875 0.806640625 0.71484375 0.8046875 0.71484375 0.802734375 0.716796875 0.80078125 0.71484375 0.802734375 0.708984375 0.796875 0.701171875 0.796875 0.69921875 0.798828125
0 0.51171875 0.767578125 0.51171875 0.76953125 0.509765625 0.771484375 0.505859375 0.771484375 0.50390625 0.7734375 0.50390625 0.779296875 0.509765625 0.779296875 0.51171875 0.77734375 0.513671875 0.77734375 0.51171875 0.775390625 0.51171875 0.7734375 0.509765625 0.771484375 0.51171875 0.76953125
0 0.185546875 0.7421875 0.1875 0.7421875 0.189453125 0.744140625 0.189453125 0.74609375 0.1875 0.748046875 0.185546875 0.74609375 0.18359375 0.748046875 0.18359375 0.751953125 0.181640625 0.75390625 0.1796875 0.75390625 0.181640625 0.75390625 0.18359375 0.755859375 0.181640625 0.7578125 0.1796875 0.7578125 0.18359375 0.7578125 0.18359375 0.755859375 0.185546875 0.75390625 0.1875 0.75390625 0.189453125 0.755859375 0.189453125 0.7578125 0.193359375 0.7578125 0.19140625 0.7578125 0.189453125 0.755859375 0.19140625 0.75390625 0.193359375 0.75390625 0.19140625 0.75390625 0.189453125 0.751953125 0.189453125 0.75 0.19140625 0.748046875 0.193359375 0.75 0.1953125 0.748046875 0.1953125 0.744140625 0.1953125 0.748046875 0.193359375 0.75 0.189453125 0.74609375 0.189453125 0.7421875
0 0.580078125 0.71875 0.578125 0.720703125 0.576171875 0.720703125 0.57421875 0.72265625 0.572265625 0.72265625 0.576171875 0.7265625 0.576171875 0.728515625 0.578125 0.728515625 0.580078125 0.7265625 0.58203125 0.728515625 0.587890625 0.72265625 0.583984375 0.71875 0.587890625 0.72265625 0.583984375 0.7265625 0.58203125 0.724609375 0.58203125 0.72265625 0.580078125 0.720703125
0 0.14453125 0.689453125 0.1484375 0.693359375 0.14453125 0.697265625 0.1484375 0.701171875 0.150390625 0.69921875 0.154296875 0.69921875 0.154296875 0.697265625 0.15234375 0.6953125 0.150390625 0.697265625 0.1484375 0.6953125 0.1484375 0.693359375 0.146484375 0.69140625 0.1484375 0.689453125 0.146484375 0.69140625
0 0.318359375 0.595703125 0.31640625 0.59765625 0.314453125 0.59765625 0.314453125 0.599609375 0.3125 0.6015625 0.314453125 0.603515625 0.3125 0.60546875 0.314453125 0.607421875 0.31640625 0.60546875 0.318359375 0.60546875 0.3203125 0.607421875 0.318359375 0.60546875 0.3203125 0.603515625 0.3203125 0.599609375 0.318359375 0.59765625
0 0.5 0.568359375 0.498046875 0.5703125 0.494140625 0.5703125 0.494140625 0.57421875 0.4921875 0.576171875 0.494140625 0.57421875 0.49609375 0.576171875 0.498046875 0.576171875 0.498046875 0.57421875 0.5 0.572265625 0.501953125 0.572265625 0.5 0.572265625 0.498046875 0.5703125
0 0.525390625 0.54296875 0.5234375 0.544921875 0.5234375 0.548828125 0.525390625 0.55078125 0.5234375 0.552734375 0.525390625 0.552734375 0.529296875 0.548828125 0.529296875 0.544921875 0.52734375 0.544921875
0 0.9609375 0.517578125 0.95703125 0.521484375 0.9609375 0.525390625 0.962890625 0.5234375 0.96484375 0.525390625 0.96484375 0.521484375 0.966796875 0.51953125 0.96484375 0.51953125 0.962890625 0.517578125
0 0.3359375 0.484375 0.337890625 0.486328125 0.337890625 0.48828125 0.33984375 0.490234375 0.337890625 0.4921875 0.33984375 0.494140625 0.33984375 0.49609375 0.33984375 0.494140625 0.341796875 0.4921875 0.341796875 0.484375 0.33984375 0.484375 0.337890625 0.486328125
0 0.80859375 0.46875 0.810546875 0.470703125 0.806640625 0.474609375 0.8046875 0.474609375 0.802734375 0.4765625 0.8046875 0.474609375 0.806640625 0.4765625 0.806640625 0.48046875 0.80859375 0.482421875 0.814453125 0.482421875 0.81640625 0.48046875 0.81640625 0.4765625 0.818359375 0.474609375 0.8203125 0.4765625 0.818359375 0.474609375 0.81640625 0.474609375 0.8125 0.470703125 0.814453125 0.46875 0.8125 0.470703125 0.810546875 0.470703125
0 0.419921875 0.283203125 0.41796875 0.28515625 0.416015625 0.28515625 0.416015625 0.287109375 0.412109375 0.291015625 0.412109375 0.29296875 0.4140625 0.294921875 0.4140625 0.296875 0.416015625 0.296875 0.419921875 0.30078125 0.41796875 0.298828125 0.41796875 0.296875 0.419921875 0.294921875 0.419921875 0.2890625 0.41796875 0.2890625 0.416015625 0.287109375
0 0.373046875 0.205078125 0.37109375 0.20703125 0.369140625 0.20703125 0.37109375 0.20703125 0.373046875 0.208984375 0.373046875 0.212890625 0.375 0.212890625 0.376953125 0.21484375 0.37890625 0.212890625 0.376953125 0.2109375 0.376953125 0.205078125 0.376953125 0.20703125 0.375 0.208984375 0.373046875 0.208984375 0.37109375 0.20703125
0 0.220703125 0.173828125 0.216796875 0.177734375 0.21484375 0.177734375 0.21484375 0.1796875 0.21875 0.1796875 0.220703125 0.181640625 0.220703125 0.18359375 0.220703125 0.177734375 0.22265625 0.17578125
0 0.63671875 0.158203125 0.634765625 0.16015625 0.63671875 0.162109375 0.63671875 0.16796875 0.63671875 0.166015625 0.638671875 0.1640625 0.642578125 0.1640625 0.642578125 0.162109375 0.640625 0.162109375
0 0.46484375 0.09375 0.46484375 0.095703125 0.462890625 0.09765625 0.462890625 0.103515625 0.46484375 0.10546875 0.46484375 0.107421875 0.470703125 0.107421875 0.474609375 0.103515625 0.4765625 0.103515625 0.478515625 0.10546875 0.4765625 0.103515625 0.478515625 0.1015625 0.478515625 0.099609375 0.4765625 0.09765625 0.478515625 0.095703125 0.4765625 0.09765625 0.474609375 0.09765625 0.470703125 0.09375
0 0.1875 0.09375 0.185546875 0.095703125 0.18359375 0.095703125 0.185546875 0.09765625 0.18359375 0.099609375 0.1796875 0.099609375 0.185546875 0.099609375 0.1875 0.1015625 0.1875 0.103515625 0.189453125 0.1015625 0.19140625 0.1015625 0.193359375 0.103515625 0.19140625 0.10546875 0.19140625 0.107421875 0.19140625 0.10546875 0.197265625 0.099609375 0.1953125 0.1015625 0.193359375 0.099609375 0.193359375 0.095703125 0.19140625 0.09375
0 0.435546875 0.07421875 0.43359375 0.076171875 0.43359375 0.078125 0.431640625 0.080078125 0.43359375 0.08203125 0.431640625 0.083984375 0.4296875 0.083984375 0.431640625 0.083984375 0.435546875 0.080078125 0.4375 0.080078125 0.439453125 0.078125 0.4375 0.078125 0.435546875 0.076171875
0 0.1015625 0.017578125 0.099609375 0.01953125 0.09765625 0.01953125 0.09765625 0.021484375 0.095703125 0.0234375 0.09765625 0.025390625 0.099609375 0.0234375 0.103515625 0.0234375 0.10546875 0.021484375 0.107421875 0.021484375 0.10546875 0.01953125 0.107421875 0.017578125 0.10546875 0.01953125 0.103515625 0.017578125
1 0.408203125 0.984375 0.40625 0.986328125 0.40625 0.994140625 0.408203125 0.99609375 0.41015625 0.99609375 0.412109375 0.994140625 0.4140625 0.994140625 0.416015625 0.9921875 0.416015625 0.990234375 0.41796875 0.98828125 0.41796875 0.984375
1 0.73828125 0.953125 0.740234375 0.955078125 0.73828125 0.95703125 0.732421875 0.95703125 0.732421875 0.966796875 0.73046875 0.96875 0.732421875 0.970703125 0.736328125 0.970703125 0.740234375 0.974609375 0.744140625 0.974609375 0.74609375 0.97265625 0.748046875 0.974609375 0.748046875 0.9765625 0.748046875 0.974609375 0.74609375 0.97265625 0.74609375 0.970703125 0.74609375 0.97265625 0.744140625 0.974609375 0.740234375 0.974609375 0.73828125 0.97265625 0.7421875 0.96875 0.7421875 0.966796875 0.744140625 0.96484375 0.74609375 0.966796875 0.7421875 0.962890625 0.7421875 0.95703125 0.744140625 0.955078125 0.7421875 0.953125 0.740234375 0.955078125
1 0.97265625 0.921875 0.97265625 0.923828125 0.970703125 0.92578125 0.96875 0.92578125 0.970703125 0.927734375 0.970703125 0.9296875 0.96875 0.931640625 0.970703125 0.931640625 0.97265625 0.93359375 0.97265625 0.935546875 0.974609375 0.93359375 0.9765625 0.93359375 0.978515625 0.931640625 0.978515625 0.92578125 0.98046875 0.923828125 0.978515625 0.92578125 0.9765625 0.923828125 0.974609375 0.923828125
1 0.35546875 0.83203125 0.353515625 0.833984375 0.353515625 0.8359375 0.35546875 0.8359375 0.357421875 0.837890625 0.357421875 0.83984375 0.357421875 0.837890625 0.359375 0.8359375 0.359375 0.833984375 0.361328125 0.83203125
1 0.154296875 0.8203125 0.15234375 0.822265625 0.15234375 0.828125 0.154296875 0.830078125 0.15625 0.828125 0.158203125 0.830078125 0.158203125 0.83203125 0.15625 0.833984375 0.154296875 0.833984375 0.158203125 0.833984375 0.158203125 0.830078125 0.16015625 0.828125 0.158203125 0.826171875 0.16015625 0.82421875 0.158203125 0.822265625 0.15625 0.822265625
1 0.697265625 0.796875 0.69921875 0.798828125 0.69921875 0.80078125 0.697265625 0.802734375 0.6953125 0.802734375 0.693359375 0.80078125 0.6953125 0.802734375 0.697265625 0.802734375 0.69921875 0.8046875 0.697265625 0.806640625 0.69921875 0.806640625 0.701171875 0.80859375 0.701171875 0.810546875 0.708984375 0.810546875 0.71484375 0.8046875 0.716796875 0.806640625 0.71484375 0.8046875 0.71484375 0.802734375 0.716796875 0.80078125 0.71484375 0.802734375 0.708984375 0.796875 0.701171875 0.796875 0.69921875 0.798828125
1 0.51171875 0.767578125 0.51171875 0.76953125 0.509765625 0.771484375 0.505859375 0.771484375 0.50390625 0.7734375 0.50390625 0.779296875 0.509765625 0.779296875 0.51171875 0.77734375 0.513671875 0.77734375 0.51171875 0.775390625 0.51171875 0.7734375 0.509765625 0.771484375 0.51171875 0.76953125
1 0.185546875 0.7421875 0.1875 0.7421875 0.189453125 0.744140625 0.189453125 0.74609375 0.1875 0.748046875 0.185546875 0.74609375 0.18359375 0.748046875 0.18359375 0.751953125 0.181640625 0.75390625 0.1796875 0.75390625 0.181640625 0.75390625 0.18359375 0.755859375 0.181640625 0.7578125 0.1796875 0.7578125 0.18359375 0.7578125 0.18359375 0.755859375 0.185546875 0.75390625 0.1875 0.75390625 0.189453125 0.755859375 0.189453125 0.7578125 0.193359375 0.7578125 0.19140625 0.7578125 0.189453125 0.755859375 0.19140625 0.75390625 0.193359375 0.75390625 0.19140625 0.75390625 0.189453125 0.751953125 0.189453125 0.75 0.19140625 0.748046875 0.193359375 0.75 0.1953125 0.748046875 0.1953125 0.744140625 0.1953125 0.748046875 0.193359375 0.75 0.189453125 0.74609375 0.189453125 0.7421875
1 0.580078125 0.71875 0.578125 0.720703125 0.576171875 0.720703125 0.57421875 0.72265625 0.572265625 0.72265625 0.576171875 0.7265625 0.576171875 0.728515625 0.578125 0.728515625 0.580078125 0.7265625 0.58203125 0.728515625 0.587890625 0.72265625 0.583984375 0.71875 0.587890625 0.72265625 0.583984375 0.7265625 0.58203125 0.724609375 0.58203125 0.72265625 0.580078125 0.720703125
1 0.14453125 0.689453125 0.1484375 0.693359375 0.14453125 0.697265625 0.1484375 0.701171875 0.150390625 0.69921875 0.154296875 0.69921875 0.154296875 0.697265625 0.15234375 0.6953125 0.150390625 0.697265625 0.1484375 0.6953125 0.1484375 0.693359375 0.146484375 0.69140625 0.1484375 0.689453125 0.146484375 0.69140625
1 0.318359375 0.595703125 0.31640625 0.59765625 0.314453125 0.59765625 0.314453125 0.599609375 0.3125 0.6015625 0.314453125 0.603515625 0.3125 0.60546875 0.314453125 0.607421875 0.31640625 0.60546875 0.318359375 0.60546875 0.3203125 0.607421875 0.318359375 0.60546875 0.3203125 0.603515625 0.3203125 0.599609375 0.318359375 0.59765625
1 0.5 0.568359375 0.498046875 0.5703125 0.494140625 0.5703125 0.494140625 0.57421875 0.4921875 0.576171875 0.494140625 0.57421875 0.49609375 0.576171875 0.498046875 0.576171875 0.498046875 0.57421875 0.5 0.572265625 0.501953125 0.572265625 0.5 0.572265625 0.498046875 0.5703125
1 0.525390625 0.54296875 0.5234375 0.544921875 0.5234375 0.548828125 0.525390625 0.55078125 0.5234375 0.552734375 0.525390625 0.552734375 0.529296875 0.548828125 0.529296875 0.544921875 0.52734375 0.544921875
1 0.9609375 0.517578125 0.95703125 0.521484375 0.9609375 0.525390625 0.962890625 0.5234375 0.96484375 0.525390625 0.96484375 0.521484375 0.966796875 0.51953125 0.96484375 0.51953125 0.962890625 0.517578125
1 0.3359375 0.484375 0.337890625 0.486328125 0.337890625 0.48828125 0.33984375 0.490234375 0.337890625 0.4921875 0.33984375 0.494140625 0.33984375 0.49609375 0.33984375 0.494140625 0.341796875 0.4921875 0.341796875 0.484375 0.33984375 0.484375 0.337890625 0.486328125
1 0.80859375 0.46875 0.810546875 0.470703125 0.806640625 0.474609375 0.8046875 0.474609375 0.802734375 0.4765625 0.8046875 0.474609375 0.806640625 0.4765625 0.806640625 0.48046875 0.80859375 0.482421875 0.814453125 0.482421875 0.81640625 0.48046875 0.81640625 0.4765625 0.818359375 0.474609375 0.8203125 0.4765625 0.818359375 0.474609375 0.81640625 0.474609375 0.8125 0.470703125 0.814453125 0.46875 0.8125 0.470703125 0.810546875 0.470703125
1 0.419921875 0.283203125 0.41796875 0.28515625 0.416015625 0.28515625 0.416015625 0.287109375 0.412109375 0.291015625 0.412109375 0.29296875 0.4140625 0.294921875 0.4140625 0.296875 0.416015625 0.296875 0.419921875 0.30078125 0.41796875 0.298828125 0.41796875 0.296875 0.419921875 0.294921875 0.419921875 0.2890625 0.41796875 0.2890625 0.416015625 0.287109375
1 0.373046875 0.205078125 0.37109375 0.20703125 0.369140625 0.20703125 0.37109375 0.20703125 0.373046875 0.208984375 0.373046875 0.212890625 0.375 0.212890625 0.376953125 0.21484375 0.37890625 0.212890625 0.376953125 0.2109375 0.376953125 0.205078125 0.376953125 0.20703125 0.375 0.208984375 0.373046875 0.208984375 0.37109375 0.20703125
1 0.220703125 0.173828125 0.216796875 0.177734375 0.21484375 0.177734375 0.21484375 0.1796875 0.21875 0.1796875 0.220703125 0.181640625 0.220703125 0.18359375 0.220703125 0.177734375 0.22265625 0.17578125
1 0.63671875 0.158203125 0.634765625 0.16015625 0.63671875 0.162109375 0.63671875 0.16796875 0.63671875 0.166015625 0.638671875 0.1640625 0.642578125 0.1640625 0.642578125 0.162109375 0.640625 0.162109375
1 0.46484375 0.09375 0.46484375 0.095703125 0.462890625 0.09765625 0.462890625 0.103515625 0.46484375 0.10546875 0.46484375 0.107421875 0.470703125 0.107421875 0.474609375 0.103515625 0.4765625 0.103515625 0.478515625 0.10546875 0.4765625 0.103515625 0.478515625 0.1015625 0.478515625 0.099609375 0.4765625 0.09765625 0.478515625 0.095703125 0.4765625 0.09765625 0.474609375 0.09765625 0.470703125 0.09375
1 0.1875 0.09375 0.185546875 0.095703125 0.18359375 0.095703125 0.185546875 0.09765625 0.18359375 0.099609375 0.1796875 0.099609375 0.185546875 0.099609375 0.1875 0.1015625 0.1875 0.103515625 0.189453125 0.1015625 0.19140625 0.1015625 0.193359375 0.103515625 0.19140625 0.10546875 0.19140625 0.107421875 0.19140625 0.10546875 0.197265625 0.099609375 0.1953125 0.1015625 0.193359375 0.099609375 0.193359375 0.095703125 0.19140625 0.09375
1 0.435546875 0.07421875 0.43359375 0.076171875 0.43359375 0.078125 0.431640625 0.080078125 0.43359375 0.08203125 0.431640625 0.083984375 0.4296875 0.083984375 0.431640625 0.083984375 0.435546875 0.080078125 0.4375 0.080078125 0.439453125 0.078125 0.4375 0.078125 0.435546875 0.076171875
1 0.1015625 0.017578125 0.099609375 0.01953125 0.09765625 0.01953125 0.09765625 0.021484375 0.095703125 0.0234375 0.09765625 0.025390625 0.099609375 0.0234375 0.103515625 0.0234375 0.10546875 0.021484375 0.107421875 0.021484375 0.10546875 0.01953125 0.107421875 0.017578125 0.10546875 0.01953125 0.103515625 0.017578125
