0 0.052734375 0.705078125 0.052734375 0.708984375 0.05078125 0.7109375 0.0546875 0.71484375 0.052734375 0.716796875 0.0546875 0.71484375 0.056640625 0.71484375 0.056640625 0.712890625 0.0546875 0.7109375 0.056640625 0.708984375 0.05859375 0.708984375 0.060546875 0.7109375 0.056640625 0.70703125 0.056640625 0.705078125 0.0546875 0.70703125
0 0.158203125 0.671875 0.15625 0.673828125 0.16015625 0.677734375 0.16015625 0.6796875 0.162109375 0.677734375 0.1640625 0.677734375 0.166015625 0.67578125 0.16796875 0.67578125 0.169921875 0.677734375 0.16796875 0.67578125 0.169921875 0.673828125 0.16796875 0.671875 0.166015625 0.673828125 0.16015625 0.673828125
0 0.4609375 0.640625 0.462890625 0.642578125 0.462890625 0.64453125 0.4609375 0.646484375 0.458984375 0.64453125 0.455078125 0.64453125 0.455078125 0.6484375 0.453125 0.650390625 0.455078125 0.6484375 0.4609375 0.6484375 0.4609375 0.646484375 0.462890625 0.64453125 0.46484375 0.64453125 0.466796875 0.642578125 0.46484375 0.64453125
0 0.5546875 0.318359375 0.552734375 0.3203125 0.5546875 0.322265625 0.552734375 0.32421875 0.55078125 0.32421875 0.548828125 0.326171875 0.55078125 0.32421875 0.552734375 0.32421875 0.5546875 0.326171875 0.556640625 0.32421875 0.560546875 0.32421875 0.55859375 0.32421875 0.556640625 0.322265625 0.556640625 0.3203125
0 0.208984375 0.314453125 0.208984375 0.3203125 0.2109375 0.3203125 0.212890625 0.322265625 0.2109375 0.32421875 0.21484375 0.3203125 0.21484375 0.318359375 0.216796875 0.31640625 0.21484375 0.314453125 0.212890625 0.31640625 0.2109375 0.314453125
0 0.80078125 0.224609375 0.796875 0.228515625 0.798828125 0.2265625 0.80078125 0.228515625 0.80078125 0.23046875 0.802734375 0.23046875 0.8046875 0.232421875 0.806640625 0.23046875 0.806640625 0.228515625 0.80859375 0.2265625 0.806640625 0.224609375 0.8046875 0.2265625 0.802734375 0.2265625
0 0.033203125 0.06640625 0.029296875 0.0703125 0.0234375 0.0703125 0.02734375 0.0703125 0.029296875 0.072265625 0.02734375 0.07421875 0.029296875 0.07421875 0.03125 0.076171875 0.033203125 0.07421875 0.03515625 0.07421875 0.03125 0.0703125 0.03125 0.068359375
0 0.052734375 0.015625 0.05078125 0.017578125 0.05078125 0.01953125 0.0546875 0.0234375 0.060546875 0.017578125 0.05859375 0.015625 0.056640625 0.017578125 0.0546875 0.017578125
1 0.052734375 0.705078125 0.052734375 0.708984375 0.05078125 0.7109375 0.0546875 0.71484375 0.052734375 0.716796875 0.0546875 0.71484375 0.056640625 0.71484375 0.056640625 0.712890625 0.0546875 0.7109375 0.056640625 0.708984375 0.05859375 0.708984375 0.060546875 0.7109375 0.056640625 0.70703125 0.056640625 0.705078125 0.0546875 0.70703125
1 0.158203125 0.671875 0.15625 0.673828125 0.16015625 0.677734375 0.16015625 0.6796875 0.162109375 0.677734375 0.1640625 0.677734375 0.166015625 0.67578125 0.16796875 0.67578125 0.169921875 0.677734375 0.16796875 0.67578125 0.169921875 0.673828125 0.16796875 0.671875 0.166015625 0.673828125 0.16015625 0.673828125
1 0.4609375 0.640625 0.462890625 0.642578125 0.462890625 0.64453125 0.4609375 0.646484375 0.458984375 0.64453125 0.455078125 0.64453125 0.455078125 0.6484375 0.453125 0.650390625 0.455078125 0.6484375 0.4609375 0.6484375 0.4609375 0.646484375 0.462890625 0.64453125 0.46484375 0.64453125 0.466796875 0.642578125 0.46484375 0.64453125
1 0.5546875 0.318359375 0.552734375 0.3203125 0.5546875 0.322265625 0.552734375 0.32421875 0.55078125 0.32421875 0.548828125 0.326171875 0.55078125 0.32421875 0.552734375 0.32421875 0.5546875 0.326171875 0.556640625 0.32421875 0.560546875 0.32421875 0.55859375 0.32421875 0.556640625 0.322265625 0.556640625 0.3203125
1 0.208984375 0.314453125 0.208984375 0.3203125 0.2109375 0.3203125 0.212890625 0.322265625 0.2109375 0.32421875 0.21484375 0.3203125 0.21484375 0.318359375 0.216796875 0.31640625 0.21484375 0.314453125 0.212890625 0.31640625 0.2109375 0.314453125
1 0.80078125 0.224609375 0.796875 0.228515625 0.798828125 0.2265625 0.80078125 0.228515625 0.80078125 0.23046875 0.802734375 0.23046875 0.8046875 0.232421875 0.806640625 0.23046875 0.806640625 0.228515625 0.80859375 0.2265625 0.806640625 0.224609375 0.8046875 0.2265625 0.802734375 0.2265625
1 0.033203125 0.06640625 0.029296875 0.0703125 0.0234375 0.0703125 0.02734375 0.0703125 0.029296875 0.072265625 0.02734375 0.07421875 0.029296875 0.07421875 0.03125 0.076171875 0.033203125 0.07421875 0.03515625 0.07421875 0.03125 0.0703125 0.03125 0.068359375
1 0.052734375 0.015625 0.05078125 0.017578125 0.05078125 0.01953125 0.0546875 0.0234375 0.060546875 0.017578125 0.05859375 0.015625 0.056640625 0.017578125 0.0546875 0.017578125
