0 0.9375 0.71875 0.935546875 0.720703125 0.93359375 0.720703125 0.935546875 0.72265625 0.94140625 0.72265625 0.943359375 0.720703125 0.94921875 0.7265625 0.9453125 0.73046875 0.94921875 0.7265625 0.9453125 0.72265625 0.947265625 0.720703125 0.9453125 0.72265625 0.94140625 0.71875
0 0.982421875 0.673828125 0.98046875 0.67578125 0.978515625 0.67578125 0.982421875 0.6796875 0.982421875 0.681640625 0.982421875 0.6796875 0.984375 0.677734375 0.990234375 0.677734375 0.986328125 0.677734375 0.984375 0.67578125 0.986328125 0.673828125
0 0.69140625 0.412109375 0.6875 0.416015625 0.6875 0.41796875 0.689453125 0.419921875 0.69140625 0.419921875 0.69140625 0.416015625 0.693359375 0.4140625
0 0.66015625 0.361328125 0.658203125 0.36328125 0.658203125 0.365234375 0.65625 0.3671875 0.658203125 0.369140625 0.658203125 0.37109375 0.66015625 0.373046875 0.658203125 0.37109375 0.658203125 0.369140625 0.65625 0.3671875 0.658203125 0.365234375 0.66015625 0.365234375 0.6640625 0.369140625 0.6640625 0.37109375 0.6640625 0.369140625 0.662109375 0.3671875 0.666015625 0.36328125 0.6640625 0.36328125 0.662109375 0.361328125
0 0.724609375 0.259765625 0.7265625 0.26171875 0.7265625 0.265625 0.728515625 0.265625 0.732421875 0.26953125 0.73046875 0.267578125 0.73046875 0.265625 0.732421875 0.263671875 0.73046875 0.26171875 0.7265625 0.26171875
0 0.708984375 0.240234375 0.705078125 0.244140625 0.703125 0.244140625 0.705078125 0.244140625 0.70703125 0.24609375 0.70703125 0.248046875 0.708984375 0.24609375 0.7109375 0.24609375 0.712890625 0.248046875 0.71484375 0.24609375
0 0.076171875 0.1484375 0.076171875 0.154296875 0.078125 0.15625 0.078125 0.158203125 0.080078125 0.15625 0.080078125 0.150390625 0.078125 0.1484375
0 0.984375 0.125 0.986328125 0.126953125 0.984375 0.12890625 0.984375 0.130859375 0.982421875 0.1328125 0.984375 0.134765625 0.98046875 0.138671875 0.98046875 0.140625 0.984375 0.14453125 0.982421875 0.146484375 0.984375 0.1484375 0.984375 0.150390625 0.986328125 0.15234375 0.984375 0.154296875 0.986328125 0.15234375 0.984375 0.150390625 0.984375 0.1484375 0.986328125 0.146484375 0.98828125 0.146484375 0.986328125 0.146484375 0.984375 0.14453125 0.98828125 0.140625 0.990234375 0.142578125 0.98828125 0.140625 0.98828125 0.138671875 0.990234375 0.13671875 0.98828125 0.138671875 0.984375 0.134765625 0.986328125 0.1328125 0.98828125 0.1328125 0.986328125 0.1328125 0.984375 0.130859375 0.984375 0.12890625 0.986328125 0.126953125
0 0.39453125 0.033203125 0.390625 0.037109375 0.39453125 0.041015625 0.39453125 0.0390625 0.396484375 0.037109375 0.396484375 0.03515625 0.3984375 0.033203125 0.396484375 0.03515625
0 0.201171875 0.009765625 0.197265625 0.013671875 0.1953125 0.013671875 0.1953125 0.015625 0.19140625 0.01953125 0.189453125 0.01953125 0.1875 0.017578125 0.19140625 0.013671875 0.1875 0.017578125 0.189453125 0.01953125 0.1875 0.021484375 0.189453125 0.01953125 0.19140625 0.01953125 0.193359375 0.021484375 0.19140625 0.0234375 0.1953125 0.01953125 0.19921875 0.01953125 0.201171875 0.017578125 0.19921875 0.015625 0.19921875 0.01171875
0 0.884765625 0.001953125 0.884765625 0.00390625 0.880859375 0.0078125 0.87890625 0.005859375 0.876953125 0.005859375 0.87890625 0.005859375 0.880859375 0.0078125 0.880859375 0.009765625 0.8828125 0.01171875 0.880859375 0.013671875 0.8828125 0.01171875 0.884765625 0.01171875 0.88671875 0.009765625 0.888671875 0.01171875 0.88671875 0.009765625 0.888671875 0.0078125 0.888671875 0.00390625 0.88671875 0.001953125
1 0.9375 0.71875 0.935546875 0.720703125 0.93359375 0.720703125 0.935546875 0.72265625 0.94140625 0.72265625 0.943359375 0.720703125 0.94921875 0.7265625 0.9453125 0.73046875 0.94921875 0.7265625 0.9453125 0.72265625 0.947265625 0.720703125 0.9453125 0.72265625 0.94140625 0.71875
1 0.982421875 0.673828125 0.98046875 0.67578125 0.978515625 0.67578125 0.982421875 0.6796875 0.982421875 0.681640625 0.982421875 0.6796875 0.984375 0.677734375 0.990234375 0.677734375 0.986328125 0.677734375 0.984375 0.67578125 0.986328125 0.673828125
1 0.69140625 0.412109375 0.6875 0.416015625 0.6875 0.41796875 0.689453125 0.419921875 0.69140625 0.419921875 0.69140625 0.416015625 0.693359375 0.4140625
1 0.66015625 0.361328125 0.658203125 0.36328125 0.658203125 0.365234375 0.65625 0.3671875 0.658203125 0.369140625 0.658203125 0.37109375 0.66015625 0.373046875 0.658203125 0.37109375 0.658203125 0.369140625 0.65625 0.3671875 0.658203125 0.365234375 0.66015625 0.365234375 0.6640625 0.369140625 0.6640625 0.37109375 0.6640625 0.369140625 0.662109375 0.3671875 0.666015625 0.36328125 0.6640625 0.36328125 0.662109375 0.361328125
1 0.724609375 0.259765625 0.7265625 0.26171875 0.7265625 0.265625 0.728515625 0.265625 0.732421875 0.26953125 0.73046875 0.267578125 0.73046875 0.265625 0.732421875 0.263671875 0.73046875 0.26171875 0.7265625 0.26171875
1 0.708984375 0.240234375 0.705078125 0.244140625 0.703125 0.244140625 0.705078125 0.244140625 0.70703125 0.24609375 0.70703125 0.248046875 0.708984375 0.24609375 0.7109375 0.24609375 0.712890625 0.248046875 0.71484375 0.24609375
1 0.076171875 0.1484375 0.076171875 0.154296875 0.078125 0.15625 0.078125 0.158203125 0.080078125 0.15625 0.080078125 0.150390625 0.078125 0.1484375
1 0.984375 0.125 0.986328125 0.126953125 0.984375 0.12890625 0.984375 0.130859375 0.982421875 0.1328125 0.984375 0.134765625 0.98046875 0.138671875 0.98046875 0.140625 0.984375 0.14453125 0.982421875 0.146484375 0.984375 0.1484375 0.984375 0.150390625 0.986328125 0.15234375 0.984375 0.154296875 0.986328125 0.15234375 0.984375 0.150390625 0.984375 0.1484375 0.986328125 0.146484375 0.98828125 0.146484375 0.986328125 0.146484375 0.984375 0.14453125 0.98828125 0.140625 0.990234375 0.142578125 0.98828125 0.140625 0.98828125 0.138671875 0.990234375 0.13671875 0.98828125 0.138671875 0.984375 0.134765625 0.986328125 0.1328125 0.98828125 0.1328125 0.986328125 0.1328125 0.984375 0.130859375 0.984375 0.12890625 0.986328125 0.126953125
1 0.39453125 0.033203125 0.390625 0.037109375 0.39453125 0.041015625 0.39453125 0.0390625 0.396484375 0.037109375 0.396484375 0.03515625 0.3984375 0.033203125 0.396484375 0.03515625
1 0.201171875 0.009765625 0.197265625 0.013671875 0.1953125 0.013671875 0.1953125 0.015625 0.19140625 0.01953125 0.189453125 0.01953125 0.1875 0.017578125 0.19140625 0.013671875 0.1875 0.017578125 0.189453125 0.01953125 0.1875 0.021484375 0.189453125 0.01953125 0.19140625 0.01953125 0.193359375 0.021484375 0.19140625 0.0234375 0.1953125 0.01953125 0.19921875 0.01953125 0.201171875 0.017578125 0.19921875 0.015625 0.19921875 0.01171875
1 0.884765625 0.001953125 0.884765625 0.00390625 0.880859375 0.0078125 0.87890625 0.005859375 0.876953125 0.005859375 0.87890625 0.005859375 0.880859375 0.0078125 0.880859375 0.009765625 0.8828125 0.01171875 0.880859375 0.013671875 0.8828125 0.01171875 0.884765625 0.01171875 0.88671875 0.009765625 0.888671875 0.01171875 0.88671875 0.009765625 0.888671875 0.0078125 0.888671875 0.00390625 0.88671875 0.001953125
