0 0.169921875 0.93359375 0.16796875 0.935546875 0.16796875 0.9375 0.166015625 0.939453125 0.166015625 0.94140625 0.169921875 0.9453125 0.169921875 0.94921875 0.16796875 0.951171875 0.166015625 0.94921875 0.166015625 0.947265625 0.166015625 0.94921875 0.16796875 0.951171875 0.169921875 0.94921875 0.171875 0.951171875 0.173828125 0.951171875 0.1796875 0.9453125 0.181640625 0.9453125 0.18359375 0.947265625 0.18359375 0.94921875 0.185546875 0.951171875 0.18359375 0.94921875 0.18359375 0.9453125 0.1796875 0.9453125 0.177734375 0.943359375 0.177734375 0.935546875 0.17578125 0.93359375 0.173828125 0.935546875 0.171875 0.935546875
0 0.416015625 0.900390625 0.4140625 0.90234375 0.41015625 0.90234375 0.412109375 0.904296875 0.41015625 0.90625 0.408203125 0.90625 0.41015625 0.908203125 0.408203125 0.91015625 0.41015625 0.91015625 0.412109375 0.912109375 0.41015625 0.9140625 0.412109375 0.916015625 0.41015625 0.9140625 0.412109375 0.912109375 0.4140625 0.912109375 0.416015625 0.9140625 0.41796875 0.9140625 0.423828125 0.908203125 0.427734375 0.908203125 0.423828125 0.908203125 0.419921875 0.904296875 0.419921875 0.90234375 0.41796875 0.900390625
0 0.115234375 0.876953125 0.11328125 0.87890625 0.115234375 0.880859375 0.115234375 0.8828125 0.1171875 0.884765625 0.119140625 0.884765625 0.12109375 0.8828125 0.123046875 0.884765625 0.12109375 0.8828125 0.123046875 0.880859375 0.12109375 0.87890625 0.1171875 0.87890625
0 0.494140625 0.712890625 0.494140625 0.71484375 0.490234375 0.71875 0.4921875 0.720703125 0.490234375 0.72265625 0.4921875 0.72265625 0.494140625 0.724609375 0.49609375 0.724609375 0.498046875 0.72265625 0.498046875 0.716796875 0.49609375 0.71484375 0.498046875 0.712890625 0.49609375 0.71484375
0 0.322265625 0.66796875 0.322265625 0.669921875 0.3203125 0.671875 0.31640625 0.671875 0.318359375 0.673828125 0.318359375 0.6796875 0.31640625 0.681640625 0.318359375 0.68359375 0.31640625 0.685546875 0.318359375 0.68359375 0.3203125 0.68359375 0.322265625 0.685546875 0.3203125 0.68359375 0.322265625 0.681640625 0.32421875 0.681640625 0.326171875 0.6796875 0.326171875 0.671875
0 0.248046875 0.5703125 0.24609375 0.572265625 0.24609375 0.576171875 0.2421875 0.580078125 0.244140625 0.578125 0.248046875 0.58203125 0.24609375 0.583984375 0.244140625 0.583984375 0.24609375 0.583984375 0.248046875 0.5859375 0.248046875 0.587890625 0.24609375 0.58984375 0.248046875 0.591796875 0.25 0.58984375 0.248046875 0.587890625 0.25 0.5859375 0.251953125 0.5859375 0.255859375 0.58203125 0.2578125 0.583984375 0.25390625 0.580078125 0.25390625 0.576171875 0.255859375 0.57421875 0.2578125 0.57421875 0.255859375 0.57421875 0.25390625 0.572265625 0.255859375 0.5703125 0.2578125 0.5703125 0.255859375 0.5703125 0.25390625 0.572265625 0.251953125 0.5703125 0.25 0.572265625
0 0.373046875 0.5625 0.37109375 0.564453125 0.369140625 0.564453125 0.369140625 0.56640625 0.37109375 0.568359375 0.369140625 0.5703125 0.375 0.5703125 0.37890625 0.57421875 0.375 0.5703125 0.376953125 0.568359375 0.376953125 0.564453125 0.375 0.5625
0 0.380859375 0.5234375 0.37890625 0.525390625 0.376953125 0.525390625 0.376953125 0.53125 0.37890625 0.533203125 0.384765625 0.533203125 0.38671875 0.53125 0.38671875 0.529296875 0.384765625 0.52734375 0.384765625 0.5234375 0.3828125 0.525390625
0 0.130859375 0.484375 0.130859375 0.486328125 0.126953125 0.490234375 0.12890625 0.4921875 0.12890625 0.494140625 0.126953125 0.49609375 0.125 0.494140625 0.126953125 0.49609375 0.12890625 0.494140625 0.130859375 0.494140625 0.1328125 0.4921875 0.134765625 0.4921875 0.1328125 0.490234375 0.1328125 0.48828125 0.134765625 0.486328125 0.13671875 0.48828125 0.138671875 0.486328125 0.13671875 0.484375 0.1328125 0.48828125 0.130859375 0.486328125
0 0.421875 0.072265625 0.423828125 0.07421875 0.423828125 0.080078125 0.42578125 0.08203125 0.427734375 0.080078125 0.4296875 0.08203125 0.427734375 0.080078125 0.427734375 0.076171875 0.42578125 0.076171875
1 0.169921875 0.93359375 0.16796875 0.935546875 0.16796875 0.9375 0.166015625 0.939453125 0.166015625 0.94140625 0.169921875 0.9453125 0.169921875 0.94921875 0.16796875 0.951171875 0.166015625 0.94921875 0.166015625 0.947265625 0.166015625 0.94921875 0.16796875 0.951171875 0.169921875 0.94921875 0.171875 0.951171875 0.173828125 0.951171875 0.1796875 0.9453125 0.181640625 0.9453125 0.18359375 0.947265625 0.18359375 0.94921875 0.185546875 0.951171875 0.18359375 0.94921875 0.18359375 0.9453125 0.1796875 0.9453125 0.177734375 0.943359375 0.177734375 0.935546875 0.17578125 0.93359375 0.173828125 0.935546875 0.171875 0.935546875
1 0.416015625 0.900390625 0.4140625 0.90234375 0.41015625 0.90234375 0.412109375 0.904296875 0.41015625 0.90625 0.408203125 0.90625 0.41015625 0.908203125 0.408203125 0.91015625 0.41015625 0.91015625 0.412109375 0.912109375 0.41015625 0.9140625 0.412109375 0.916015625 0.41015625 0.9140625 0.412109375 0.912109375 0.4140625 0.912109375 0.416015625 0.9140625 0.41796875 0.9140625 0.423828125 0.908203125 0.427734375 0.908203125 0.423828125 0.908203125 0.419921875 0.904296875 0.419921875 0.90234375 0.41796875 0.900390625
1 0.115234375 0.876953125 0.11328125 0.87890625 0.115234375 0.880859375 0.115234375 0.8828125 0.1171875 0.884765625 0.119140625 0.884765625 0.12109375 0.8828125 0.123046875 0.884765625 0.12109375 0.8828125 0.123046875 0.880859375 0.12109375 0.87890625 0.1171875 0.87890625
1 0.494140625 0.712890625 0.494140625 0.71484375 0.490234375 0.71875 0.4921875 0.720703125 0.490234375 0.72265625 0.4921875 0.72265625 0.494140625 0.724609375 0.49609375 0.724609375 0.498046875 0.72265625 0.498046875 0.716796875 0.49609375 0.71484375 0.498046875 0.712890625 0.49609375 0.71484375
1 0.322265625 0.66796875 0.322265625 0.669921875 0.3203125 0.671875 0.31640625 0.671875 0.318359375 0.673828125 0.318359375 0.6796875 0.31640625 0.681640625 0.318359375 0.68359375 0.31640625 0.685546875 0.318359375 0.68359375 0.3203125 0.68359375 0.322265625 0.685546875 0.3203125 0.68359375 0.322265625 0.681640625 0.32421875 0.681640625 0.326171875 0.6796875 0.326171875 0.671875
1 0.248046875 0.5703125 0.24609375 0.572265625 0.24609375 0.576171875 0.2421875 0.580078125 0.244140625 0.578125 0.248046875 0.58203125 0.24609375 0.583984375 0.244140625 0.583984375 0.24609375 0.583984375 0.248046875 0.5859375 0.248046875 0.587890625 0.24609375 0.58984375 0.248046875 0.591796875 0.25 0.58984375 0.248046875 0.587890625 0.25 0.5859375 0.251953125 0.5859375 0.255859375 0.58203125 0.2578125 0.583984375 0.25390625 0.580078125 0.25390625 0.576171875 0.255859375 0.57421875 0.2578125 0.57421875 0.255859375 0.57421875 0.25390625 0.572265625 0.255859375 0.5703125 0.2578125 0.5703125 0.255859375 0.5703125 0.25390625 0.572265625 0.251953125 0.5703125 0.25 0.572265625
1 0.373046875 0.5625 0.37109375 0.564453125 0.369140625 0.564453125 0.369140625 0.56640625 0.37109375 0.568359375 0.369140625 0.5703125 0.375 0.5703125 0.37890625 0.57421875 0.375 0.5703125 0.376953125 0.568359375 0.376953125 0.564453125 0.375 0.5625
1 0.380859375 0.5234375 0.37890625 0.525390625 0.376953125 0.525390625 0.376953125 0.53125 0.37890625 0.533203125 0.384765625 0.533203125 0.38671875 0.53125 0.38671875 0.529296875 0.384765625 0.52734375 0.384765625 0.5234375 0.3828125 0.525390625
1 0.130859375 0.484375 0.130859375 0.486328125 0.126953125 0.490234375 0.12890625 0.4921875 0.12890625 0.494140625 0.126953125 0.49609375 0.125 0.494140625 0.126953125 0.49609375 0.12890625 0.494140625 0.130859375 0.494140625 0.1328125 0.4921875 0.134765625 0.4921875 0.1328125 0.490234375 0.1328125 0.48828125 0.134765625 0.486328125 0.13671875 0.48828125 0.138671875 0.486328125 0.13671875 0.484375 0.1328125 0.48828125 0.130859375 0.486328125
1 0.421875 0.072265625 0.423828125 0.07421875 0.423828125 0.080078125 0.42578125 0.08203125 0.427734375 0.080078125 0.4296875 0.08203125 0.427734375 0.080078125 0.427734375 0.076171875 0.42578125 0.076171875
