0 0.26953125 0.234375 0.267578125 0.236328125 0.267578125 0.23828125 0.265625 0.240234375 0.267578125 0.23828125 0.26953125 0.240234375 0.271484375 0.23828125 0.27734375 0.23828125 0.275390625 0.23828125 0.2734375 0.236328125 0.275390625 0.234375
0 0.1875 0.2265625 0.189453125 0.228515625 0.189453125 0.23046875 0.18359375 0.236328125 0.1796875 0.236328125 0.18359375 0.236328125 0.185546875 0.23828125 0.1875 0.236328125 0.19140625 0.240234375 0.193359375 0.240234375 0.19140625 0.240234375 0.189453125 0.23828125 0.19140625 0.236328125 0.189453125 0.234375 0.19140625 0.232421875 0.189453125 0.23046875 0.189453125 0.2265625
0 0.671875 0.1875 0.673828125 0.189453125 0.671875 0.19140625 0.671875 0.193359375 0.669921875 0.1953125 0.671875 0.197265625 0.66796875 0.201171875 0.66796875 0.203125 0.669921875 0.205078125 0.671875 0.205078125 0.67578125 0.201171875 0.677734375 0.203125 0.677734375 0.205078125 0.67578125 0.20703125 0.677734375 0.205078125 0.677734375 0.203125 0.67578125 0.201171875 0.677734375 0.19921875 0.67578125 0.201171875 0.671875 0.197265625 0.673828125 0.1953125 0.67578125 0.1953125 0.673828125 0.1953125 0.671875 0.193359375 0.671875 0.19140625 0.673828125 0.189453125
0 0.048828125 0.162109375 0.046875 0.1640625 0.046875 0.166015625 0.048828125 0.16796875 0.052734375 0.16796875 0.0546875 0.169921875 0.052734375 0.16796875 0.0546875 0.166015625 0.056640625 0.166015625 0.060546875 0.162109375 0.05859375 0.1640625 0.056640625 0.162109375
0 0.455078125 0.130859375 0.453125 0.1328125 0.455078125 0.134765625 0.455078125 0.13671875 0.45703125 0.13671875 0.458984375 0.138671875 0.4609375 0.13671875 0.462890625 0.138671875 0.458984375 0.134765625 0.4609375 0.1328125 0.462890625 0.1328125 0.4609375 0.1328125 0.458984375 0.130859375 0.45703125 0.1328125
0 0.34375 0.111328125 0.345703125 0.11328125 0.34375 0.115234375 0.34375 0.12109375 0.345703125 0.12109375 0.34765625 0.123046875 0.349609375 0.12109375 0.349609375 0.119140625 0.3515625 0.1171875 0.349609375 0.1171875
1 0.26953125 0.234375 0.267578125 0.236328125 0.267578125 0.23828125 0.265625 0.240234375 0.267578125 0.23828125 0.26953125 0.240234375 0.271484375 0.23828125 0.27734375 0.23828125 0.275390625 0.23828125 0.2734375 0.236328125 0.275390625 0.234375
1 0.1875 0.2265625 0.189453125 0.228515625 0.189453125 0.23046875 0.18359375 0.236328125 0.1796875 0.236328125 0.18359375 0.236328125 0.185546875 0.23828125 0.1875 0.236328125 0.19140625 0.240234375 0.193359375 0.240234375 0.19140625 0.240234375 0.189453125 0.23828125 0.19140625 0.236328125 0.189453125 0.234375 0.19140625 0.232421875 0.189453125 0.23046875 0.189453125 0.2265625
1 0.671875 0.1875 0.673828125 0.189453125 0.671875 0.19140625 0.671875 0.193359375 0.669921875 0.1953125 0.671875 0.197265625 0.66796875 0.201171875 0.66796875 0.203125 0.669921875 0.205078125 0.671875 0.205078125 0.67578125 0.201171875 0.677734375 0.203125 0.677734375 0.205078125 0.67578125 0.20703125 0.677734375 0.205078125 0.677734375 0.203125 0.67578125 0.201171875 0.677734375 0.19921875 0.67578125 0.201171875 0.671875 0.197265625 0.673828125 0.1953125 0.67578125 0.1953125 0.673828125 0.1953125 0.671875 0.193359375 0.671875 0.19140625 0.673828125 0.189453125
1 0.048828125 0.162109375 0.046875 0.1640625 0.046875 0.166015625 0.048828125 0.16796875 0.052734375 0.16796875 0.0546875 0.169921875 0.052734375 0.16796875 0.0546875 0.166015625 0.056640625 0.166015625 0.060546875 0.162109375 0.05859375 0.1640625 0.056640625 0.162109375
1 0.455078125 0.130859375 0.453125 0.1328125 0.455078125 0.134765625 0.455078125 0.13671875 0.45703125 0.13671875 0.458984375 0.138671875 0.4609375 0.13671875 0.462890625 0.138671875 0.458984375 0.134765625 0.4609375 0.1328125 0.462890625 0.1328125 0.4609375 0.1328125 0.458984375 0.130859375 0.45703125 0.1328125
1 0.34375 0.111328125 0.345703125 0.11328125 0.34375 0.115234375 0.34375 0.12109375 0.345703125 0.12109375 0.34765625 0.123046875 0.349609375 0.12109375 0.349609375 0.119140625 0.3515625 0.1171875 0.349609375 0.1171875
