0 0.80859375 0.396484375 0.8046875 0.400390625 0.802734375 0.3984375 0.806640625 0.40234375 0.806640625 0.404296875 0.80859375 0.40625 0.80859375 0.408203125 0.80859375 0.40625 0.810546875 0.404296875 0.810546875 0.40234375 0.806640625 0.3984375 0.80859375 0.396484375 0.810546875 0.396484375
0 0.861328125 0.390625 0.86328125 0.392578125 0.861328125 0.39453125 0.85546875 0.39453125 0.857421875 0.39453125 0.859375 0.396484375 0.857421875 0.3984375 0.85546875 0.3984375 0.857421875 0.3984375 0.859375 0.400390625 0.861328125 0.400390625 0.86328125 0.3984375 0.865234375 0.3984375 0.8671875 0.400390625 0.865234375 0.40234375 0.8671875 0.400390625 0.86328125 0.396484375 0.865234375 0.39453125 0.865234375 0.392578125 0.86328125 0.392578125
0 0.48828125 0.25 0.490234375 0.251953125 0.48828125 0.25390625 0.486328125 0.25390625 0.486328125 0.2578125 0.484375 0.259765625 0.486328125 0.2578125 0.48828125 0.2578125 0.490234375 0.259765625 0.48828125 0.26171875 0.490234375 0.26171875 0.490234375 0.25390625 0.4921875 0.251953125 0.494140625 0.25390625 0.4921875 0.251953125 0.490234375 0.251953125
0 0.625 0.21875 0.626953125 0.220703125 0.626953125 0.22265625 0.62890625 0.224609375 0.626953125 0.2265625 0.62890625 0.228515625 0.630859375 0.228515625 0.62890625 0.228515625 0.626953125 0.2265625 0.62890625 0.224609375 0.6328125 0.224609375 0.630859375 0.22265625 0.630859375 0.220703125 0.62890625 0.21875
0 0.5859375 0.21484375 0.583984375 0.216796875 0.5859375 0.21875 0.5859375 0.22265625 0.583984375 0.224609375 0.587890625 0.220703125 0.591796875 0.220703125 0.587890625 0.216796875 0.587890625 0.21484375
0 0.2578125 0.0859375 0.25390625 0.08984375 0.25 0.08984375 0.251953125 0.091796875 0.251953125 0.095703125 0.25 0.09765625 0.25390625 0.09375 0.255859375 0.09375 0.255859375 0.087890625
1 0.80859375 0.396484375 0.8046875 0.400390625 0.802734375 0.3984375 0.806640625 0.40234375 0.806640625 0.404296875 0.80859375 0.40625 0.80859375 0.408203125 0.80859375 0.40625 0.810546875 0.404296875 0.810546875 0.40234375 0.806640625 0.3984375 0.80859375 0.396484375 0.810546875 0.396484375
1 0.861328125 0.390625 0.86328125 0.392578125 0.861328125 0.39453125 0.85546875 0.39453125 0.857421875 0.39453125 0.859375 0.396484375 0.857421875 0.3984375 0.85546875 0.3984375 0.857421875 0.3984375 0.859375 0.400390625 0.861328125 0.400390625 0.86328125 0.3984375 0.865234375 0.3984375 0.8671875 0.400390625 0.865234375 0.40234375 0.8671875 0.400390625 0.86328125 0.396484375 0.865234375 0.39453125 0.865234375 0.392578125 0.86328125 0.392578125
1 0.48828125 0.25 0.490234375 0.251953125 0.48828125 0.25390625 0.486328125 0.25390625 0.486328125 0.2578125 0.484375 0.259765625 0.486328125 0.2578125 0.48828125 0.2578125 0.490234375 0.259765625 0.48828125 0.26171875 0.490234375 0.26171875 0.490234375 0.25390625 0.4921875 0.251953125 0.494140625 0.25390625 0.4921875 0.251953125 0.490234375 0.251953125
1 0.625 0.21875 0.626953125 0.220703125 0.626953125 0.22265625 0.62890625 0.224609375 0.626953125 0.2265625 0.62890625 0.228515625 0.630859375 0.228515625 0.62890625 0.228515625 0.626953125 0.2265625 0.62890625 0.224609375 0.6328125 0.224609375 0.630859375 0.22265625 0.630859375 0.220703125 0.62890625 0.21875
1 0.5859375 0.21484375 0.583984375 0.216796875 0.5859375 0.21875 0.5859375 0.22265625 0.583984375 0.224609375 0.587890625 0.220703125 0.591796875 0.220703125 0.587890625 0.216796875 0.587890625 0.21484375
1 0.2578125 0.0859375 0.25390625 0.08984375 0.25 0.08984375 0.251953125 0.091796875 0.251953125 0.095703125 0.25 0.09765625 0.25390625 0.09375 0.255859375 0.09375 0.255859375 0.087890625
