0 0.26171875 0.595703125 0.2578125 0.599609375 0.255859375 0.59765625 0.25390625 0.599609375 0.255859375 0.59765625 0.259765625 0.6015625 0.259765625 0.603515625 0.26171875 0.603515625 0.263671875 0.60546875 0.263671875 0.599609375 0.26171875 0.599609375 0.259765625 0.59765625
0 0.109375 0.515625 0.109375 0.51953125 0.111328125 0.51953125 0.11328125 0.521484375 0.115234375 0.51953125 0.11328125 0.517578125 0.11328125 0.515625
0 0.064453125 0.46875 0.06640625 0.470703125 0.06640625 0.47265625 0.068359375 0.474609375 0.072265625 0.474609375 0.07421875 0.4765625 0.072265625 0.474609375 0.07421875 0.47265625 0.072265625 0.470703125 0.07421875 0.46875 0.072265625 0.470703125 0.0703125 0.46875 0.068359375 0.470703125 0.06640625 0.470703125
0 0.056640625 0.32421875 0.0546875 0.326171875 0.056640625 0.328125 0.0546875 0.330078125 0.052734375 0.330078125 0.0546875 0.330078125 0.056640625 0.33203125 0.0546875 0.333984375 0.052734375 0.333984375 0.0546875 0.333984375 0.056640625 0.33203125 0.05859375 0.333984375 0.060546875 0.33203125 0.0625 0.333984375 0.064453125 0.33203125 0.064453125 0.326171875 0.0625 0.32421875 0.060546875 0.326171875 0.05859375 0.326171875
0 0.228515625 0.23046875 0.2265625 0.232421875 0.228515625 0.234375 0.228515625 0.236328125 0.224609375 0.240234375 0.2265625 0.23828125 0.23046875 0.2421875 0.232421875 0.2421875 0.23046875 0.2421875 0.228515625 0.240234375 0.232421875 0.236328125 0.232421875 0.232421875 0.23046875 0.232421875
1 0.26171875 0.595703125 0.2578125 0.599609375 0.255859375 0.59765625 0.25390625 0.599609375 0.255859375 0.59765625 0.259765625 0.6015625 0.259765625 0.603515625 0.26171875 0.603515625 0.263671875 0.60546875 0.263671875 0.599609375 0.26171875 0.599609375 0.259765625 0.59765625
1 0.109375 0.515625 0.109375 0.51953125 0.111328125 0.51953125 0.11328125 0.521484375 0.115234375 0.51953125 0.11328125 0.517578125 0.11328125 0.515625
1 0.064453125 0.46875 0.06640625 0.470703125 0.06640625 0.47265625 0.068359375 0.474609375 0.072265625 0.474609375 0.07421875 0.4765625 0.072265625 0.474609375 0.07421875 0.47265625 0.072265625 0.470703125 0.07421875 0.46875 0.072265625 0.470703125 0.0703125 0.46875 0.068359375 0.470703125 0.06640625 0.470703125
1 0.056640625 0.32421875 0.0546875 0.326171875 0.056640625 0.328125 0.0546875 0.330078125 0.052734375 0.330078125 0.0546875 0.330078125 0.056640625 0.33203125 0.0546875 0.333984375 0.052734375 0.333984375 0.0546875 0.333984375 0.056640625 0.33203125 0.05859375 0.333984375 0.060546875 0.33203125 0.0625 0.333984375 0.064453125 0.33203125 0.064453125 0.326171875 0.0625 0.32421875 0.060546875 0.326171875 0.05859375 0.326171875
1 0.228515625 0.23046875 0.2265625 0.232421875 0.228515625 0.234375 0.228515625 0.236328125 0.224609375 0.240234375 0.2265625 0.23828125 0.23046875 0.2421875 0.232421875 0.2421875 0.23046875 0.2421875 0.228515625 0.240234375 0.232421875 0.236328125 0.232421875 0.232421875 0.23046875 0.232421875
