0 0.876953125 0.46875 0.880859375 0.47265625 0.87890625 0.474609375 0.876953125 0.474609375 0.87890625 0.474609375 0.880859375 0.4765625 0.880859375 0.478515625 0.8828125 0.48046875 0.884765625 0.48046875 0.8828125 0.478515625 0.884765625 0.4765625 0.884765625 0.474609375 0.8828125 0.474609375 0.880859375 0.47265625 0.880859375 0.470703125 0.8828125 0.46875 0.884765625 0.470703125 0.8828125 0.46875 0.880859375 0.470703125 0.87890625 0.470703125
0 0.951171875 0.267578125 0.94921875 0.26953125 0.951171875 0.271484375 0.94921875 0.2734375 0.94921875 0.275390625 0.951171875 0.275390625 0.953125 0.27734375 0.951171875 0.279296875 0.955078125 0.275390625 0.955078125 0.271484375 0.951171875 0.271484375 0.94921875 0.26953125 0.951171875 0.267578125 0.953125 0.267578125
0 0.921875 0.259765625 0.923828125 0.26171875 0.923828125 0.265625 0.921875 0.267578125 0.923828125 0.265625 0.92578125 0.267578125 0.92578125 0.26953125 0.931640625 0.263671875 0.9296875 0.26171875 0.931640625 0.259765625 0.927734375 0.263671875 0.92578125 0.263671875
0 0.478515625 0.212890625 0.4765625 0.21484375 0.4765625 0.21875 0.478515625 0.21875 0.482421875 0.22265625 0.48046875 0.220703125 0.48046875 0.216796875 0.482421875 0.21484375 0.48046875 0.212890625
0 0.84375 0.177734375 0.84765625 0.181640625 0.845703125 0.18359375 0.84765625 0.185546875 0.845703125 0.18359375 0.84765625 0.181640625 0.849609375 0.181640625 0.8515625 0.18359375 0.85546875 0.18359375 0.857421875 0.185546875 0.85546875 0.18359375 0.85546875 0.181640625 0.853515625 0.1796875 0.849609375 0.1796875 0.84765625 0.181640625
0 0.40234375 0.171875 0.3984375 0.17578125 0.396484375 0.173828125 0.392578125 0.177734375 0.390625 0.17578125 0.392578125 0.177734375 0.390625 0.1796875 0.400390625 0.1796875 0.40234375 0.181640625 0.3984375 0.177734375 0.3984375 0.17578125
0 0.43359375 0.146484375 0.43359375 0.150390625 0.435546875 0.15234375 0.4375 0.150390625 0.439453125 0.150390625 0.4375 0.1484375 0.4375 0.146484375
0 0.35546875 0.06640625 0.35546875 0.068359375 0.357421875 0.0703125 0.35546875 0.072265625 0.357421875 0.07421875 0.359375 0.072265625 0.361328125 0.072265625 0.36328125 0.0703125 0.36328125 0.068359375 0.361328125 0.06640625
1 0.876953125 0.46875 0.880859375 0.47265625 0.87890625 0.474609375 0.876953125 0.474609375 0.87890625 0.474609375 0.880859375 0.4765625 0.880859375 0.478515625 0.8828125 0.48046875 0.884765625 0.48046875 0.8828125 0.478515625 0.884765625 0.4765625 0.884765625 0.474609375 0.8828125 0.474609375 0.880859375 0.47265625 0.880859375 0.470703125 0.8828125 0.46875 0.884765625 0.470703125 0.8828125 0.46875 0.880859375 0.470703125 0.87890625 0.470703125
1 0.951171875 0.267578125 0.94921875 0.26953125 0.951171875 0.271484375 0.94921875 0.2734375 0.94921875 0.275390625 0.951171875 0.275390625 0.953125 0.27734375 0.951171875 0.279296875 0.955078125 0.275390625 0.955078125 0.271484375 0.951171875 0.271484375 0.94921875 0.26953125 0.951171875 0.267578125 0.953125 0.267578125
1 0.921875 0.259765625 0.923828125 0.26171875 0.923828125 0.265625 0.921875 0.267578125 0.923828125 0.265625 0.92578125 0.267578125 0.92578125 0.26953125 0.931640625 0.263671875 0.9296875 0.26171875 0.931640625 0.259765625 0.927734375 0.263671875 0.92578125 0.263671875
1 0.478515625 0.212890625 0.4765625 0.21484375 0.4765625 0.21875 0.478515625 0.21875 0.482421875 0.22265625 0.48046875 0.220703125 0.48046875 0.216796875 0.482421875 0.21484375 0.48046875 0.212890625
1 0.84375 0.177734375 0.84765625 0.181640625 0.845703125 0.18359375 0.84765625 0.185546875 0.845703125 0.18359375 0.84765625 0.181640625 0.849609375 0.181640625 0.8515625 0.18359375 0.85546875 0.18359375 0.857421875 0.185546875 0.85546875 0.18359375 0.85546875 0.181640625 0.853515625 0.1796875 0.849609375 0.1796875 0.84765625 0.181640625
1 0.40234375 0.171875 0.3984375 0.17578125 0.396484375 0.173828125 0.392578125 0.177734375 0.390625 0.17578125 0.392578125 0.177734375 0.390625 0.1796875 0.400390625 0.1796875 0.40234375 0.181640625 0.3984375 0.177734375 0.3984375 0.17578125
1 0.43359375 0.146484375 0.43359375 0.150390625 0.435546875 0.15234375 0.4375 0.150390625 0.439453125 0.150390625 0.4375 0.1484375 0.4375 0.146484375
1 0.35546875 0.06640625 0.35546875 0.068359375 0.357421875 0.0703125 0.35546875 0.072265625 0.357421875 0.07421875 0.359375 0.072265625 0.361328125 0.072265625 0.36328125 0.0703125 0.36328125 0.068359375 0.361328125 0.06640625
