0 0.33203125 0.767578125 0.33203125 0.76953125 0.330078125 0.771484375 0.328125 0.771484375 0.330078125 0.7734375 0.330078125 0.779296875 0.33203125 0.77734375 0.333984375 0.77734375 0.3359375 0.779296875 0.3359375 0.77734375 0.337890625 0.775390625 0.33984375 0.77734375 0.337890625 0.775390625 0.337890625 0.7734375 0.341796875 0.76953125 0.33984375 0.771484375 0.3359375 0.767578125 0.333984375 0.76953125
0 0.08984375 0.7421875 0.0859375 0.74609375 0.083984375 0.74609375 0.0859375 0.74609375 0.087890625 0.748046875 0.0859375 0.75 0.087890625 0.75 0.091796875 0.75390625 0.08984375 0.751953125 0.08984375 0.75 0.091796875 0.748046875 0.091796875 0.74609375 0.08984375 0.744140625
0 0.115234375 0.58203125 0.115234375 0.583984375 0.1171875 0.5859375 0.1171875 0.587890625 0.119140625 0.587890625 0.12109375 0.58984375 0.12109375 0.587890625 0.123046875 0.5859375 0.123046875 0.58203125 0.119140625 0.58203125 0.1171875 0.583984375
0 0.396484375 0.517578125 0.39453125 0.51953125 0.39453125 0.5234375 0.396484375 0.525390625 0.404296875 0.525390625 0.40234375 0.525390625 0.400390625 0.5234375 0.400390625 0.517578125
0 0.0234375 0.48828125 0.01953125 0.4921875 0.017578125 0.4921875 0.017578125 0.494140625 0.01953125 0.49609375 0.0234375 0.49609375 0.025390625 0.498046875 0.02734375 0.49609375 0.029296875 0.498046875 0.025390625 0.494140625 0.02734375 0.4921875
0 0.466796875 0.30078125 0.466796875 0.302734375 0.46484375 0.3046875 0.46484375 0.3125 0.466796875 0.314453125 0.46875 0.3125 0.470703125 0.314453125 0.470703125 0.31640625 0.46875 0.318359375 0.466796875 0.318359375 0.470703125 0.318359375 0.470703125 0.314453125 0.47265625 0.3125 0.47265625 0.310546875 0.474609375 0.30859375 0.474609375 0.306640625 0.47265625 0.3046875 0.47265625 0.302734375 0.470703125 0.30078125
0 0.251953125 0.28125 0.251953125 0.2890625 0.25 0.291015625 0.251953125 0.2890625 0.25390625 0.2890625 0.255859375 0.291015625 0.2578125 0.2890625 0.259765625 0.291015625 0.2578125 0.2890625 0.259765625 0.287109375 0.259765625 0.283203125 0.2578125 0.28125
0 0.4140625 0.08203125 0.41015625 0.0859375 0.41015625 0.08984375 0.4140625 0.08984375 0.416015625 0.091796875 0.416015625 0.083984375
1 0.33203125 0.767578125 0.33203125 0.76953125 0.330078125 0.771484375 0.328125 0.771484375 0.330078125 0.7734375 0.330078125 0.779296875 0.33203125 0.77734375 0.333984375 0.77734375 0.3359375 0.779296875 0.3359375 0.77734375 0.337890625 0.775390625 0.33984375 0.77734375 0.337890625 0.775390625 0.337890625 0.7734375 0.341796875 0.76953125 0.33984375 0.771484375 0.3359375 0.767578125 0.333984375 0.76953125
1 0.08984375 0.7421875 0.0859375 0.74609375 0.083984375 0.74609375 0.0859375 0.74609375 0.087890625 0.748046875 0.0859375 0.75 0.087890625 0.75 0.091796875 0.75390625 0.08984375 0.751953125 0.08984375 0.75 0.091796875 0.748046875 0.091796875 0.74609375 0.08984375 0.744140625
1 0.115234375 0.58203125 0.115234375 0.583984375 0.1171875 0.5859375 0.1171875 0.587890625 0.119140625 0.587890625 0.12109375 0.58984375 0.12109375 0.587890625 0.123046875 0.5859375 0.123046875 0.58203125 0.119140625 0.58203125 0.1171875 0.583984375
1 0.396484375 0.517578125 0.39453125 0.51953125 0.39453125 0.5234375 0.396484375 0.525390625 0.404296875 0.525390625 0.40234375 0.525390625 0.400390625 0.5234375 0.400390625 0.517578125
1 0.0234375 0.48828125 0.01953125 0.4921875 0.017578125 0.4921875 0.017578125 0.494140625 0.01953125 0.49609375 0.0234375 0.49609375 0.025390625 0.498046875 0.02734375 0.49609375 0.029296875 0.498046875 0.025390625 0.494140625 0.02734375 0.4921875
1 0.466796875 0.30078125 0.466796875 0.302734375 0.46484375 0.3046875 0.46484375 0.3125 0.466796875 0.314453125 0.46875 0.3125 0.470703125 0.314453125 0.470703125 0.31640625 0.46875 0.318359375 0.466796875 0.318359375 0.470703125 0.318359375 0.470703125 0.314453125 0.47265625 0.3125 0.47265625 0.310546875 0.474609375 0.30859375 0.474609375 0.306640625 0.47265625 0.3046875 0.47265625 0.302734375 0.470703125 0.30078125
1 0.251953125 0.28125 0.251953125 0.2890625 0.25 0.291015625 0.251953125 0.2890625 0.25390625 0.2890625 0.255859375 0.291015625 0.2578125 0.2890625 0.259765625 0.291015625 0.2578125 0.2890625 0.259765625 0.287109375 0.259765625 0.283203125 0.2578125 0.28125
1 0.4140625 0.08203125 0.41015625 0.0859375 0.41015625 0.08984375 0.4140625 0.08984375 0.416015625 0.091796875 0.416015625 0.083984375
