0 0.94140625 0.26953125 0.939453125 0.271484375 0.94140625 0.2734375 0.939453125 0.275390625 0.939453125 0.27734375 0.9375 0.279296875 0.94140625 0.279296875 0.943359375 0.27734375 0.943359375 0.275390625 0.9453125 0.2734375 0.94140625 0.2734375 0.939453125 0.271484375 0.94140625 0.26953125 0.943359375 0.26953125
0 0.798828125 0.265625 0.796875 0.267578125 0.798828125 0.26953125 0.798828125 0.271484375 0.80078125 0.26953125 0.802734375 0.26953125 0.806640625 0.2734375 0.8046875 0.275390625 0.806640625 0.27734375 0.8046875 0.275390625 0.806640625 0.2734375 0.8046875 0.271484375 0.806640625 0.26953125 0.806640625 0.267578125 0.80859375 0.265625 0.810546875 0.267578125 0.80859375 0.265625 0.806640625 0.267578125 0.8046875 0.265625
0 0.779296875 0.251953125 0.77734375 0.25390625 0.775390625 0.25390625 0.77734375 0.25390625 0.779296875 0.255859375 0.779296875 0.259765625 0.78125 0.26171875 0.783203125 0.259765625 0.78515625 0.259765625 0.78515625 0.2578125 0.7890625 0.25390625 0.791015625 0.255859375 0.7890625 0.25390625 0.787109375 0.255859375 0.783203125 0.251953125 0.78515625 0.25390625 0.783203125 0.255859375 0.779296875 0.255859375 0.77734375 0.25390625
0 0.92578125 0.236328125 0.923828125 0.23828125 0.921875 0.23828125 0.921875 0.244140625 0.92578125 0.244140625 0.927734375 0.24609375 0.927734375 0.2421875 0.9296875 0.240234375
0 0.978515625 0.140625 0.98046875 0.142578125 0.98046875 0.14453125 0.982421875 0.146484375 0.98046875 0.1484375 0.978515625 0.1484375 0.974609375 0.14453125 0.974609375 0.142578125 0.974609375 0.14453125 0.9765625 0.146484375 0.97265625 0.150390625 0.974609375 0.150390625 0.9765625 0.15234375 0.978515625 0.15234375 0.98046875 0.150390625 0.98046875 0.1484375 0.982421875 0.146484375 0.98046875 0.14453125 0.98046875 0.142578125
0 0.9921875 0.12890625 0.990234375 0.130859375 0.9921875 0.130859375 0.994140625 0.1328125 0.98828125 0.138671875 0.994140625 0.1328125 0.998046875 0.1328125 0.998046875 0.12890625
0 0.986328125 0.109375 0.984375 0.111328125 0.986328125 0.11328125 0.98828125 0.11328125 0.990234375 0.115234375 0.994140625 0.115234375 0.994140625 0.111328125 0.99609375 0.109375 0.998046875 0.111328125 0.99609375 0.109375 0.994140625 0.111328125 0.9921875 0.109375 0.98828125 0.11328125 0.986328125 0.11328125 0.984375 0.111328125
0 0.888671875 0.09765625 0.888671875 0.103515625 0.896484375 0.103515625 0.8984375 0.1015625 0.8984375 0.099609375 0.896484375 0.09765625
0 0.3515625 0.09375 0.349609375 0.095703125 0.34765625 0.095703125 0.345703125 0.09765625 0.34375 0.09765625 0.34765625 0.09765625 0.349609375 0.099609375 0.349609375 0.1015625 0.3515625 0.099609375 0.3515625 0.09765625 0.353515625 0.095703125
0 0.607421875 0.078125 0.60546875 0.080078125 0.607421875 0.08203125 0.607421875 0.083984375 0.60546875 0.0859375 0.603515625 0.0859375 0.60546875 0.0859375 0.607421875 0.087890625 0.603515625 0.091796875 0.6015625 0.08984375 0.603515625 0.091796875 0.6015625 0.09375 0.6015625 0.095703125 0.603515625 0.09765625 0.6015625 0.095703125 0.6015625 0.09375 0.603515625 0.091796875 0.607421875 0.095703125 0.607421875 0.09375 0.611328125 0.08984375 0.615234375 0.08984375 0.611328125 0.08984375 0.609375 0.087890625 0.607421875 0.087890625 0.60546875 0.0859375 0.607421875 0.083984375 0.607421875 0.08203125 0.609375 0.080078125
0 0.462890625 0.03125 0.45703125 0.037109375 0.453125 0.037109375 0.453125 0.041015625 0.455078125 0.041015625 0.45703125 0.0390625 0.458984375 0.041015625 0.4609375 0.041015625 0.462890625 0.0390625 0.458984375 0.03515625
1 0.94140625 0.26953125 0.939453125 0.271484375 0.94140625 0.2734375 0.939453125 0.275390625 0.939453125 0.27734375 0.9375 0.279296875 0.94140625 0.279296875 0.943359375 0.27734375 0.943359375 0.275390625 0.9453125 0.2734375 0.94140625 0.2734375 0.939453125 0.271484375 0.94140625 0.26953125 0.943359375 0.26953125
1 0.798828125 0.265625 0.796875 0.267578125 0.798828125 0.26953125 0.798828125 0.271484375 0.80078125 0.26953125 0.802734375 0.26953125 0.806640625 0.2734375 0.8046875 0.275390625 0.806640625 0.27734375 0.8046875 0.275390625 0.806640625 0.2734375 0.8046875 0.271484375 0.806640625 0.26953125 0.806640625 0.267578125 0.80859375 0.265625 0.810546875 0.267578125 0.80859375 0.265625 0.806640625 0.267578125 0.8046875 0.265625
1 0.779296875 0.251953125 0.77734375 0.25390625 0.775390625 0.25390625 0.77734375 0.25390625 0.779296875 0.255859375 0.779296875 0.259765625 0.78125 0.26171875 0.783203125 0.259765625 0.78515625 0.259765625 0.78515625 0.2578125 0.7890625 0.25390625 0.791015625 0.255859375 0.7890625 0.25390625 0.787109375 0.255859375 0.783203125 0.251953125 0.78515625 0.25390625 0.783203125 0.255859375 0.779296875 0.255859375 0.77734375 0.25390625
1 0.92578125 0.236328125 0.923828125 0.23828125 0.921875 0.23828125 0.921875 0.244140625 0.92578125 0.244140625 0.927734375 0.24609375 0.927734375 0.2421875 0.9296875 0.240234375
1 0.978515625 0.140625 0.98046875 0.142578125 0.98046875 0.14453125 0.982421875 0.146484375 0.98046875 0.1484375 0.978515625 0.1484375 0.974609375 0.14453125 0.974609375 0.142578125 0.974609375 0.14453125 0.9765625 0.146484375 0.97265625 0.150390625 0.974609375 0.150390625 0.9765625 0.15234375 0.978515625 0.15234375 0.98046875 0.150390625 0.98046875 0.1484375 0.982421875 0.146484375 0.98046875 0.14453125 0.98046875 0.142578125
1 0.9921875 0.12890625 0.990234375 0.130859375 0.9921875 0.130859375 0.994140625 0.1328125 0.98828125 0.138671875 0.994140625 0.1328125 0.998046875 0.1328125 0.998046875 0.12890625
1 0.986328125 0.109375 0.984375 0.111328125 0.986328125 0.11328125 0.98828125 0.11328125 0.990234375 0.115234375 0.994140625 0.115234375 0.994140625 0.111328125 0.99609375 0.109375 0.998046875 0.111328125 0.99609375 0.109375 0.994140625 0.111328125 0.9921875 0.109375 0.98828125 0.11328125 0.986328125 0.11328125 0.984375 0.111328125
1 0.888671875 0.09765625 0.888671875 0.103515625 0.896484375 0.103515625 0.8984375 0.1015625 0.8984375 0.099609375 0.896484375 0.09765625
1 0.3515625 0.09375 0.349609375 0.095703125 0.34765625 0.095703125 0.345703125 0.09765625 0.34375 0.09765625 0.34765625 0.09765625 0.349609375 0.099609375 0.349609375 0.1015625 0.3515625 0.099609375 0.3515625 0.09765625 0.353515625 0.095703125
1 0.607421875 0.078125 0.60546875 0.080078125 0.607421875 0.08203125 0.607421875 0.083984375 0.60546875 0.0859375 0.603515625 0.0859375 0.60546875 0.0859375 0.607421875 0.087890625 0.603515625 0.091796875 0.6015625 0.08984375 0.603515625 0.091796875 0.6015625 0.09375 0.6015625 0.095703125 0.603515625 0.09765625 0.6015625 0.095703125 0.6015625 0.09375 0.603515625 0.091796875 0.607421875 0.095703125 0.607421875 0.09375 0.611328125 0.08984375 0.615234375 0.08984375 0.611328125 0.08984375 0.609375 0.087890625 0.607421875 0.087890625 0.60546875 0.0859375 0.607421875 0.083984375 0.607421875 0.08203125 0.609375 0.080078125
1 0.462890625 0.03125 0.45703125 0.037109375 0.453125 0.037109375 0.453125 0.041015625 0.455078125 0.041015625 0.45703125 0.0390625 0.458984375 0.041015625 0.4609375 0.041015625 0.462890625 0.0390625 0.458984375 0.03515625
