0 0.552734375 0.626953125 0.55078125 0.62890625 0.548828125 0.62890625 0.548828125 0.6328125 0.55078125 0.634765625 0.5546875 0.630859375 0.5546875 0.62890625 0.556640625 0.626953125 0.5546875 0.62890625
0 0.10546875 0.39453125 0.1015625 0.3984375 0.099609375 0.396484375 0.09765625 0.396484375 0.09765625 0.3984375 0.095703125 0.400390625 0.09375 0.400390625 0.095703125 0.40234375 0.09375 0.404296875 0.09765625 0.400390625 0.099609375 0.40234375 0.1015625 0.400390625 0.103515625 0.40234375 0.10546875 0.40234375 0.103515625 0.400390625 0.10546875 0.3984375 0.103515625 0.396484375
0 0.228515625 0.375 0.2265625 0.376953125 0.224609375 0.376953125 0.2265625 0.37890625 0.22265625 0.3828125 0.224609375 0.384765625 0.228515625 0.384765625 0.23046875 0.38671875 0.232421875 0.38671875 0.234375 0.384765625 0.23828125 0.384765625 0.2421875 0.388671875 0.236328125 0.3828125 0.236328125 0.380859375 0.23828125 0.37890625 0.240234375 0.37890625 0.23828125 0.37890625 0.236328125 0.376953125 0.23828125 0.37890625 0.236328125 0.380859375 0.234375 0.380859375 0.23046875 0.376953125 0.232421875 0.375 0.23046875 0.376953125
0 0.328125 0.3359375 0.330078125 0.337890625 0.330078125 0.33984375 0.328125 0.341796875 0.328125 0.345703125 0.3359375 0.345703125 0.333984375 0.345703125 0.33203125 0.34375 0.33203125 0.341796875 0.330078125 0.33984375 0.330078125 0.3359375
0 0.333984375 0.283203125 0.337890625 0.287109375 0.33203125 0.29296875 0.333984375 0.291015625 0.3359375 0.291015625 0.337890625 0.29296875 0.33984375 0.291015625 0.33984375 0.2890625 0.341796875 0.287109375 0.337890625 0.287109375
0 0.5390625 0.25 0.537109375 0.251953125 0.53515625 0.251953125 0.537109375 0.251953125 0.5390625 0.25390625 0.5390625 0.255859375 0.537109375 0.2578125 0.53515625 0.255859375 0.533203125 0.255859375 0.53515625 0.255859375 0.537109375 0.2578125 0.53515625 0.259765625 0.533203125 0.259765625 0.533203125 0.263671875 0.53515625 0.265625 0.53515625 0.267578125 0.537109375 0.267578125 0.54296875 0.26171875 0.544921875 0.263671875 0.54296875 0.26171875 0.541015625 0.26171875 0.541015625 0.263671875 0.5390625 0.265625 0.53515625 0.26171875 0.53515625 0.259765625 0.5390625 0.255859375 0.5390625 0.25390625 0.537109375 0.251953125
0 0.11328125 0.1484375 0.111328125 0.150390625 0.109375 0.150390625 0.109375 0.154296875 0.11328125 0.154296875 0.11328125 0.15234375 0.115234375 0.150390625
0 0.8359375 0.140625 0.833984375 0.142578125 0.83203125 0.142578125 0.833984375 0.14453125 0.830078125 0.1484375 0.83203125 0.150390625 0.830078125 0.1484375 0.833984375 0.14453125 0.8359375 0.146484375 0.8359375 0.1484375 0.837890625 0.146484375 0.837890625 0.140625
0 0.65625 0.125 0.654296875 0.126953125 0.65625 0.12890625 0.65625 0.130859375 0.658203125 0.1328125 0.65625 0.134765625 0.654296875 0.134765625 0.65234375 0.13671875 0.6484375 0.13671875 0.65234375 0.13671875 0.654296875 0.138671875 0.65234375 0.140625 0.654296875 0.142578125 0.65625 0.142578125 0.66015625 0.138671875 0.662109375 0.140625 0.662109375 0.142578125 0.66015625 0.14453125 0.662109375 0.142578125 0.662109375 0.140625 0.66015625 0.138671875 0.662109375 0.13671875 0.66015625 0.138671875 0.65625 0.134765625 0.658203125 0.1328125 0.66015625 0.1328125 0.658203125 0.1328125 0.65625 0.130859375 0.65625 0.12890625 0.658203125 0.126953125
0 0.646484375 0.0859375 0.6484375 0.087890625 0.6484375 0.091796875 0.646484375 0.09375 0.6484375 0.095703125 0.650390625 0.095703125 0.650390625 0.09375 0.654296875 0.08984375 0.650390625 0.08984375
0 0.3984375 0.064453125 0.3984375 0.072265625 0.396484375 0.07421875 0.39453125 0.072265625 0.396484375 0.07421875 0.3984375 0.07421875 0.400390625 0.076171875 0.3984375 0.07421875 0.400390625 0.072265625 0.40234375 0.072265625 0.40234375 0.068359375 0.404296875 0.06640625 0.40234375 0.068359375 0.400390625 0.068359375 0.3984375 0.06640625 0.400390625 0.064453125
0 0.142578125 0.02734375 0.140625 0.029296875 0.140625 0.033203125 0.1484375 0.033203125 0.146484375 0.033203125 0.14453125 0.03125 0.14453125 0.029296875 0.146484375 0.02734375 0.14453125 0.029296875
0 0.103515625 0.00390625 0.099609375 0.0078125 0.099609375 0.009765625 0.09765625 0.01171875 0.099609375 0.009765625 0.1015625 0.01171875 0.103515625 0.009765625 0.10546875 0.009765625 0.10546875 0.005859375
1 0.552734375 0.626953125 0.55078125 0.62890625 0.548828125 0.62890625 0.548828125 0.6328125 0.55078125 0.634765625 0.5546875 0.630859375 0.5546875 0.62890625 0.556640625 0.626953125 0.5546875 0.62890625
1 0.10546875 0.39453125 0.1015625 0.3984375 0.099609375 0.396484375 0.09765625 0.396484375 0.09765625 0.3984375 0.095703125 0.400390625 0.09375 0.400390625 0.095703125 0.40234375 0.09375 0.404296875 0.09765625 0.400390625 0.099609375 0.40234375 0.1015625 0.400390625 0.103515625 0.40234375 0.10546875 0.40234375 0.103515625 0.400390625 0.10546875 0.3984375 0.103515625 0.396484375
1 0.228515625 0.375 0.2265625 0.376953125 0.224609375 0.376953125 0.2265625 0.37890625 0.22265625 0.3828125 0.224609375 0.384765625 0.228515625 0.384765625 0.23046875 0.38671875 0.232421875 0.38671875 0.234375 0.384765625 0.23828125 0.384765625 0.2421875 0.388671875 0.236328125 0.3828125 0.236328125 0.380859375 0.23828125 0.37890625 0.240234375 0.37890625 0.23828125 0.37890625 0.236328125 0.376953125 0.23828125 0.37890625 0.236328125 0.380859375 0.234375 0.380859375 0.23046875 0.376953125 0.232421875 0.375 0.23046875 0.376953125
1 0.328125 0.3359375 0.330078125 0.337890625 0.330078125 0.33984375 0.328125 0.341796875 0.328125 0.345703125 0.3359375 0.345703125 0.333984375 0.345703125 0.33203125 0.34375 0.33203125 0.341796875 0.330078125 0.33984375 0.330078125 0.3359375
1 0.333984375 0.283203125 0.337890625 0.287109375 0.33203125 0.29296875 0.333984375 0.291015625 0.3359375 0.291015625 0.337890625 0.29296875 0.33984375 0.291015625 0.33984375 0.2890625 0.341796875 0.287109375 0.337890625 0.287109375
1 0.5390625 0.25 0.537109375 0.251953125 0.53515625 0.251953125 0.537109375 0.251953125 0.5390625 0.25390625 0.5390625 0.255859375 0.537109375 0.2578125 0.53515625 0.255859375 0.533203125 0.255859375 0.53515625 0.255859375 0.537109375 0.2578125 0.53515625 0.259765625 0.533203125 0.259765625 0.533203125 0.263671875 0.53515625 0.265625 0.53515625 0.267578125 0.537109375 0.267578125 0.54296875 0.26171875 0.544921875 0.263671875 0.54296875 0.26171875 0.541015625 0.26171875 0.541015625 0.263671875 0.5390625 0.265625 0.53515625 0.26171875 0.53515625 0.259765625 0.5390625 0.255859375 0.5390625 0.25390625 0.537109375 0.251953125
1 0.11328125 0.1484375 0.111328125 0.150390625 0.109375 0.150390625 0.109375 0.154296875 0.11328125 0.154296875 0.11328125 0.15234375 0.115234375 0.150390625
1 0.8359375 0.140625 0.833984375 0.142578125 0.83203125 0.142578125 0.833984375 0.14453125 0.830078125 0.1484375 0.83203125 0.150390625 0.830078125 0.1484375 0.833984375 0.14453125 0.8359375 0.146484375 0.8359375 0.1484375 0.837890625 0.146484375 0.837890625 0.140625
1 0.65625 0.125 0.654296875 0.126953125 0.65625 0.12890625 0.65625 0.130859375 0.658203125 0.1328125 0.65625 0.134765625 0.654296875 0.134765625 0.65234375 0.13671875 0.6484375 0.13671875 0.65234375 0.13671875 0.654296875 0.138671875 0.65234375 0.140625 0.654296875 0.142578125 0.65625 0.142578125 0.66015625 0.138671875 0.662109375 0.140625 0.662109375 0.142578125 0.66015625 0.14453125 0.662109375 0.142578125 0.662109375 0.140625 0.66015625 0.138671875 0.662109375 0.13671875 0.66015625 0.138671875 0.65625 0.134765625 0.658203125 0.1328125 0.66015625 0.1328125 0.658203125 0.1328125 0.65625 0.130859375 0.65625 0.12890625 0.658203125 0.126953125
1 0.646484375 0.0859375 0.6484375 0.087890625 0.6484375 0.091796875 0.646484375 0.09375 0.6484375 0.095703125 0.650390625 0.095703125 0.650390625 0.09375 0.654296875 0.08984375 0.650390625 0.08984375
1 0.3984375 0.064453125 0.3984375 0.072265625 0.396484375 0.07421875 0.39453125 0.072265625 0.396484375 0.07421875 0.3984375 0.07421875 0.400390625 0.076171875 0.3984375 0.07421875 0.400390625 0.072265625 0.40234375 0.072265625 0.40234375 0.068359375 0.404296875 0.06640625 0.40234375 0.068359375 0.400390625 0.068359375 0.3984375 0.06640625 0.400390625 0.064453125
1 0.142578125 0.02734375 0.140625 0.029296875 0.140625 0.033203125 0.1484375 0.033203125 0.146484375 0.033203125 0.14453125 0.03125 0.14453125 0.029296875 0.146484375 0.02734375 0.14453125 0.029296875
1 0.103515625 0.00390625 0.099609375 0.0078125 0.099609375 0.009765625 0.09765625 0.01171875 0.099609375 0.009765625 0.1015625 0.01171875 0.103515625 0.009765625 0.10546875 0.009765625 0.10546875 0.005859375
