0 0.900390625 0.302734375 0.900390625 0.3046875 0.8984375 0.306640625 0.896484375 0.306640625 0.89453125 0.30859375 0.896484375 0.310546875 0.8984375 0.30859375 0.904296875 0.30859375 0.904296875 0.306640625 0.90234375 0.3046875 0.90234375 0.302734375
0 0.412109375 0.236328125 0.4140625 0.23828125 0.412109375 0.240234375 0.4140625 0.2421875 0.412109375 0.244140625 0.412109375 0.24609375 0.412109375 0.244140625 0.416015625 0.240234375 0.41796875 0.2421875 0.41796875 0.244140625 0.41796875 0.2421875 0.419921875 0.240234375 0.41796875 0.23828125 0.416015625 0.23828125 0.4140625 0.236328125
0 0.041015625 0.15625 0.04296875 0.158203125 0.041015625 0.16015625 0.04296875 0.162109375 0.041015625 0.1640625 0.0390625 0.1640625 0.041015625 0.166015625 0.041015625 0.16796875 0.04296875 0.166015625 0.044921875 0.166015625 0.044921875 0.16015625
0 0.373046875 0.1484375 0.375 0.1484375 0.376953125 0.150390625 0.376953125 0.15234375 0.375 0.154296875 0.373046875 0.15234375 0.37109375 0.154296875 0.37109375 0.16015625 0.369140625 0.162109375 0.37109375 0.1640625 0.373046875 0.162109375 0.375 0.162109375 0.376953125 0.1640625 0.380859375 0.16015625 0.376953125 0.15625 0.37890625 0.154296875 0.376953125 0.15234375 0.376953125 0.1484375
0 0.310546875 0.109375 0.306640625 0.11328125 0.3046875 0.111328125 0.302734375 0.11328125 0.30078125 0.111328125 0.298828125 0.111328125 0.30078125 0.11328125 0.298828125 0.115234375 0.30078125 0.1171875 0.298828125 0.119140625 0.302734375 0.115234375 0.3046875 0.1171875 0.306640625 0.1171875 0.306640625 0.115234375 0.30859375 0.11328125 0.310546875 0.11328125 0.30859375 0.111328125
0 0.078125 0.001953125 0.078125 0.00390625 0.076171875 0.005859375 0.07421875 0.005859375 0.07421875 0.0078125 0.080078125 0.0078125 0.08203125 0.009765625 0.080078125 0.01171875 0.083984375 0.0078125 0.0859375 0.009765625 0.087890625 0.0078125 0.0859375 0.009765625 0.08203125 0.005859375 0.08203125 0.00390625 0.080078125 0.00390625
1 0.900390625 0.302734375 0.900390625 0.3046875 0.8984375 0.306640625 0.896484375 0.306640625 0.89453125 0.30859375 0.896484375 0.310546875 0.8984375 0.30859375 0.904296875 0.30859375 0.904296875 0.306640625 0.90234375 0.3046875 0.90234375 0.302734375
1 0.412109375 0.236328125 0.4140625 0.23828125 0.412109375 0.240234375 0.4140625 0.2421875 0.412109375 0.244140625 0.412109375 0.24609375 0.412109375 0.244140625 0.416015625 0.240234375 0.41796875 0.2421875 0.41796875 0.244140625 0.41796875 0.2421875 0.419921875 0.240234375 0.41796875 0.23828125 0.416015625 0.23828125 0.4140625 0.236328125
1 0.041015625 0.15625 0.04296875 0.158203125 0.041015625 0.16015625 0.04296875 0.162109375 0.041015625 0.1640625 0.0390625 0.1640625 0.041015625 0.166015625 0.041015625 0.16796875 0.04296875 0.166015625 0.044921875 0.166015625 0.044921875 0.16015625
1 0.373046875 0.1484375 0.375 0.1484375 0.376953125 0.150390625 0.376953125 0.15234375 0.375 0.154296875 0.373046875 0.15234375 0.37109375 0.154296875 0.37109375 0.16015625 0.369140625 0.162109375 0.37109375 0.1640625 0.373046875 0.162109375 0.375 0.162109375 0.376953125 0.1640625 0.380859375 0.16015625 0.376953125 0.15625 0.37890625 0.154296875 0.376953125 0.15234375 0.376953125 0.1484375
1 0.310546875 0.109375 0.306640625 0.11328125 0.3046875 0.111328125 0.302734375 0.11328125 0.30078125 0.111328125 0.298828125 0.111328125 0.30078125 0.11328125 0.298828125 0.115234375 0.30078125 0.1171875 0.298828125 0.119140625 0.302734375 0.115234375 0.3046875 0.1171875 0.306640625 0.1171875 0.306640625 0.115234375 0.30859375 0.11328125 0.310546875 0.11328125 0.30859375 0.111328125
1 0.078125 0.001953125 0.078125 0.00390625 0.076171875 0.005859375 0.07421875 0.005859375 0.07421875 0.0078125 0.080078125 0.0078125 0.08203125 0.009765625 0.080078125 0.01171875 0.083984375 0.0078125 0.0859375 0.009765625 0.087890625 0.0078125 0.0859375 0.009765625 0.08203125 0.005859375 0.08203125 0.00390625 0.080078125 0.00390625
