0 0.462890625 0.615234375 0.46484375 0.6171875 0.462890625 0.619140625 0.4609375 0.619140625 0.458984375 0.6171875 0.458984375 0.619140625 0.4609375 0.62109375 0.458984375 0.623046875 0.462890625 0.623046875 0.46484375 0.62109375 0.46484375 0.6171875
0 0.546875 0.578125 0.546875 0.58203125 0.548828125 0.58203125 0.55078125 0.583984375 0.552734375 0.58203125 0.55078125 0.580078125 0.55078125 0.578125
0 0.90625 0.548828125 0.904296875 0.55078125 0.904296875 0.5546875 0.90234375 0.556640625 0.900390625 0.556640625 0.90234375 0.556640625 0.904296875 0.55859375 0.90625 0.556640625 0.90625 0.5546875 0.91015625 0.55078125 0.908203125 0.55078125
0 0.509765625 0.546875 0.5078125 0.548828125 0.505859375 0.548828125 0.5078125 0.55078125 0.505859375 0.552734375 0.50390625 0.552734375 0.50390625 0.5546875 0.501953125 0.556640625 0.50390625 0.55859375 0.5078125 0.5546875 0.51171875 0.5546875 0.513671875 0.556640625 0.51171875 0.55859375 0.513671875 0.556640625 0.51171875 0.5546875 0.509765625 0.5546875 0.5078125 0.552734375 0.509765625 0.55078125 0.5078125 0.548828125
0 0.3125 0.5390625 0.314453125 0.541015625 0.314453125 0.54296875 0.3125 0.544921875 0.3125 0.546875 0.314453125 0.548828125 0.314453125 0.55078125 0.3125 0.552734375 0.314453125 0.552734375 0.314453125 0.548828125 0.31640625 0.546875 0.31640625 0.541015625 0.314453125 0.541015625
0 0.515625 0.400390625 0.51953125 0.404296875 0.51953125 0.408203125 0.521484375 0.408203125 0.5234375 0.40625 0.5234375 0.404296875 0.525390625 0.40234375 0.517578125 0.40234375
0 0.25 0.39453125 0.251953125 0.396484375 0.251953125 0.400390625 0.255859375 0.400390625 0.2578125 0.3984375 0.259765625 0.400390625 0.259765625 0.40234375 0.2578125 0.404296875 0.26171875 0.400390625 0.263671875 0.40234375 0.26171875 0.400390625 0.259765625 0.400390625 0.2578125 0.3984375 0.2578125 0.396484375 0.251953125 0.396484375
0 0.96875 0.375 0.96875 0.37890625 0.97265625 0.3828125 0.970703125 0.384765625 0.97265625 0.3828125 0.9765625 0.38671875 0.974609375 0.388671875 0.9765625 0.38671875 0.970703125 0.380859375 0.97265625 0.37890625 0.97265625 0.376953125 0.974609375 0.375
0 0.455078125 0.375 0.453125 0.376953125 0.451171875 0.376953125 0.451171875 0.380859375 0.45703125 0.380859375 0.458984375 0.37890625 0.4609375 0.37890625 0.45703125 0.37890625 0.455078125 0.376953125
0 0.15625 0.27734375 0.15625 0.279296875 0.154296875 0.28125 0.15234375 0.28125 0.154296875 0.283203125 0.15625 0.283203125 0.16015625 0.287109375 0.162109375 0.287109375 0.16015625 0.287109375 0.158203125 0.28515625 0.16015625 0.283203125 0.158203125 0.28125 0.158203125 0.279296875
0 0.61328125 0.25 0.611328125 0.251953125 0.609375 0.251953125 0.607421875 0.25390625 0.607421875 0.2578125 0.60546875 0.259765625 0.603515625 0.259765625 0.60546875 0.259765625 0.609375 0.263671875 0.611328125 0.26171875 0.607421875 0.2578125 0.609375 0.255859375 0.61328125 0.255859375 0.615234375 0.2578125 0.611328125 0.25390625 0.611328125 0.251953125 0.61328125 0.25 0.615234375 0.251953125 0.6171875 0.25 0.615234375 0.251953125
0 0.2578125 0.142578125 0.255859375 0.14453125 0.259765625 0.1484375 0.2578125 0.150390625 0.2578125 0.15234375 0.259765625 0.15234375 0.26171875 0.154296875 0.259765625 0.15234375 0.26171875 0.150390625 0.263671875 0.150390625 0.263671875 0.14453125 0.26171875 0.14453125 0.259765625 0.146484375 0.2578125 0.146484375 0.255859375 0.14453125
0 0.0546875 0.13671875 0.048828125 0.142578125 0.052734375 0.138671875 0.0546875 0.140625 0.0546875 0.142578125 0.052734375 0.14453125 0.0546875 0.142578125 0.05859375 0.142578125 0.060546875 0.140625 0.05859375 0.140625 0.056640625 0.138671875 0.056640625 0.13671875
0 0.0859375 0.048828125 0.0859375 0.05078125 0.083984375 0.052734375 0.08203125 0.052734375 0.08203125 0.0546875 0.080078125 0.056640625 0.08203125 0.0546875 0.083984375 0.056640625 0.083984375 0.060546875 0.087890625 0.056640625 0.08984375 0.05859375 0.087890625 0.056640625 0.087890625 0.0546875 0.08984375 0.052734375 0.087890625 0.0546875 0.0859375 0.0546875 0.083984375 0.052734375 0.087890625 0.048828125
1 0.462890625 0.615234375 0.46484375 0.6171875 0.462890625 0.619140625 0.4609375 0.619140625 0.458984375 0.6171875 0.458984375 0.619140625 0.4609375 0.62109375 0.458984375 0.623046875 0.462890625 0.623046875 0.46484375 0.62109375 0.46484375 0.6171875
1 0.546875 0.578125 0.546875 0.58203125 0.548828125 0.58203125 0.55078125 0.583984375 0.552734375 0.58203125 0.55078125 0.580078125 0.55078125 0.578125
1 0.90625 0.548828125 0.904296875 0.55078125 0.904296875 0.5546875 0.90234375 0.556640625 0.900390625 0.556640625 0.90234375 0.556640625 0.904296875 0.55859375 0.90625 0.556640625 0.90625 0.5546875 0.91015625 0.55078125 0.908203125 0.55078125
1 0.509765625 0.546875 0.5078125 0.548828125 0.505859375 0.548828125 0.5078125 0.55078125 0.505859375 0.552734375 0.50390625 0.552734375 0.50390625 0.5546875 0.501953125 0.556640625 0.50390625 0.55859375 0.5078125 0.5546875 0.51171875 0.5546875 0.513671875 0.556640625 0.51171875 0.55859375 0.513671875 0.556640625 0.51171875 0.5546875 0.509765625 0.5546875 0.5078125 0.552734375 0.509765625 0.55078125 0.5078125 0.548828125
1 0.3125 0.5390625 0.314453125 0.541015625 0.314453125 0.54296875 0.3125 0.544921875 0.3125 0.546875 0.314453125 0.548828125 0.314453125 0.55078125 0.3125 0.552734375 0.314453125 0.552734375 0.314453125 0.548828125 0.31640625 0.546875 0.31640625 0.541015625 0.314453125 0.541015625
1 0.515625 0.400390625 0.51953125 0.404296875 0.51953125 0.408203125 0.521484375 0.408203125 0.5234375 0.40625 0.5234375 0.404296875 0.525390625 0.40234375 0.517578125 0.40234375
1 0.25 0.39453125 0.251953125 0.396484375 0.251953125 0.400390625 0.255859375 0.400390625 0.2578125 0.3984375 0.259765625 0.400390625 0.259765625 0.40234375 0.2578125 0.404296875 0.26171875 0.400390625 0.263671875 0.40234375 0.26171875 0.400390625 0.259765625 0.400390625 0.2578125 0.3984375 0.2578125 0.396484375 0.251953125 0.396484375
1 0.96875 0.375 0.96875 0.37890625 0.97265625 0.3828125 0.970703125 0.384765625 0.97265625 0.3828125 0.9765625 0.38671875 0.974609375 0.388671875 0.9765625 0.38671875 0.970703125 0.380859375 0.97265625 0.37890625 0.97265625 0.376953125 0.974609375 0.375
1 0.455078125 0.375 0.453125 0.376953125 0.451171875 0.376953125 0.451171875 0.380859375 0.45703125 0.380859375 0.458984375 0.37890625 0.4609375 0.37890625 0.45703125 0.37890625 0.455078125 0.376953125
1 0.15625 0.27734375 0.15625 0.279296875 0.154296875 0.28125 0.15234375 0.28125 0.154296875 0.283203125 0.15625 0.283203125 0.16015625 0.287109375 0.162109375 0.287109375 0.16015625 0.287109375 0.158203125 0.28515625 0.16015625 0.283203125 0.158203125 0.28125 0.158203125 0.279296875
1 0.61328125 0.25 0.611328125 0.251953125 0.609375 0.251953125 0.607421875 0.25390625 0.607421875 0.2578125 0.60546875 0.259765625 0.603515625 0.259765625 0.60546875 0.259765625 0.609375 0.263671875 0.611328125 0.26171875 0.607421875 0.2578125 0.609375 0.255859375 0.61328125 0.255859375 0.615234375 0.2578125 0.611328125 0.25390625 0.611328125 0.251953125 0.61328125 0.25 0.615234375 0.251953125 0.6171875 0.25 0.615234375 0.251953125
1 0.2578125 0.142578125 0.255859375 0.14453125 0.259765625 0.1484375 0.2578125 0.150390625 0.2578125 0.15234375 0.259765625 0.15234375 0.26171875 0.154296875 0.259765625 0.15234375 0.26171875 0.150390625 0.263671875 0.150390625 0.263671875 0.14453125 0.26171875 0.14453125 0.259765625 0.146484375 0.2578125 0.146484375 0.255859375 0.14453125
1 0.0546875 0.13671875 0.048828125 0.142578125 0.052734375 0.138671875 0.0546875 0.140625 0.0546875 0.142578125 0.052734375 0.14453125 0.0546875 0.142578125 0.05859375 0.142578125 0.060546875 0.140625 0.05859375 0.140625 0.056640625 0.138671875 0.056640625 0.13671875
1 0.0859375 0.048828125 0.0859375 0.05078125 0.083984375 0.052734375 0.08203125 0.052734375 0.08203125 0.0546875 0.080078125 0.056640625 0.08203125 0.0546875 0.083984375 0.056640625 0.083984375 0.060546875 0.087890625 0.056640625 0.08984375 0.05859375 0.087890625 0.056640625 0.087890625 0.0546875 0.08984375 0.052734375 0.087890625 0.0546875 0.0859375 0.0546875 0.083984375 0.052734375 0.087890625 0.048828125
