0 0.1171875 0.26953125 0.1171875 0.275390625 0.115234375 0.27734375 0.115234375 0.279296875 0.1171875 0.27734375 0.119140625 0.279296875 0.12109375 0.279296875 0.123046875 0.27734375 0.123046875 0.2734375 0.12109375 0.271484375 0.123046875 0.26953125 0.12109375 0.271484375 0.119140625 0.271484375
0 0.59765625 0.197265625 0.599609375 0.19921875 0.599609375 0.201171875 0.59765625 0.203125 0.59375 0.19921875 0.591796875 0.19921875 0.58984375 0.201171875 0.58984375 0.203125 0.587890625 0.205078125 0.58984375 0.20703125 0.587890625 0.208984375 0.5859375 0.208984375 0.587890625 0.208984375 0.591796875 0.205078125 0.595703125 0.208984375 0.59375 0.2109375 0.59375 0.212890625 0.595703125 0.21484375 0.59375 0.216796875 0.595703125 0.21484375 0.59375 0.212890625 0.59375 0.2109375 0.595703125 0.208984375 0.59765625 0.208984375 0.595703125 0.208984375 0.59375 0.20703125 0.59765625 0.203125 0.599609375 0.205078125 0.59765625 0.203125 0.599609375 0.201171875 0.599609375 0.19921875
0 0.21484375 0.03125 0.2109375 0.03515625 0.2109375 0.037109375 0.208984375 0.0390625 0.20703125 0.037109375 0.205078125 0.0390625 0.20703125 0.037109375 0.2109375 0.041015625 0.212890625 0.0390625 0.216796875 0.0390625 0.21484375 0.037109375 0.216796875 0.03515625 0.21484375 0.03515625 0.212890625 0.033203125
0 0.455078125 0.015625 0.458984375 0.01953125 0.45703125 0.021484375 0.455078125 0.021484375 0.45703125 0.021484375 0.458984375 0.0234375 0.458984375 0.025390625 0.4609375 0.02734375 0.462890625 0.02734375 0.4609375 0.025390625 0.462890625 0.0234375 0.462890625 0.021484375 0.4609375 0.021484375 0.458984375 0.01953125 0.458984375 0.017578125 0.4609375 0.015625 0.462890625 0.017578125 0.4609375 0.015625 0.458984375 0.017578125 0.45703125 0.017578125
0 0.935546875 0.0 0.93359375 0.001953125 0.9296875 0.001953125 0.93359375 0.001953125 0.935546875 0.00390625 0.9375 0.00390625 0.939453125 0.005859375 0.939453125 0.0078125 0.943359375 0.0078125 0.94140625 0.0078125 0.939453125 0.005859375 0.94140625 0.00390625 0.943359375 0.00390625 0.94140625 0.00390625 0.939453125 0.001953125 0.939453125 0.0
1 0.1171875 0.26953125 0.1171875 0.275390625 0.115234375 0.27734375 0.115234375 0.279296875 0.1171875 0.27734375 0.119140625 0.279296875 0.12109375 0.279296875 0.123046875 0.27734375 0.123046875 0.2734375 0.12109375 0.271484375 0.123046875 0.26953125 0.12109375 0.271484375 0.119140625 0.271484375
1 0.59765625 0.197265625 0.599609375 0.19921875 0.599609375 0.201171875 0.59765625 0.203125 0.59375 0.19921875 0.591796875 0.19921875 0.58984375 0.201171875 0.58984375 0.203125 0.587890625 0.205078125 0.58984375 0.20703125 0.587890625 0.208984375 0.5859375 0.208984375 0.587890625 0.208984375 0.591796875 0.205078125 0.595703125 0.208984375 0.59375 0.2109375 0.59375 0.212890625 0.595703125 0.21484375 0.59375 0.216796875 0.595703125 0.21484375 0.59375 0.212890625 0.59375 0.2109375 0.595703125 0.208984375 0.59765625 0.208984375 0.595703125 0.208984375 0.59375 0.20703125 0.59765625 0.203125 0.599609375 0.205078125 0.59765625 0.203125 0.599609375 0.201171875 0.599609375 0.19921875
1 0.21484375 0.03125 0.2109375 0.03515625 0.2109375 0.037109375 0.208984375 0.0390625 0.20703125 0.037109375 0.205078125 0.0390625 0.20703125 0.037109375 0.2109375 0.041015625 0.212890625 0.0390625 0.216796875 0.0390625 0.21484375 0.037109375 0.216796875 0.03515625 0.21484375 0.03515625 0.212890625 0.033203125
1 0.455078125 0.015625 0.458984375 0.01953125 0.45703125 0.021484375 0.455078125 0.021484375 0.45703125 0.021484375 0.458984375 0.0234375 0.458984375 0.025390625 0.4609375 0.02734375 0.462890625 0.02734375 0.4609375 0.025390625 0.462890625 0.0234375 0.462890625 0.021484375 0.4609375 0.021484375 0.458984375 0.01953125 0.458984375 0.017578125 0.4609375 0.015625 0.462890625 0.017578125 0.4609375 0.015625 0.458984375 0.017578125 0.45703125 0.017578125
1 0.935546875 0.0 0.93359375 0.001953125 0.9296875 0.001953125 0.93359375 0.001953125 0.935546875 0.00390625 0.9375 0.00390625 0.939453125 0.005859375 0.939453125 0.0078125 0.943359375 0.0078125 0.94140625 0.0078125 0.939453125 0.005859375 0.94140625 0.00390625 0.943359375 0.00390625 0.94140625 0.00390625 0.939453125 0.001953125 0.939453125 0.0
