0 0.939453125 0.8125 0.9375 0.814453125 0.939453125 0.81640625 0.939453125 0.818359375 0.94140625 0.81640625 0.943359375 0.81640625 0.947265625 0.8203125 0.9453125 0.822265625 0.947265625 0.82421875 0.9453125 0.822265625 0.947265625 0.8203125 0.9453125 0.818359375 0.947265625 0.81640625 0.947265625 0.814453125 0.94921875 0.8125 0.951171875 0.814453125 0.94921875 0.8125 0.947265625 0.814453125 0.9453125 0.8125
0 0.763671875 0.6328125 0.76171875 0.634765625 0.76171875 0.638671875 0.765625 0.638671875 0.765625 0.6328125
0 0.794921875 0.541015625 0.791015625 0.544921875 0.7890625 0.544921875 0.7890625 0.548828125 0.787109375 0.55078125 0.7890625 0.548828125 0.791015625 0.55078125 0.79296875 0.548828125 0.79296875 0.54296875
0 0.8671875 0.408203125 0.8671875 0.41015625 0.865234375 0.412109375 0.86328125 0.412109375 0.86328125 0.4140625 0.861328125 0.416015625 0.86328125 0.4140625 0.865234375 0.416015625 0.865234375 0.419921875 0.869140625 0.416015625 0.87109375 0.41796875 0.869140625 0.416015625 0.869140625 0.4140625 0.87109375 0.412109375 0.869140625 0.4140625 0.8671875 0.4140625 0.865234375 0.412109375 0.869140625 0.408203125
0 0.71875 0.21484375 0.71875 0.21875 0.720703125 0.220703125 0.720703125 0.22265625 0.71875 0.224609375 0.720703125 0.224609375 0.720703125 0.220703125 0.72265625 0.21875 0.72265625 0.216796875 0.724609375 0.21484375 0.7265625 0.21484375
0 0.99609375 0.037109375 0.9921875 0.041015625 0.990234375 0.0390625 0.994140625 0.04296875 0.994140625 0.044921875 0.9921875 0.046875 0.994140625 0.048828125 0.99609375 0.046875 0.998046875 0.046875 0.998046875 0.04296875 0.994140625 0.0390625 0.99609375 0.037109375 0.998046875 0.037109375
1 0.939453125 0.8125 0.9375 0.814453125 0.939453125 0.81640625 0.939453125 0.818359375 0.94140625 0.81640625 0.943359375 0.81640625 0.947265625 0.8203125 0.9453125 0.822265625 0.947265625 0.82421875 0.9453125 0.822265625 0.947265625 0.8203125 0.9453125 0.818359375 0.947265625 0.81640625 0.947265625 0.814453125 0.94921875 0.8125 0.951171875 0.814453125 0.94921875 0.8125 0.947265625 0.814453125 0.9453125 0.8125
1 0.763671875 0.6328125 0.76171875 0.634765625 0.76171875 0.638671875 0.765625 0.638671875 0.765625 0.6328125
1 0.794921875 0.541015625 0.791015625 0.544921875 0.7890625 0.544921875 0.7890625 0.548828125 0.787109375 0.55078125 0.7890625 0.548828125 0.791015625 0.55078125 0.79296875 0.548828125 0.79296875 0.54296875
1 0.8671875 0.408203125 0.8671875 0.41015625 0.865234375 0.412109375 0.86328125 0.412109375 0.86328125 0.4140625 0.861328125 0.416015625 0.86328125 0.4140625 0.865234375 0.416015625 0.865234375 0.419921875 0.869140625 0.416015625 0.87109375 0.41796875 0.869140625 0.416015625 0.869140625 0.4140625 0.87109375 0.412109375 0.869140625 0.4140625 0.8671875 0.4140625 0.865234375 0.412109375 0.869140625 0.408203125
1 0.71875 0.21484375 0.71875 0.21875 0.720703125 0.220703125 0.720703125 0.22265625 0.71875 0.224609375 0.720703125 0.224609375 0.720703125 0.220703125 0.72265625 0.21875 0.72265625 0.216796875 0.724609375 0.21484375 0.7265625 0.21484375
1 0.99609375 0.037109375 0.9921875 0.041015625 0.990234375 0.0390625 0.994140625 0.04296875 0.994140625 0.044921875 0.9921875 0.046875 0.994140625 0.048828125 0.99609375 0.046875 0.998046875 0.046875 0.998046875 0.04296875 0.994140625 0.0390625 0.99609375 0.037109375 0.998046875 0.037109375
