0 0.060546875 0.5625 0.05859375 0.564453125 0.060546875 0.56640625 0.060546875 0.568359375 0.05859375 0.5703125 0.056640625 0.5703125 0.05859375 0.5703125 0.060546875 0.572265625 0.056640625 0.576171875 0.0546875 0.57421875 0.056640625 0.576171875 0.056640625 0.578125 0.05859375 0.580078125 0.05859375 0.583984375 0.060546875 0.583984375 0.05859375 0.58203125 0.05859375 0.580078125 0.0625 0.576171875 0.064453125 0.576171875 0.060546875 0.572265625 0.0625 0.5703125 0.060546875 0.568359375 0.060546875 0.56640625 0.05859375 0.564453125
0 0.994140625 0.265625 0.99609375 0.267578125 0.994140625 0.26953125 0.99609375 0.271484375 0.994140625 0.2734375 0.9921875 0.2734375 0.994140625 0.275390625 0.994140625 0.27734375 0.99609375 0.275390625 0.998046875 0.275390625 0.998046875 0.26953125
0 0.384765625 0.25 0.38671875 0.251953125 0.384765625 0.25390625 0.3828125 0.25390625 0.380859375 0.255859375 0.37890625 0.255859375 0.376953125 0.25390625 0.37890625 0.255859375 0.37890625 0.2578125 0.376953125 0.259765625 0.37890625 0.2578125 0.380859375 0.2578125 0.3828125 0.259765625 0.384765625 0.259765625 0.38671875 0.26171875 0.384765625 0.263671875 0.38671875 0.26171875 0.384765625 0.259765625 0.38671875 0.2578125 0.38671875 0.255859375 0.384765625 0.25390625 0.38671875 0.251953125
0 0.4453125 0.208984375 0.443359375 0.2109375 0.4453125 0.212890625 0.443359375 0.21484375 0.44140625 0.21484375 0.439453125 0.216796875 0.44140625 0.21484375 0.443359375 0.21484375 0.4453125 0.216796875 0.447265625 0.21484375 0.451171875 0.21484375 0.44921875 0.21484375 0.447265625 0.212890625 0.447265625 0.2109375
0 0.54296875 0.171875 0.541015625 0.173828125 0.541015625 0.17578125 0.546875 0.17578125 0.548828125 0.173828125 0.552734375 0.173828125 0.548828125 0.173828125 0.546875 0.171875
0 0.958984375 0.15625 0.95703125 0.158203125 0.95703125 0.16015625 0.955078125 0.162109375 0.95703125 0.16015625 0.958984375 0.16015625 0.9609375 0.162109375 0.958984375 0.1640625 0.9609375 0.162109375 0.962890625 0.1640625 0.96484375 0.162109375 0.962890625 0.16015625 0.962890625 0.158203125 0.96484375 0.15625
0 0.830078125 0.142578125 0.828125 0.14453125 0.830078125 0.146484375 0.83203125 0.146484375 0.833984375 0.1484375 0.83203125 0.150390625 0.833984375 0.15234375 0.83203125 0.154296875 0.833984375 0.15234375 0.8359375 0.15234375 0.833984375 0.150390625 0.8359375 0.1484375 0.837890625 0.1484375 0.837890625 0.146484375 0.83984375 0.14453125 0.837890625 0.142578125 0.833984375 0.146484375 0.830078125 0.146484375 0.828125 0.14453125
0 0.607421875 0.125 0.603515625 0.12890625 0.6015625 0.126953125 0.59765625 0.130859375 0.599609375 0.12890625 0.603515625 0.1328125 0.603515625 0.13671875 0.607421875 0.13671875 0.609375 0.134765625 0.609375 0.130859375 0.611328125 0.12890625 0.61328125 0.12890625 0.611328125 0.12890625
0 0.564453125 0.111328125 0.5625 0.11328125 0.56640625 0.1171875 0.568359375 0.115234375 0.572265625 0.119140625 0.5703125 0.12109375 0.572265625 0.123046875 0.5703125 0.12109375 0.572265625 0.119140625 0.5703125 0.1171875 0.5703125 0.115234375 0.568359375 0.11328125 0.568359375 0.111328125 0.56640625 0.11328125
0 0.40625 0.06640625 0.408203125 0.068359375 0.40625 0.0703125 0.41015625 0.0703125 0.412109375 0.072265625 0.416015625 0.068359375 0.41796875 0.0703125 0.416015625 0.068359375 0.4140625 0.0703125 0.412109375 0.068359375 0.412109375 0.06640625
0 0.033203125 0.0625 0.03125 0.064453125 0.033203125 0.06640625 0.03515625 0.06640625 0.0390625 0.0703125 0.0390625 0.072265625 0.041015625 0.07421875 0.0390625 0.076171875 0.041015625 0.07421875 0.0390625 0.072265625 0.0390625 0.0703125 0.044921875 0.064453125 0.04296875 0.06640625 0.041015625 0.06640625 0.0390625 0.064453125 0.037109375 0.064453125 0.03515625 0.06640625 0.033203125 0.06640625 0.03125 0.064453125
0 0.34765625 0.056640625 0.345703125 0.05859375 0.34765625 0.056640625 0.349609375 0.05859375 0.349609375 0.064453125 0.34765625 0.06640625 0.345703125 0.064453125 0.34765625 0.06640625 0.349609375 0.064453125 0.3515625 0.064453125 0.353515625 0.06640625 0.35546875 0.06640625 0.357421875 0.064453125 0.35546875 0.06640625 0.353515625 0.064453125 0.353515625 0.05859375 0.35546875 0.056640625 0.357421875 0.05859375 0.35546875 0.056640625 0.353515625 0.056640625 0.3515625 0.05859375 0.349609375 0.05859375
1 0.060546875 0.5625 0.05859375 0.564453125 0.060546875 0.56640625 0.060546875 0.568359375 0.05859375 0.5703125 0.056640625 0.5703125 0.05859375 0.5703125 0.060546875 0.572265625 0.056640625 0.576171875 0.0546875 0.57421875 0.056640625 0.576171875 0.056640625 0.578125 0.05859375 0.580078125 0.05859375 0.583984375 0.060546875 0.583984375 0.05859375 0.58203125 0.05859375 0.580078125 0.0625 0.576171875 0.064453125 0.576171875 0.060546875 0.572265625 0.0625 0.5703125 0.060546875 0.568359375 0.060546875 0.56640625 0.05859375 0.564453125
1 0.994140625 0.265625 0.99609375 0.267578125 0.994140625 0.26953125 0.99609375 0.271484375 0.994140625 0.2734375 0.9921875 0.2734375 0.994140625 0.275390625 0.994140625 0.27734375 0.99609375 0.275390625 0.998046875 0.275390625 0.998046875 0.26953125
1 0.384765625 0.25 0.38671875 0.251953125 0.384765625 0.25390625 0.3828125 0.25390625 0.380859375 0.255859375 0.37890625 0.255859375 0.376953125 0.25390625 0.37890625 0.255859375 0.37890625 0.2578125 0.376953125 0.259765625 0.37890625 0.2578125 0.380859375 0.2578125 0.3828125 0.259765625 0.384765625 0.259765625 0.38671875 0.26171875 0.384765625 0.263671875 0.38671875 0.26171875 0.384765625 0.259765625 0.38671875 0.2578125 0.38671875 0.255859375 0.384765625 0.25390625 0.38671875 0.251953125
1 0.4453125 0.208984375 0.443359375 0.2109375 0.4453125 0.212890625 0.443359375 0.21484375 0.44140625 0.21484375 0.439453125 0.216796875 0.44140625 0.21484375 0.443359375 0.21484375 0.4453125 0.216796875 0.447265625 0.21484375 0.451171875 0.21484375 0.44921875 0.21484375 0.447265625 0.212890625 0.447265625 0.2109375
1 0.54296875 0.171875 0.541015625 0.173828125 0.541015625 0.17578125 0.546875 0.17578125 0.548828125 0.173828125 0.552734375 0.173828125 0.548828125 0.173828125 0.546875 0.171875
1 0.958984375 0.15625 0.95703125 0.158203125 0.95703125 0.16015625 0.955078125 0.162109375 0.95703125 0.16015625 0.958984375 0.16015625 0.9609375 0.162109375 0.958984375 0.1640625 0.9609375 0.162109375 0.962890625 0.1640625 0.96484375 0.162109375 0.962890625 0.16015625 0.962890625 0.158203125 0.96484375 0.15625
1 0.830078125 0.142578125 0.828125 0.14453125 0.830078125 0.146484375 0.83203125 0.146484375 0.833984375 0.1484375 0.83203125 0.150390625 0.833984375 0.15234375 0.83203125 0.154296875 0.833984375 0.15234375 0.8359375 0.15234375 0.833984375 0.150390625 0.8359375 0.1484375 0.837890625 0.1484375 0.837890625 0.146484375 0.83984375 0.14453125 0.837890625 0.142578125 0.833984375 0.146484375 0.830078125 0.146484375 0.828125 0.14453125
1 0.607421875 0.125 0.603515625 0.12890625 0.6015625 0.126953125 0.59765625 0.130859375 0.599609375 0.12890625 0.603515625 0.1328125 0.603515625 0.13671875 0.607421875 0.13671875 0.609375 0.134765625 0.609375 0.130859375 0.611328125 0.12890625 0.61328125 0.12890625 0.611328125 0.12890625
1 0.564453125 0.111328125 0.5625 0.11328125 0.56640625 0.1171875 0.568359375 0.115234375 0.572265625 0.119140625 0.5703125 0.12109375 0.572265625 0.123046875 0.5703125 0.12109375 0.572265625 0.119140625 0.5703125 0.1171875 0.5703125 0.115234375 0.568359375 0.11328125 0.568359375 0.111328125 0.56640625 0.11328125
1 0.40625 0.06640625 0.408203125 0.068359375 0.40625 0.0703125 0.41015625 0.0703125 0.412109375 0.072265625 0.416015625 0.068359375 0.41796875 0.0703125 0.416015625 0.068359375 0.4140625 0.0703125 0.412109375 0.068359375 0.412109375 0.06640625
1 0.033203125 0.0625 0.03125 0.064453125 0.033203125 0.06640625 0.03515625 0.06640625 0.0390625 0.0703125 0.0390625 0.072265625 0.041015625 0.07421875 0.0390625 0.076171875 0.041015625 0.07421875 0.0390625 0.072265625 0.0390625 0.0703125 0.044921875 0.064453125 0.04296875 0.06640625 0.041015625 0.06640625 0.0390625 0.064453125 0.037109375 0.064453125 0.03515625 0.06640625 0.033203125 0.06640625 0.03125 0.064453125
1 0.34765625 0.056640625 0.345703125 0.05859375 0.34765625 0.056640625 0.349609375 0.05859375 0.349609375 0.064453125 0.34765625 0.06640625 0.345703125 0.064453125 0.34765625 0.06640625 0.349609375 0.064453125 0.3515625 0.064453125 0.353515625 0.06640625 0.35546875 0.06640625 0.357421875 0.064453125 0.35546875 0.06640625 0.353515625 0.064453125 0.353515625 0.05859375 0.35546875 0.056640625 0.357421875 0.05859375 0.35546875 0.056640625 0.353515625 0.056640625 0.3515625 0.05859375 0.349609375 0.05859375
