0 0.25390625 0.748046875 0.251953125 0.75 0.255859375 0.75390625 0.25390625 0.755859375 0.255859375 0.7578125 0.2578125 0.7578125 0.255859375 0.7578125 0.25390625 0.755859375 0.2578125 0.751953125 0.2578125 0.748046875
0 0.1484375 0.546875 0.146484375 0.548828125 0.14453125 0.548828125 0.146484375 0.548828125 0.1484375 0.55078125 0.1484375 0.552734375 0.146484375 0.5546875 0.14453125 0.552734375 0.142578125 0.552734375 0.14453125 0.552734375 0.146484375 0.5546875 0.14453125 0.556640625 0.142578125 0.556640625 0.142578125 0.560546875 0.14453125 0.5625 0.14453125 0.564453125 0.146484375 0.564453125 0.15234375 0.55859375 0.154296875 0.560546875 0.15234375 0.55859375 0.150390625 0.55859375 0.150390625 0.560546875 0.1484375 0.5625 0.14453125 0.55859375 0.14453125 0.556640625 0.1484375 0.552734375 0.1484375 0.55078125 0.146484375 0.548828125
0 0.443359375 0.236328125 0.4453125 0.23828125 0.443359375 0.240234375 0.4453125 0.2421875 0.443359375 0.244140625 0.443359375 0.24609375 0.443359375 0.244140625 0.447265625 0.240234375 0.44921875 0.2421875 0.44921875 0.244140625 0.44921875 0.2421875 0.451171875 0.240234375 0.44921875 0.23828125 0.447265625 0.23828125 0.4453125 0.236328125
0 0.07421875 0.125 0.076171875 0.126953125 0.07421875 0.12890625 0.072265625 0.12890625 0.0703125 0.126953125 0.068359375 0.126953125 0.06640625 0.12890625 0.064453125 0.12890625 0.0625 0.126953125 0.068359375 0.1328125 0.068359375 0.134765625 0.06640625 0.13671875 0.068359375 0.138671875 0.06640625 0.13671875 0.068359375 0.134765625 0.068359375 0.1328125 0.072265625 0.12890625 0.07421875 0.12890625 0.076171875 0.126953125
0 0.00390625 0.078125 0.00390625 0.0859375 0.005859375 0.083984375 0.0078125 0.083984375 0.0078125 0.08203125 0.01171875 0.078125 0.009765625 0.080078125 0.0078125 0.080078125 0.005859375 0.078125
0 0.1171875 0.064453125 0.11328125 0.068359375 0.111328125 0.06640625 0.115234375 0.0703125 0.11328125 0.072265625 0.111328125 0.072265625 0.109375 0.0703125 0.111328125 0.072265625 0.109375 0.07421875 0.109375 0.080078125 0.11328125 0.083984375 0.115234375 0.083984375 0.11328125 0.08203125 0.115234375 0.080078125 0.115234375 0.076171875 0.11328125 0.07421875 0.115234375 0.072265625 0.115234375 0.0703125 0.11328125 0.068359375
1 0.25390625 0.748046875 0.251953125 0.75 0.255859375 0.75390625 0.25390625 0.755859375 0.255859375 0.7578125 0.2578125 0.7578125 0.255859375 0.7578125 0.25390625 0.755859375 0.2578125 0.751953125 0.2578125 0.748046875
1 0.1484375 0.546875 0.146484375 0.548828125 0.14453125 0.548828125 0.146484375 0.548828125 0.1484375 0.55078125 0.1484375 0.552734375 0.146484375 0.5546875 0.14453125 0.552734375 0.142578125 0.552734375 0.14453125 0.552734375 0.146484375 0.5546875 0.14453125 0.556640625 0.142578125 0.556640625 0.142578125 0.560546875 0.14453125 0.5625 0.14453125 0.564453125 0.146484375 0.564453125 0.15234375 0.55859375 0.154296875 0.560546875 0.15234375 0.55859375 0.150390625 0.55859375 0.150390625 0.560546875 0.1484375 0.5625 0.14453125 0.55859375 0.14453125 0.556640625 0.1484375 0.552734375 0.1484375 0.55078125 0.146484375 0.548828125
1 0.443359375 0.236328125 0.4453125 0.23828125 0.443359375 0.240234375 0.4453125 0.2421875 0.443359375 0.244140625 0.443359375 0.24609375 0.443359375 0.244140625 0.447265625 0.240234375 0.44921875 0.2421875 0.44921875 0.244140625 0.44921875 0.2421875 0.451171875 0.240234375 0.44921875 0.23828125 0.447265625 0.23828125 0.4453125 0.236328125
1 0.07421875 0.125 0.076171875 0.126953125 0.07421875 0.12890625 0.072265625 0.12890625 0.0703125 0.126953125 0.068359375 0.126953125 0.06640625 0.12890625 0.064453125 0.12890625 0.0625 0.126953125 0.068359375 0.1328125 0.068359375 0.134765625 0.06640625 0.13671875 0.068359375 0.138671875 0.06640625 0.13671875 0.068359375 0.134765625 0.068359375 0.1328125 0.072265625 0.12890625 0.07421875 0.12890625 0.076171875 0.126953125
1 0.00390625 0.078125 0.00390625 0.0859375 0.005859375 0.083984375 0.0078125 0.083984375 0.0078125 0.08203125 0.01171875 0.078125 0.009765625 0.080078125 0.0078125 0.080078125 0.005859375 0.078125
1 0.1171875 0.064453125 0.11328125 0.068359375 0.111328125 0.06640625 0.115234375 0.0703125 0.11328125 0.072265625 0.111328125 0.072265625 0.109375 0.0703125 0.111328125 0.072265625 0.109375 0.07421875 0.109375 0.080078125 0.11328125 0.083984375 0.115234375 0.083984375 0.11328125 0.08203125 0.115234375 0.080078125 0.115234375 0.076171875 0.11328125 0.07421875 0.115234375 0.072265625 0.115234375 0.0703125 0.11328125 0.068359375
