0 0.169921875 0.408203125 0.16796875 0.41015625 0.169921875 0.412109375 0.16796875 0.4140625 0.16796875 0.416015625 0.171875 0.416015625 0.171875 0.412109375 0.173828125 0.41015625 0.17578125 0.41015625 0.173828125 0.41015625 0.171875 0.408203125
0 0.423828125 0.328125 0.421875 0.330078125 0.421875 0.333984375 0.423828125 0.333984375 0.42578125 0.33203125 0.427734375 0.33203125 0.42578125 0.330078125 0.42578125 0.328125
0 0.828125 0.1875 0.830078125 0.189453125 0.828125 0.19140625 0.828125 0.193359375 0.826171875 0.1953125 0.828125 0.197265625 0.82421875 0.201171875 0.82421875 0.203125 0.826171875 0.205078125 0.828125 0.205078125 0.83203125 0.201171875 0.833984375 0.203125 0.833984375 0.205078125 0.83203125 0.20703125 0.833984375 0.205078125 0.833984375 0.203125 0.83203125 0.201171875 0.833984375 0.19921875 0.83203125 0.201171875 0.828125 0.197265625 0.830078125 0.1953125 0.83203125 0.1953125 0.830078125 0.1953125 0.828125 0.193359375 0.828125 0.19140625 0.830078125 0.189453125
0 0.421875 0.171875 0.419921875 0.173828125 0.41796875 0.173828125 0.419921875 0.17578125 0.41796875 0.177734375 0.4140625 0.177734375 0.419921875 0.177734375 0.423828125 0.181640625 0.421875 0.1796875 0.421875 0.177734375 0.42578125 0.173828125 0.423828125 0.173828125
0 0.359375 0.078125 0.361328125 0.080078125 0.361328125 0.08203125 0.359375 0.083984375 0.361328125 0.0859375 0.359375 0.087890625 0.361328125 0.087890625 0.36328125 0.08984375 0.361328125 0.091796875 0.365234375 0.087890625 0.369140625 0.091796875 0.369140625 0.08984375 0.3671875 0.08984375 0.365234375 0.087890625 0.3671875 0.0859375 0.369140625 0.0859375 0.3671875 0.0859375 0.365234375 0.083984375 0.3671875 0.08203125 0.36328125 0.078125 0.361328125 0.080078125
0 0.576171875 0.072265625 0.572265625 0.076171875 0.5703125 0.076171875 0.5703125 0.080078125 0.576171875 0.080078125 0.576171875 0.078125 0.57421875 0.076171875 0.57421875 0.07421875
0 0.7265625 0.052734375 0.724609375 0.0546875 0.720703125 0.0546875 0.71875 0.056640625 0.71875 0.05859375 0.724609375 0.05859375 0.7265625 0.056640625 0.724609375 0.0546875
1 0.169921875 0.408203125 0.16796875 0.41015625 0.169921875 0.412109375 0.16796875 0.4140625 0.16796875 0.416015625 0.171875 0.416015625 0.171875 0.412109375 0.173828125 0.41015625 0.17578125 0.41015625 0.173828125 0.41015625 0.171875 0.408203125
1 0.423828125 0.328125 0.421875 0.330078125 0.421875 0.333984375 0.423828125 0.333984375 0.42578125 0.33203125 0.427734375 0.33203125 0.42578125 0.330078125 0.42578125 0.328125
1 0.828125 0.1875 0.830078125 0.189453125 0.828125 0.19140625 0.828125 0.193359375 0.826171875 0.1953125 0.828125 0.197265625 0.82421875 0.201171875 0.82421875 0.203125 0.826171875 0.205078125 0.828125 0.205078125 0.83203125 0.201171875 0.833984375 0.203125 0.833984375 0.205078125 0.83203125 0.20703125 0.833984375 0.205078125 0.833984375 0.203125 0.83203125 0.201171875 0.833984375 0.19921875 0.83203125 0.201171875 0.828125 0.197265625 0.830078125 0.1953125 0.83203125 0.1953125 0.830078125 0.1953125 0.828125 0.193359375 0.828125 0.19140625 0.830078125 0.189453125
1 0.421875 0.171875 0.419921875 0.173828125 0.41796875 0.173828125 0.419921875 0.17578125 0.41796875 0.177734375 0.4140625 0.177734375 0.419921875 0.177734375 0.423828125 0.181640625 0.421875 0.1796875 0.421875 0.177734375 0.42578125 0.173828125 0.423828125 0.173828125
1 0.359375 0.078125 0.361328125 0.080078125 0.361328125 0.08203125 0.359375 0.083984375 0.361328125 0.0859375 0.359375 0.087890625 0.361328125 0.087890625 0.36328125 0.08984375 0.361328125 0.091796875 0.365234375 0.087890625 0.369140625 0.091796875 0.369140625 0.08984375 0.3671875 0.08984375 0.365234375 0.087890625 0.3671875 0.0859375 0.369140625 0.0859375 0.3671875 0.0859375 0.365234375 0.083984375 0.3671875 0.08203125 0.36328125 0.078125 0.361328125 0.080078125
1 0.576171875 0.072265625 0.572265625 0.076171875 0.5703125 0.076171875 0.5703125 0.080078125 0.576171875 0.080078125 0.576171875 0.078125 0.57421875 0.076171875 0.57421875 0.07421875
1 0.7265625 0.052734375 0.724609375 0.0546875 0.720703125 0.0546875 0.71875 0.056640625 0.71875 0.05859375 0.724609375 0.05859375 0.7265625 0.056640625 0.724609375 0.0546875
