0 0.162109375 0.515625 0.162109375 0.517578125 0.16015625 0.51953125 0.15625 0.51953125 0.15625 0.521484375 0.158203125 0.5234375 0.162109375 0.5234375
0 0.703125 0.474609375 0.705078125 0.4765625 0.705078125 0.482421875 0.70703125 0.48046875 0.708984375 0.482421875 0.708984375 0.478515625 0.705078125 0.474609375
0 0.5625 0.3671875 0.564453125 0.369140625 0.564453125 0.37109375 0.560546875 0.375 0.55859375 0.375 0.560546875 0.376953125 0.5625 0.376953125 0.56640625 0.380859375 0.568359375 0.380859375 0.56640625 0.380859375 0.564453125 0.37890625 0.56640625 0.376953125 0.564453125 0.375 0.56640625 0.373046875 0.564453125 0.37109375 0.564453125 0.3671875
0 0.037109375 0.302734375 0.0390625 0.3046875 0.037109375 0.306640625 0.03515625 0.306640625 0.033203125 0.3046875 0.03515625 0.306640625 0.03515625 0.30859375 0.037109375 0.310546875 0.04296875 0.310546875 0.041015625 0.30859375 0.041015625 0.306640625 0.04296875 0.3046875 0.041015625 0.302734375 0.0390625 0.3046875
0 0.611328125 0.28125 0.611328125 0.283203125 0.609375 0.28515625 0.611328125 0.287109375 0.609375 0.2890625 0.609375 0.29296875 0.61328125 0.29296875 0.615234375 0.291015625 0.615234375 0.2890625 0.6171875 0.287109375 0.615234375 0.2890625 0.61328125 0.287109375 0.611328125 0.287109375 0.609375 0.28515625 0.611328125 0.283203125
0 0.98046875 0.205078125 0.978515625 0.20703125 0.98046875 0.208984375 0.98046875 0.21484375 0.98046875 0.212890625 0.982421875 0.2109375 0.984375 0.2109375 0.986328125 0.212890625 0.984375 0.21484375 0.986328125 0.212890625 0.98828125 0.212890625 0.986328125 0.212890625 0.984375 0.2109375 0.984375 0.20703125 0.982421875 0.20703125
0 0.259765625 0.142578125 0.2578125 0.14453125 0.2578125 0.146484375 0.255859375 0.1484375 0.25390625 0.1484375 0.2578125 0.15234375 0.259765625 0.150390625 0.259765625 0.146484375 0.2578125 0.14453125
0 0.09765625 0.083984375 0.095703125 0.0859375 0.095703125 0.091796875 0.09765625 0.08984375 0.099609375 0.08984375 0.1015625 0.091796875 0.103515625 0.08984375 0.10546875 0.08984375 0.107421875 0.091796875 0.10546875 0.08984375 0.107421875 0.087890625 0.10546875 0.0859375 0.107421875 0.087890625 0.10546875 0.08984375 0.103515625 0.08984375 0.1015625 0.091796875 0.099609375 0.08984375 0.099609375 0.087890625 0.1015625 0.0859375 0.1015625 0.083984375 0.099609375 0.0859375
0 0.271484375 0.0625 0.26953125 0.064453125 0.26953125 0.06640625 0.271484375 0.068359375 0.271484375 0.0703125 0.2734375 0.0703125 0.275390625 0.072265625 0.27734375 0.0703125 0.279296875 0.072265625 0.2734375 0.06640625 0.2734375 0.064453125
1 0.162109375 0.515625 0.162109375 0.517578125 0.16015625 0.51953125 0.15625 0.51953125 0.15625 0.521484375 0.158203125 0.5234375 0.162109375 0.5234375
1 0.703125 0.474609375 0.705078125 0.4765625 0.705078125 0.482421875 0.70703125 0.48046875 0.708984375 0.482421875 0.708984375 0.478515625 0.705078125 0.474609375
1 0.5625 0.3671875 0.564453125 0.369140625 0.564453125 0.37109375 0.560546875 0.375 0.55859375 0.375 0.560546875 0.376953125 0.5625 0.376953125 0.56640625 0.380859375 0.568359375 0.380859375 0.56640625 0.380859375 0.564453125 0.37890625 0.56640625 0.376953125 0.564453125 0.375 0.56640625 0.373046875 0.564453125 0.37109375 0.564453125 0.3671875
1 0.037109375 0.302734375 0.0390625 0.3046875 0.037109375 0.306640625 0.03515625 0.306640625 0.033203125 0.3046875 0.03515625 0.306640625 0.03515625 0.30859375 0.037109375 0.310546875 0.04296875 0.310546875 0.041015625 0.30859375 0.041015625 0.306640625 0.04296875 0.3046875 0.041015625 0.302734375 0.0390625 0.3046875
1 0.611328125 0.28125 0.611328125 0.283203125 0.609375 0.28515625 0.611328125 0.287109375 0.609375 0.2890625 0.609375 0.29296875 0.61328125 0.29296875 0.615234375 0.291015625 0.615234375 0.2890625 0.6171875 0.287109375 0.615234375 0.2890625 0.61328125 0.287109375 0.611328125 0.287109375 0.609375 0.28515625 0.611328125 0.283203125
1 0.98046875 0.205078125 0.978515625 0.20703125 0.98046875 0.208984375 0.98046875 0.21484375 0.98046875 0.212890625 0.982421875 0.2109375 0.984375 0.2109375 0.986328125 0.212890625 0.984375 0.21484375 0.986328125 0.212890625 0.98828125 0.212890625 0.986328125 0.212890625 0.984375 0.2109375 0.984375 0.20703125 0.982421875 0.20703125
1 0.259765625 0.142578125 0.2578125 0.14453125 0.2578125 0.146484375 0.255859375 0.1484375 0.25390625 0.1484375 0.2578125 0.15234375 0.259765625 0.150390625 0.259765625 0.146484375 0.2578125 0.14453125
1 0.09765625 0.083984375 0.095703125 0.0859375 0.095703125 0.091796875 0.09765625 0.08984375 0.099609375 0.08984375 0.1015625 0.091796875 0.103515625 0.08984375 0.10546875 0.08984375 0.107421875 0.091796875 0.10546875 0.08984375 0.107421875 0.087890625 0.10546875 0.0859375 0.107421875 0.087890625 0.10546875 0.08984375 0.103515625 0.08984375 0.1015625 0.091796875 0.099609375 0.08984375 0.099609375 0.087890625 0.1015625 0.0859375 0.1015625 0.083984375 0.099609375 0.0859375
1 0.271484375 0.0625 0.26953125 0.064453125 0.26953125 0.06640625 0.271484375 0.068359375 0.271484375 0.0703125 0.2734375 0.0703125 0.275390625 0.072265625 0.27734375 0.0703125 0.279296875 0.072265625 0.2734375 0.06640625 0.2734375 0.064453125
