0 0.484375 0.24609375 0.484375 0.248046875 0.48046875 0.251953125 0.4765625 0.251953125 0.48046875 0.251953125 0.482421875 0.25390625 0.484375 0.251953125 0.48828125 0.255859375 0.490234375 0.255859375 0.48828125 0.255859375 0.486328125 0.25390625 0.48828125 0.251953125 0.486328125 0.25 0.486328125 0.248046875
0 0.779296875 0.0859375 0.77734375 0.087890625 0.77734375 0.091796875 0.78125 0.091796875 0.783203125 0.08984375 0.787109375 0.08984375 0.783203125 0.08984375
0 0.03125 0.0859375 0.03125 0.08984375 0.033203125 0.091796875 0.03515625 0.091796875 0.03515625 0.08984375 0.037109375 0.087890625 0.03515625 0.087890625 0.033203125 0.0859375
0 0.90234375 0.08203125 0.904296875 0.08203125 0.90625 0.083984375 0.904296875 0.0859375 0.90234375 0.0859375 0.904296875 0.0859375 0.90625 0.087890625 0.91015625 0.087890625 0.91015625 0.083984375 0.912109375 0.08203125 0.91015625 0.083984375 0.908203125 0.08203125 0.90625 0.083984375 0.904296875 0.08203125
0 0.22265625 0.080078125 0.220703125 0.08203125 0.22265625 0.080078125 0.224609375 0.080078125 0.2265625 0.08203125 0.224609375 0.083984375 0.2265625 0.0859375 0.23046875 0.0859375 0.23046875 0.080078125 0.228515625 0.08203125 0.2265625 0.08203125 0.224609375 0.080078125
1 0.484375 0.24609375 0.484375 0.248046875 0.48046875 0.251953125 0.4765625 0.251953125 0.48046875 0.251953125 0.482421875 0.25390625 0.484375 0.251953125 0.48828125 0.255859375 0.490234375 0.255859375 0.48828125 0.255859375 0.486328125 0.25390625 0.48828125 0.251953125 0.486328125 0.25 0.486328125 0.248046875
1 0.779296875 0.0859375 0.77734375 0.087890625 0.77734375 0.091796875 0.78125 0.091796875 0.783203125 0.08984375 0.787109375 0.08984375 0.783203125 0.08984375
1 0.03125 0.0859375 0.03125 0.08984375 0.033203125 0.091796875 0.03515625 0.091796875 0.03515625 0.08984375 0.037109375 0.087890625 0.03515625 0.087890625 0.033203125 0.0859375
1 0.90234375 0.08203125 0.904296875 0.08203125 0.90625 0.083984375 0.904296875 0.0859375 0.90234375 0.0859375 0.904296875 0.0859375 0.90625 0.087890625 0.91015625 0.087890625 0.91015625 0.083984375 0.912109375 0.08203125 0.91015625 0.083984375 0.908203125 0.08203125 0.90625 0.083984375 0.904296875 0.08203125
1 0.22265625 0.080078125 0.220703125 0.08203125 0.22265625 0.080078125 0.224609375 0.080078125 0.2265625 0.08203125 0.224609375 0.083984375 0.2265625 0.0859375 0.23046875 0.0859375 0.23046875 0.080078125 0.228515625 0.08203125 0.2265625 0.08203125 0.224609375 0.080078125
