0 0.298828125 0.390625 0.30078125 0.392578125 0.30078125 0.39453125 0.298828125 0.396484375 0.298828125 0.400390625 0.296875 0.40234375 0.298828125 0.400390625 0.30078125 0.40234375 0.30078125 0.404296875 0.306640625 0.404296875 0.306640625 0.40234375 0.310546875 0.3984375 0.30859375 0.396484375 0.310546875 0.39453125 0.30859375 0.39453125 0.306640625 0.392578125 0.30859375 0.390625 0.306640625 0.392578125 0.3046875 0.390625 0.302734375 0.392578125 0.30078125 0.392578125
0 0.1953125 0.330078125 0.197265625 0.33203125 0.197265625 0.337890625 0.1953125 0.33984375 0.197265625 0.337890625 0.19921875 0.33984375 0.203125 0.33984375 0.205078125 0.341796875 0.203125 0.33984375 0.2109375 0.33203125 0.21484375 0.3359375 0.21484375 0.337890625 0.216796875 0.33984375 0.21484375 0.337890625 0.21484375 0.333984375 0.216796875 0.33203125 0.21484375 0.333984375 0.212890625 0.333984375 0.2109375 0.33203125 0.208984375 0.333984375 0.20703125 0.33203125 0.205078125 0.33203125 0.203125 0.330078125 0.19921875 0.330078125 0.197265625 0.33203125
0 0.61328125 0.302734375 0.609375 0.306640625 0.609375 0.3125 0.61328125 0.3125 0.6171875 0.31640625 0.62109375 0.31640625 0.6171875 0.31640625 0.615234375 0.314453125 0.615234375 0.3125 0.6171875 0.310546875 0.6171875 0.30859375 0.615234375 0.306640625 0.6171875 0.3046875 0.615234375 0.306640625 0.61328125 0.3046875
0 0.3046875 0.2890625 0.302734375 0.291015625 0.302734375 0.298828125 0.3046875 0.30078125 0.302734375 0.302734375 0.30078125 0.302734375 0.296875 0.298828125 0.30078125 0.302734375 0.302734375 0.302734375 0.3046875 0.30078125 0.306640625 0.30078125 0.30859375 0.302734375 0.30859375 0.30078125 0.310546875 0.298828125 0.3125 0.30078125 0.314453125 0.298828125 0.318359375 0.298828125 0.314453125 0.298828125 0.3125 0.296875 0.314453125 0.294921875 0.310546875 0.291015625 0.3125 0.2890625 0.310546875 0.291015625 0.30859375 0.291015625 0.306640625 0.2890625
0 0.619140625 0.25 0.6171875 0.251953125 0.619140625 0.25 0.62109375 0.251953125 0.62109375 0.2578125 0.619140625 0.259765625 0.6171875 0.259765625 0.619140625 0.259765625 0.62109375 0.26171875 0.623046875 0.259765625 0.625 0.26171875 0.626953125 0.259765625 0.62890625 0.26171875 0.630859375 0.259765625 0.6328125 0.259765625 0.6328125 0.2578125 0.634765625 0.255859375 0.634765625 0.25 0.625 0.25 0.623046875 0.251953125 0.62109375 0.251953125
0 0.552734375 0.236328125 0.546875 0.2421875 0.5390625 0.2421875 0.54296875 0.2421875 0.544921875 0.244140625 0.54296875 0.24609375 0.544921875 0.24609375 0.546875 0.248046875 0.548828125 0.248046875 0.55078125 0.24609375 0.552734375 0.24609375 0.55078125 0.244140625 0.55078125 0.2421875 0.548828125 0.240234375
0 0.9375 0.0703125 0.939453125 0.072265625 0.939453125 0.07421875 0.935546875 0.078125 0.935546875 0.083984375 0.939453125 0.083984375 0.94140625 0.08203125 0.943359375 0.08203125 0.94140625 0.080078125 0.94140625 0.076171875 0.939453125 0.07421875 0.939453125 0.0703125
0 0.22265625 0.046875 0.220703125 0.048828125 0.22265625 0.05078125 0.22265625 0.0546875 0.220703125 0.056640625 0.22265625 0.0546875 0.224609375 0.056640625 0.228515625 0.056640625 0.23046875 0.0546875 0.23046875 0.05078125 0.228515625 0.048828125 0.228515625 0.046875 0.2265625 0.048828125 0.224609375 0.048828125
0 0.181640625 0.037109375 0.181640625 0.0390625 0.1796875 0.041015625 0.177734375 0.0390625 0.17578125 0.041015625 0.177734375 0.04296875 0.177734375 0.046875 0.171875 0.052734375 0.171875 0.0546875 0.171875 0.052734375 0.173828125 0.05078125 0.17578125 0.05078125 0.177734375 0.048828125 0.1796875 0.048828125 0.181640625 0.05078125 0.185546875 0.05078125 0.1875 0.052734375 0.185546875 0.05078125 0.189453125 0.046875 0.1875 0.044921875 0.189453125 0.04296875 0.193359375 0.04296875 0.189453125 0.04296875 0.185546875 0.0390625 0.185546875 0.037109375 0.18359375 0.0390625
1 0.298828125 0.390625 0.30078125 0.392578125 0.30078125 0.39453125 0.298828125 0.396484375 0.298828125 0.400390625 0.296875 0.40234375 0.298828125 0.400390625 0.30078125 0.40234375 0.30078125 0.404296875 0.306640625 0.404296875 0.306640625 0.40234375 0.310546875 0.3984375 0.30859375 0.396484375 0.310546875 0.39453125 0.30859375 0.39453125 0.306640625 0.392578125 0.30859375 0.390625 0.306640625 0.392578125 0.3046875 0.390625 0.302734375 0.392578125 0.30078125 0.392578125
1 0.1953125 0.330078125 0.197265625 0.33203125 0.197265625 0.337890625 0.1953125 0.33984375 0.197265625 0.337890625 0.19921875 0.33984375 0.203125 0.33984375 0.205078125 0.341796875 0.203125 0.33984375 0.2109375 0.33203125 0.21484375 0.3359375 0.21484375 0.337890625 0.216796875 0.33984375 0.21484375 0.337890625 0.21484375 0.333984375 0.216796875 0.33203125 0.21484375 0.333984375 0.212890625 0.333984375 0.2109375 0.33203125 0.208984375 0.333984375 0.20703125 0.33203125 0.205078125 0.33203125 0.203125 0.330078125 0.19921875 0.330078125 0.197265625 0.33203125
1 0.61328125 0.302734375 0.609375 0.306640625 0.609375 0.3125 0.61328125 0.3125 0.6171875 0.31640625 0.62109375 0.31640625 0.6171875 0.31640625 0.615234375 0.314453125 0.615234375 0.3125 0.6171875 0.310546875 0.6171875 0.30859375 0.615234375 0.306640625 0.6171875 0.3046875 0.615234375 0.306640625 0.61328125 0.3046875
1 0.3046875 0.2890625 0.302734375 0.291015625 0.302734375 0.298828125 0.3046875 0.30078125 0.302734375 0.302734375 0.30078125 0.302734375 0.296875 0.298828125 0.30078125 0.302734375 0.302734375 0.302734375 0.3046875 0.30078125 0.306640625 0.30078125 0.30859375 0.302734375 0.30859375 0.30078125 0.310546875 0.298828125 0.3125 0.30078125 0.314453125 0.298828125 0.318359375 0.298828125 0.314453125 0.298828125 0.3125 0.296875 0.314453125 0.294921875 0.310546875 0.291015625 0.3125 0.2890625 0.310546875 0.291015625 0.30859375 0.291015625 0.306640625 0.2890625
1 0.619140625 0.25 0.6171875 0.251953125 0.619140625 0.25 0.62109375 0.251953125 0.62109375 0.2578125 0.619140625 0.259765625 0.6171875 0.259765625 0.619140625 0.259765625 0.62109375 0.26171875 0.623046875 0.259765625 0.625 0.26171875 0.626953125 0.259765625 0.62890625 0.26171875 0.630859375 0.259765625 0.6328125 0.259765625 0.6328125 0.2578125 0.634765625 0.255859375 0.634765625 0.25 0.625 0.25 0.623046875 0.251953125 0.62109375 0.251953125
1 0.552734375 0.236328125 0.546875 0.2421875 0.5390625 0.2421875 0.54296875 0.2421875 0.544921875 0.244140625 0.54296875 0.24609375 0.544921875 0.24609375 0.546875 0.248046875 0.548828125 0.248046875 0.55078125 0.24609375 0.552734375 0.24609375 0.55078125 0.244140625 0.55078125 0.2421875 0.548828125 0.240234375
1 0.9375 0.0703125 0.939453125 0.072265625 0.939453125 0.07421875 0.935546875 0.078125 0.935546875 0.083984375 0.939453125 0.083984375 0.94140625 0.08203125 0.943359375 0.08203125 0.94140625 0.080078125 0.94140625 0.076171875 0.939453125 0.07421875 0.939453125 0.0703125
1 0.22265625 0.046875 0.220703125 0.048828125 0.22265625 0.05078125 0.22265625 0.0546875 0.220703125 0.056640625 0.22265625 0.0546875 0.224609375 0.056640625 0.228515625 0.056640625 0.23046875 0.0546875 0.23046875 0.05078125 0.228515625 0.048828125 0.228515625 0.046875 0.2265625 0.048828125 0.224609375 0.048828125
1 0.181640625 0.037109375 0.181640625 0.0390625 0.1796875 0.041015625 0.177734375 0.0390625 0.17578125 0.041015625 0.177734375 0.04296875 0.177734375 0.046875 0.171875 0.052734375 0.171875 0.0546875 0.171875 0.052734375 0.173828125 0.05078125 0.17578125 0.05078125 0.177734375 0.048828125 0.1796875 0.048828125 0.181640625 0.05078125 0.185546875 0.05078125 0.1875 0.052734375 0.185546875 0.05078125 0.189453125 0.046875 0.1875 0.044921875 0.189453125 0.04296875 0.193359375 0.04296875 0.189453125 0.04296875 0.185546875 0.0390625 0.185546875 0.037109375 0.18359375 0.0390625
