0 0.224609375 0.798828125 0.224609375 0.802734375 0.22265625 0.8046875 0.2265625 0.80859375 0.224609375 0.810546875 0.2265625 0.80859375 0.228515625 0.80859375 0.228515625 0.806640625 0.2265625 0.8046875 0.228515625 0.802734375 0.23046875 0.802734375 0.232421875 0.8046875 0.228515625 0.80078125 0.228515625 0.798828125 0.2265625 0.80078125
0 0.384765625 0.44140625 0.380859375 0.4453125 0.37890625 0.443359375 0.375 0.447265625 0.376953125 0.44921875 0.376953125 0.451171875 0.37890625 0.44921875 0.380859375 0.44921875 0.3828125 0.447265625 0.38671875 0.447265625 0.388671875 0.44921875 0.38671875 0.447265625 0.388671875 0.4453125 0.38671875 0.447265625 0.3828125 0.447265625 0.380859375 0.4453125
0 0.11328125 0.3984375 0.109375 0.40234375 0.107421875 0.400390625 0.10546875 0.40234375 0.1015625 0.40234375 0.10546875 0.40234375 0.109375 0.40625 0.109375 0.408203125 0.111328125 0.40625 0.111328125 0.404296875 0.11328125 0.40234375 0.111328125 0.400390625 0.11328125 0.3984375 0.115234375 0.3984375
0 0.109375 0.328125 0.111328125 0.330078125 0.111328125 0.33203125 0.109375 0.333984375 0.111328125 0.3359375 0.109375 0.337890625 0.111328125 0.337890625 0.11328125 0.33984375 0.111328125 0.341796875 0.115234375 0.337890625 0.119140625 0.341796875 0.119140625 0.33984375 0.1171875 0.33984375 0.115234375 0.337890625 0.1171875 0.3359375 0.119140625 0.3359375 0.1171875 0.3359375 0.115234375 0.333984375 0.1171875 0.33203125 0.11328125 0.328125 0.111328125 0.330078125
0 0.05859375 0.2421875 0.05859375 0.24609375 0.056640625 0.248046875 0.05859375 0.25 0.056640625 0.251953125 0.05859375 0.25390625 0.056640625 0.255859375 0.0546875 0.255859375 0.056640625 0.255859375 0.060546875 0.251953125 0.0625 0.251953125 0.064453125 0.25 0.0625 0.25 0.05859375 0.24609375 0.05859375 0.244140625 0.060546875 0.2421875
0 0.515625 0.181640625 0.517578125 0.18359375 0.517578125 0.185546875 0.515625 0.1875 0.515625 0.189453125 0.51953125 0.193359375 0.517578125 0.1953125 0.515625 0.1953125 0.517578125 0.1953125 0.521484375 0.19140625 0.5234375 0.193359375 0.51953125 0.189453125 0.51953125 0.1875 0.521484375 0.185546875 0.51953125 0.185546875
0 0.24609375 0.171875 0.248046875 0.173828125 0.25 0.173828125 0.251953125 0.17578125 0.251953125 0.177734375 0.25 0.1796875 0.248046875 0.177734375 0.248046875 0.1796875 0.24609375 0.181640625 0.24609375 0.18359375 0.244140625 0.185546875 0.24609375 0.18359375 0.248046875 0.185546875 0.2578125 0.185546875 0.259765625 0.18359375 0.26171875 0.185546875 0.2578125 0.181640625 0.259765625 0.1796875 0.26171875 0.1796875 0.263671875 0.181640625 0.25390625 0.171875 0.2578125 0.17578125 0.255859375 0.177734375 0.25390625 0.177734375 0.25 0.173828125 0.248046875 0.173828125
1 0.224609375 0.798828125 0.224609375 0.802734375 0.22265625 0.8046875 0.2265625 0.80859375 0.224609375 0.810546875 0.2265625 0.80859375 0.228515625 0.80859375 0.228515625 0.806640625 0.2265625 0.8046875 0.228515625 0.802734375 0.23046875 0.802734375 0.232421875 0.8046875 0.228515625 0.80078125 0.228515625 0.798828125 0.2265625 0.80078125
1 0.384765625 0.44140625 0.380859375 0.4453125 0.37890625 0.443359375 0.375 0.447265625 0.376953125 0.44921875 0.376953125 0.451171875 0.37890625 0.44921875 0.380859375 0.44921875 0.3828125 0.447265625 0.38671875 0.447265625 0.388671875 0.44921875 0.38671875 0.447265625 0.388671875 0.4453125 0.38671875 0.447265625 0.3828125 0.447265625 0.380859375 0.4453125
1 0.11328125 0.3984375 0.109375 0.40234375 0.107421875 0.400390625 0.10546875 0.40234375 0.1015625 0.40234375 0.10546875 0.40234375 0.109375 0.40625 0.109375 0.408203125 0.111328125 0.40625 0.111328125 0.404296875 0.11328125 0.40234375 0.111328125 0.400390625 0.11328125 0.3984375 0.115234375 0.3984375
1 0.109375 0.328125 0.111328125 0.330078125 0.111328125 0.33203125 0.109375 0.333984375 0.111328125 0.3359375 0.109375 0.337890625 0.111328125 0.337890625 0.11328125 0.33984375 0.111328125 0.341796875 0.115234375 0.337890625 0.119140625 0.341796875 0.119140625 0.33984375 0.1171875 0.33984375 0.115234375 0.337890625 0.1171875 0.3359375 0.119140625 0.3359375 0.1171875 0.3359375 0.115234375 0.333984375 0.1171875 0.33203125 0.11328125 0.328125 0.111328125 0.330078125
1 0.05859375 0.2421875 0.05859375 0.24609375 0.056640625 0.248046875 0.05859375 0.25 0.056640625 0.251953125 0.05859375 0.25390625 0.056640625 0.255859375 0.0546875 0.255859375 0.056640625 0.255859375 0.060546875 0.251953125 0.0625 0.251953125 0.064453125 0.25 0.0625 0.25 0.05859375 0.24609375 0.05859375 0.244140625 0.060546875 0.2421875
1 0.515625 0.181640625 0.517578125 0.18359375 0.517578125 0.185546875 0.515625 0.1875 0.515625 0.189453125 0.51953125 0.193359375 0.517578125 0.1953125 0.515625 0.1953125 0.517578125 0.1953125 0.521484375 0.19140625 0.5234375 0.193359375 0.51953125 0.189453125 0.51953125 0.1875 0.521484375 0.185546875 0.51953125 0.185546875
1 0.24609375 0.171875 0.248046875 0.173828125 0.25 0.173828125 0.251953125 0.17578125 0.251953125 0.177734375 0.25 0.1796875 0.248046875 0.177734375 0.248046875 0.1796875 0.24609375 0.181640625 0.24609375 0.18359375 0.244140625 0.185546875 0.24609375 0.18359375 0.248046875 0.185546875 0.2578125 0.185546875 0.259765625 0.18359375 0.26171875 0.185546875 0.2578125 0.181640625 0.259765625 0.1796875 0.26171875 0.1796875 0.263671875 0.181640625 0.25390625 0.171875 0.2578125 0.17578125 0.255859375 0.177734375 0.25390625 0.177734375 0.25 0.173828125 0.248046875 0.173828125
