0 0.9609375 0.611328125 0.9609375 0.61328125 0.96484375 0.6171875 0.9609375 0.62109375 0.95703125 0.6171875 0.95703125 0.625 0.9609375 0.625 0.9609375 0.62109375 0.962890625 0.619140625 0.96484375 0.62109375 0.96484375 0.623046875 0.96484375 0.62109375 0.962890625 0.619140625 0.96484375 0.6171875 0.9609375 0.61328125
0 0.78125 0.3984375 0.783203125 0.3984375 0.78515625 0.400390625 0.783203125 0.40234375 0.787109375 0.40625 0.7890625 0.40625 0.7890625 0.404296875 0.79296875 0.400390625 0.791015625 0.3984375 0.79296875 0.400390625 0.791015625 0.40234375 0.7890625 0.40234375 0.787109375 0.400390625 0.78515625 0.400390625 0.783203125 0.3984375
0 0.990234375 0.3828125 0.9921875 0.3828125 0.994140625 0.384765625 0.9921875 0.38671875 0.990234375 0.38671875 0.9921875 0.38671875 0.994140625 0.388671875 0.998046875 0.388671875 0.998046875 0.384765625 0.99609375 0.3828125 0.994140625 0.384765625 0.9921875 0.3828125
0 0.841796875 0.30078125 0.837890625 0.3046875 0.8359375 0.3046875 0.833984375 0.306640625 0.83203125 0.306640625 0.830078125 0.30859375 0.828125 0.306640625 0.830078125 0.30859375 0.828125 0.310546875 0.830078125 0.30859375 0.83203125 0.310546875 0.833984375 0.30859375 0.8359375 0.30859375 0.837890625 0.310546875 0.837890625 0.30859375 0.841796875 0.3046875 0.83984375 0.302734375
0 0.98046875 0.234375 0.98046875 0.236328125 0.982421875 0.23828125 0.98046875 0.240234375 0.978515625 0.240234375 0.9765625 0.2421875 0.974609375 0.240234375 0.9765625 0.2421875 0.9765625 0.244140625 0.978515625 0.24609375 0.982421875 0.24609375 0.982421875 0.2421875 0.98046875 0.240234375 0.982421875 0.23828125 0.98046875 0.236328125
0 0.90625 0.1953125 0.908203125 0.197265625 0.908203125 0.19921875 0.904296875 0.203125 0.90234375 0.203125 0.90625 0.20703125 0.904296875 0.208984375 0.90625 0.2109375 0.90625 0.212890625 0.908203125 0.21484375 0.90625 0.216796875 0.908203125 0.21484375 0.90625 0.212890625 0.90625 0.2109375 0.908203125 0.208984375 0.91015625 0.208984375 0.908203125 0.208984375 0.90625 0.20703125 0.91015625 0.203125 0.912109375 0.205078125 0.91015625 0.203125 0.91015625 0.201171875 0.908203125 0.19921875 0.908203125 0.1953125
0 0.453125 0.189453125 0.451171875 0.19140625 0.451171875 0.1953125 0.44921875 0.197265625 0.447265625 0.197265625 0.44921875 0.197265625 0.451171875 0.19921875 0.44921875 0.197265625 0.451171875 0.1953125 0.455078125 0.1953125 0.45703125 0.197265625 0.455078125 0.19921875 0.458984375 0.1953125 0.4609375 0.197265625 0.462890625 0.1953125 0.4609375 0.197265625 0.45703125 0.193359375 0.45703125 0.19140625 0.455078125 0.19140625
0 0.455078125 0.09765625 0.45703125 0.099609375 0.455078125 0.1015625 0.45703125 0.103515625 0.455078125 0.10546875 0.45703125 0.10546875 0.458984375 0.103515625 0.4609375 0.10546875 0.462890625 0.103515625 0.466796875 0.107421875 0.46484375 0.10546875 0.466796875 0.103515625 0.46484375 0.103515625 0.462890625 0.1015625 0.462890625 0.099609375 0.4609375 0.099609375 0.458984375 0.1015625
0 0.375 0.046875 0.376953125 0.048828125 0.376953125 0.05078125 0.37890625 0.052734375 0.376953125 0.0546875 0.37890625 0.056640625 0.380859375 0.056640625 0.37890625 0.056640625 0.376953125 0.0546875 0.37890625 0.052734375 0.3828125 0.052734375 0.380859375 0.05078125 0.380859375 0.048828125 0.37890625 0.046875
1 0.9609375 0.611328125 0.9609375 0.61328125 0.96484375 0.6171875 0.9609375 0.62109375 0.95703125 0.6171875 0.95703125 0.625 0.9609375 0.625 0.9609375 0.62109375 0.962890625 0.619140625 0.96484375 0.62109375 0.96484375 0.623046875 0.96484375 0.62109375 0.962890625 0.619140625 0.96484375 0.6171875 0.9609375 0.61328125
1 0.78125 0.3984375 0.783203125 0.3984375 0.78515625 0.400390625 0.783203125 0.40234375 0.787109375 0.40625 0.7890625 0.40625 0.7890625 0.404296875 0.79296875 0.400390625 0.791015625 0.3984375 0.79296875 0.400390625 0.791015625 0.40234375 0.7890625 0.40234375 0.787109375 0.400390625 0.78515625 0.400390625 0.783203125 0.3984375
1 0.990234375 0.3828125 0.9921875 0.3828125 0.994140625 0.384765625 0.9921875 0.38671875 0.990234375 0.38671875 0.9921875 0.38671875 0.994140625 0.388671875 0.998046875 0.388671875 0.998046875 0.384765625 0.99609375 0.3828125 0.994140625 0.384765625 0.9921875 0.3828125
1 0.841796875 0.30078125 0.837890625 0.3046875 0.8359375 0.3046875 0.833984375 0.306640625 0.83203125 0.306640625 0.830078125 0.30859375 0.828125 0.306640625 0.830078125 0.30859375 0.828125 0.310546875 0.830078125 0.30859375 0.83203125 0.310546875 0.833984375 0.30859375 0.8359375 0.30859375 0.837890625 0.310546875 0.837890625 0.30859375 0.841796875 0.3046875 0.83984375 0.302734375
1 0.98046875 0.234375 0.98046875 0.236328125 0.982421875 0.23828125 0.98046875 0.240234375 0.978515625 0.240234375 0.9765625 0.2421875 0.974609375 0.240234375 0.9765625 0.2421875 0.9765625 0.244140625 0.978515625 0.24609375 0.982421875 0.24609375 0.982421875 0.2421875 0.98046875 0.240234375 0.982421875 0.23828125 0.98046875 0.236328125
1 0.90625 0.1953125 0.908203125 0.197265625 0.908203125 0.19921875 0.904296875 0.203125 0.90234375 0.203125 0.90625 0.20703125 0.904296875 0.208984375 0.90625 0.2109375 0.90625 0.212890625 0.908203125 0.21484375 0.90625 0.216796875 0.908203125 0.21484375 0.90625 0.212890625 0.90625 0.2109375 0.908203125 0.208984375 0.91015625 0.208984375 0.908203125 0.208984375 0.90625 0.20703125 0.91015625 0.203125 0.912109375 0.205078125 0.91015625 0.203125 0.91015625 0.201171875 0.908203125 0.19921875 0.908203125 0.1953125
1 0.453125 0.189453125 0.451171875 0.19140625 0.451171875 0.1953125 0.44921875 0.197265625 0.447265625 0.197265625 0.44921875 0.197265625 0.451171875 0.19921875 0.44921875 0.197265625 0.451171875 0.1953125 0.455078125 0.1953125 0.45703125 0.197265625 0.455078125 0.19921875 0.458984375 0.1953125 0.4609375 0.197265625 0.462890625 0.1953125 0.4609375 0.197265625 0.45703125 0.193359375 0.45703125 0.19140625 0.455078125 0.19140625
1 0.455078125 0.09765625 0.45703125 0.099609375 0.455078125 0.1015625 0.45703125 0.103515625 0.455078125 0.10546875 0.45703125 0.10546875 0.458984375 0.103515625 0.4609375 0.10546875 0.462890625 0.103515625 0.466796875 0.107421875 0.46484375 0.10546875 0.466796875 0.103515625 0.46484375 0.103515625 0.462890625 0.1015625 0.462890625 0.099609375 0.4609375 0.099609375 0.458984375 0.1015625
1 0.375 0.046875 0.376953125 0.048828125 0.376953125 0.05078125 0.37890625 0.052734375 0.376953125 0.0546875 0.37890625 0.056640625 0.380859375 0.056640625 0.37890625 0.056640625 0.376953125 0.0546875 0.37890625 0.052734375 0.3828125 0.052734375 0.380859375 0.05078125 0.380859375 0.048828125 0.37890625 0.046875
