0 0.23828125 0.486328125 0.236328125 0.48828125 0.23828125 0.490234375 0.236328125 0.4921875 0.23828125 0.490234375 0.240234375 0.4921875 0.240234375 0.494140625 0.23828125 0.49609375 0.23828125 0.498046875 0.23828125 0.49609375 0.2421875 0.4921875 0.244140625 0.494140625 0.2421875 0.4921875 0.244140625 0.490234375 0.2421875 0.48828125 0.240234375 0.48828125
0 0.4296875 0.38671875 0.427734375 0.388671875 0.427734375 0.392578125 0.431640625 0.396484375 0.4296875 0.3984375 0.427734375 0.3984375 0.4296875 0.3984375 0.431640625 0.396484375 0.4296875 0.39453125 0.43359375 0.390625 0.431640625 0.388671875 0.431640625 0.38671875
0 0.12109375 0.376953125 0.12109375 0.37890625 0.119140625 0.380859375 0.1171875 0.37890625 0.119140625 0.380859375 0.119140625 0.3828125 0.115234375 0.38671875 0.1171875 0.384765625 0.119140625 0.384765625 0.12109375 0.38671875 0.125 0.38671875 0.126953125 0.388671875 0.125 0.38671875 0.126953125 0.384765625 0.125 0.3828125 0.126953125 0.380859375 0.125 0.37890625 0.123046875 0.380859375 0.12109375 0.37890625
0 0.2421875 0.36328125 0.240234375 0.365234375 0.23828125 0.365234375 0.23828125 0.3671875 0.236328125 0.369140625 0.2421875 0.369140625 0.244140625 0.3671875 0.2421875 0.365234375 0.244140625 0.36328125
0 0.349609375 0.265625 0.3515625 0.267578125 0.34765625 0.271484375 0.345703125 0.26953125 0.345703125 0.267578125 0.34375 0.267578125 0.345703125 0.26953125 0.34375 0.271484375 0.345703125 0.26953125 0.34765625 0.271484375 0.34765625 0.2734375 0.34765625 0.271484375 0.349609375 0.26953125 0.3515625 0.271484375 0.3515625 0.275390625 0.35546875 0.271484375 0.357421875 0.2734375
0 0.1640625 0.189453125 0.162109375 0.19140625 0.1640625 0.193359375 0.162109375 0.1953125 0.16015625 0.1953125 0.162109375 0.197265625 0.16015625 0.19921875 0.1640625 0.1953125 0.166015625 0.197265625 0.16796875 0.197265625 0.169921875 0.1953125 0.169921875 0.193359375 0.16796875 0.19140625 0.166015625 0.19140625
0 0.1875 0.130859375 0.189453125 0.1328125 0.189453125 0.138671875 0.19140625 0.13671875 0.193359375 0.138671875 0.193359375 0.134765625 0.189453125 0.130859375
0 0.40625 0.111328125 0.404296875 0.11328125 0.40234375 0.11328125 0.404296875 0.115234375 0.404296875 0.1171875 0.408203125 0.1171875 0.41015625 0.119140625 0.408203125 0.12109375 0.412109375 0.1171875 0.4140625 0.119140625 0.416015625 0.1171875 0.4140625 0.119140625 0.41015625 0.115234375 0.41015625 0.11328125 0.408203125 0.11328125
0 0.994140625 0.09375 0.99609375 0.095703125 0.994140625 0.09765625 0.99609375 0.099609375 0.994140625 0.1015625 0.9921875 0.1015625 0.994140625 0.103515625 0.994140625 0.10546875 0.99609375 0.103515625 0.998046875 0.103515625 0.998046875 0.09765625
1 0.23828125 0.486328125 0.236328125 0.48828125 0.23828125 0.490234375 0.236328125 0.4921875 0.23828125 0.490234375 0.240234375 0.4921875 0.240234375 0.494140625 0.23828125 0.49609375 0.23828125 0.498046875 0.23828125 0.49609375 0.2421875 0.4921875 0.244140625 0.494140625 0.2421875 0.4921875 0.244140625 0.490234375 0.2421875 0.48828125 0.240234375 0.48828125
1 0.4296875 0.38671875 0.427734375 0.388671875 0.427734375 0.392578125 0.431640625 0.396484375 0.4296875 0.3984375 0.427734375 0.3984375 0.4296875 0.3984375 0.431640625 0.396484375 0.4296875 0.39453125 0.43359375 0.390625 0.431640625 0.388671875 0.431640625 0.38671875
1 0.12109375 0.376953125 0.12109375 0.37890625 0.119140625 0.380859375 0.1171875 0.37890625 0.119140625 0.380859375 0.119140625 0.3828125 0.115234375 0.38671875 0.1171875 0.384765625 0.119140625 0.384765625 0.12109375 0.38671875 0.125 0.38671875 0.126953125 0.388671875 0.125 0.38671875 0.126953125 0.384765625 0.125 0.3828125 0.126953125 0.380859375 0.125 0.37890625 0.123046875 0.380859375 0.12109375 0.37890625
1 0.2421875 0.36328125 0.240234375 0.365234375 0.23828125 0.365234375 0.23828125 0.3671875 0.236328125 0.369140625 0.2421875 0.369140625 0.244140625 0.3671875 0.2421875 0.365234375 0.244140625 0.36328125
1 0.349609375 0.265625 0.3515625 0.267578125 0.34765625 0.271484375 0.345703125 0.26953125 0.345703125 0.267578125 0.34375 0.267578125 0.345703125 0.26953125 0.34375 0.271484375 0.345703125 0.26953125 0.34765625 0.271484375 0.34765625 0.2734375 0.34765625 0.271484375 0.349609375 0.26953125 0.3515625 0.271484375 0.3515625 0.275390625 0.35546875 0.271484375 0.357421875 0.2734375
1 0.1640625 0.189453125 0.162109375 0.19140625 0.1640625 0.193359375 0.162109375 0.1953125 0.16015625 0.1953125 0.162109375 0.197265625 0.16015625 0.19921875 0.1640625 0.1953125 0.166015625 0.197265625 0.16796875 0.197265625 0.169921875 0.1953125 0.169921875 0.193359375 0.16796875 0.19140625 0.166015625 0.19140625
1 0.1875 0.130859375 0.189453125 0.1328125 0.189453125 0.138671875 0.19140625 0.13671875 0.193359375 0.138671875 0.193359375 0.134765625 0.189453125 0.130859375
1 0.40625 0.111328125 0.404296875 0.11328125 0.40234375 0.11328125 0.404296875 0.115234375 0.404296875 0.1171875 0.408203125 0.1171875 0.41015625 0.119140625 0.408203125 0.12109375 0.412109375 0.1171875 0.4140625 0.119140625 0.416015625 0.1171875 0.4140625 0.119140625 0.41015625 0.115234375 0.41015625 0.11328125 0.408203125 0.11328125
1 0.994140625 0.09375 0.99609375 0.095703125 0.994140625 0.09765625 0.99609375 0.099609375 0.994140625 0.1015625 0.9921875 0.1015625 0.994140625 0.103515625 0.994140625 0.10546875 0.99609375 0.103515625 0.998046875 0.103515625 0.998046875 0.09765625
