0 0.19921875 0.796875 0.19921875 0.80078125 0.203125 0.8046875 0.201171875 0.802734375 0.203125 0.80078125 0.20703125 0.80078125 0.203125 0.796875
0 0.197265625 0.6484375 0.1953125 0.650390625 0.19140625 0.650390625 0.189453125 0.65234375 0.1875 0.65234375 0.1875 0.658203125 0.189453125 0.66015625 0.19140625 0.66015625 0.193359375 0.662109375 0.193359375 0.6640625 0.1953125 0.662109375 0.197265625 0.6640625 0.1953125 0.662109375 0.197265625 0.66015625 0.1953125 0.658203125 0.1953125 0.654296875 0.19921875 0.650390625 0.201171875 0.65234375 0.19921875 0.650390625 0.201171875 0.6484375 0.19921875 0.650390625
0 0.173828125 0.62890625 0.173828125 0.630859375 0.171875 0.6328125 0.171875 0.638671875 0.173828125 0.640625 0.171875 0.642578125 0.173828125 0.640625 0.17578125 0.640625 0.177734375 0.642578125 0.1796875 0.640625 0.18359375 0.64453125 0.181640625 0.642578125 0.181640625 0.63671875 0.18359375 0.634765625 0.181640625 0.6328125 0.18359375 0.630859375 0.181640625 0.6328125 0.1796875 0.630859375 0.17578125 0.630859375
0 0.052734375 0.5 0.05078125 0.501953125 0.05078125 0.5078125 0.048828125 0.509765625 0.05078125 0.51171875 0.048828125 0.513671875 0.052734375 0.513671875 0.0546875 0.515625 0.0546875 0.517578125 0.052734375 0.51953125 0.048828125 0.51953125 0.052734375 0.51953125 0.056640625 0.515625 0.060546875 0.515625 0.06640625 0.509765625 0.06640625 0.5078125 0.068359375 0.505859375 0.0703125 0.5078125 0.068359375 0.505859375 0.06640625 0.5078125 0.064453125 0.505859375 0.064453125 0.50390625 0.060546875 0.5 0.056640625 0.5 0.0546875 0.501953125
0 0.400390625 0.484375 0.400390625 0.486328125 0.396484375 0.490234375 0.39453125 0.48828125 0.396484375 0.490234375 0.39453125 0.4921875 0.396484375 0.494140625 0.3984375 0.494140625 0.400390625 0.49609375 0.40234375 0.494140625 0.400390625 0.4921875 0.40234375 0.490234375 0.400390625 0.4921875 0.3984375 0.490234375 0.3984375 0.48828125 0.400390625 0.486328125
0 0.30078125 0.318359375 0.30078125 0.3203125 0.298828125 0.322265625 0.296875 0.3203125 0.298828125 0.322265625 0.296875 0.32421875 0.296875 0.33203125 0.298828125 0.333984375 0.296875 0.3359375 0.298828125 0.333984375 0.30078125 0.333984375 0.302734375 0.3359375 0.302734375 0.333984375 0.3046875 0.33203125 0.306640625 0.33203125 0.30859375 0.330078125 0.30859375 0.32421875 0.306640625 0.322265625 0.30859375 0.3203125 0.306640625 0.322265625 0.3046875 0.3203125 0.302734375 0.3203125
0 0.080078125 0.134765625 0.08203125 0.134765625 0.083984375 0.13671875 0.08203125 0.138671875 0.08203125 0.140625 0.080078125 0.142578125 0.078125 0.142578125 0.080078125 0.14453125 0.080078125 0.15234375 0.08203125 0.154296875 0.083984375 0.15234375 0.0859375 0.154296875 0.087890625 0.154296875 0.08984375 0.15234375 0.09375 0.15234375 0.095703125 0.154296875 0.09375 0.15234375 0.095703125 0.150390625 0.09375 0.1484375 0.09375 0.142578125 0.095703125 0.140625 0.09375 0.140625 0.091796875 0.138671875 0.08984375 0.138671875 0.087890625 0.13671875 0.0859375 0.138671875 0.08203125 0.134765625
0 0.4609375 0.130859375 0.458984375 0.1328125 0.45703125 0.1328125 0.455078125 0.134765625 0.455078125 0.138671875 0.45703125 0.140625 0.45703125 0.142578125 0.458984375 0.142578125 0.4609375 0.140625
1 0.19921875 0.796875 0.19921875 0.80078125 0.203125 0.8046875 0.201171875 0.802734375 0.203125 0.80078125 0.20703125 0.80078125 0.203125 0.796875
1 0.197265625 0.6484375 0.1953125 0.650390625 0.19140625 0.650390625 0.189453125 0.65234375 0.1875 0.65234375 0.1875 0.658203125 0.189453125 0.66015625 0.19140625 0.66015625 0.193359375 0.662109375 0.193359375 0.6640625 0.1953125 0.662109375 0.197265625 0.6640625 0.1953125 0.662109375 0.197265625 0.66015625 0.1953125 0.658203125 0.1953125 0.654296875 0.19921875 0.650390625 0.201171875 0.65234375 0.19921875 0.650390625 0.201171875 0.6484375 0.19921875 0.650390625
1 0.173828125 0.62890625 0.173828125 0.630859375 0.171875 0.6328125 0.171875 0.638671875 0.173828125 0.640625 0.171875 0.642578125 0.173828125 0.640625 0.17578125 0.640625 0.177734375 0.642578125 0.1796875 0.640625 0.18359375 0.64453125 0.181640625 0.642578125 0.181640625 0.63671875 0.18359375 0.634765625 0.181640625 0.6328125 0.18359375 0.630859375 0.181640625 0.6328125 0.1796875 0.630859375 0.17578125 0.630859375
1 0.052734375 0.5 0.05078125 0.501953125 0.05078125 0.5078125 0.048828125 0.509765625 0.05078125 0.51171875 0.048828125 0.513671875 0.052734375 0.513671875 0.0546875 0.515625 0.0546875 0.517578125 0.052734375 0.51953125 0.048828125 0.51953125 0.052734375 0.51953125 0.056640625 0.515625 0.060546875 0.515625 0.06640625 0.509765625 0.06640625 0.5078125 0.068359375 0.505859375 0.0703125 0.5078125 0.068359375 0.505859375 0.06640625 0.5078125 0.064453125 0.505859375 0.064453125 0.50390625 0.060546875 0.5 0.056640625 0.5 0.0546875 0.501953125
1 0.400390625 0.484375 0.400390625 0.486328125 0.396484375 0.490234375 0.39453125 0.48828125 0.396484375 0.490234375 0.39453125 0.4921875 0.396484375 0.494140625 0.3984375 0.494140625 0.400390625 0.49609375 0.40234375 0.494140625 0.400390625 0.4921875 0.40234375 0.490234375 0.400390625 0.4921875 0.3984375 0.490234375 0.3984375 0.48828125 0.400390625 0.486328125
1 0.30078125 0.318359375 0.30078125 0.3203125 0.298828125 0.322265625 0.296875 0.3203125 0.298828125 0.322265625 0.296875 0.32421875 0.296875 0.33203125 0.298828125 0.333984375 0.296875 0.3359375 0.298828125 0.333984375 0.30078125 0.333984375 0.302734375 0.3359375 0.302734375 0.333984375 0.3046875 0.33203125 0.306640625 0.33203125 0.30859375 0.330078125 0.30859375 0.32421875 0.306640625 0.322265625 0.30859375 0.3203125 0.306640625 0.322265625 0.3046875 0.3203125 0.302734375 0.3203125
1 0.080078125 0.134765625 0.08203125 0.134765625 0.083984375 0.13671875 0.08203125 0.138671875 0.08203125 0.140625 0.080078125 0.142578125 0.078125 0.142578125 0.080078125 0.14453125 0.080078125 0.15234375 0.08203125 0.154296875 0.083984375 0.15234375 0.0859375 0.154296875 0.087890625 0.154296875 0.08984375 0.15234375 0.09375 0.15234375 0.095703125 0.154296875 0.09375 0.15234375 0.095703125 0.150390625 0.09375 0.1484375 0.09375 0.142578125 0.095703125 0.140625 0.09375 0.140625 0.091796875 0.138671875 0.08984375 0.138671875 0.087890625 0.13671875 0.0859375 0.138671875 0.08203125 0.134765625
1 0.4609375 0.130859375 0.458984375 0.1328125 0.45703125 0.1328125 0.455078125 0.134765625 0.455078125 0.138671875 0.45703125 0.140625 0.45703125 0.142578125 0.458984375 0.142578125 0.4609375 0.140625
