0 0.185546875 0.22265625 0.185546875 0.2265625 0.18359375 0.228515625 0.181640625 0.228515625 0.18359375 0.228515625 0.185546875 0.23046875 0.1875 0.23046875 0.189453125 0.228515625 0.1875 0.2265625 0.189453125 0.224609375 0.189453125 0.22265625
0 0.42578125 0.13671875 0.42578125 0.138671875 0.423828125 0.140625 0.423828125 0.142578125 0.421875 0.14453125 0.421875 0.146484375 0.421875 0.14453125 0.423828125 0.142578125 0.42578125 0.14453125 0.42578125 0.146484375 0.42578125 0.14453125 0.427734375 0.142578125 0.4296875 0.142578125 0.431640625 0.14453125 0.431640625 0.142578125 0.4296875 0.140625 0.4296875 0.138671875 0.427734375 0.13671875
0 0.083984375 0.09375 0.08203125 0.095703125 0.083984375 0.09765625 0.083984375 0.099609375 0.078125 0.10546875 0.080078125 0.103515625 0.08203125 0.103515625 0.083984375 0.10546875 0.0859375 0.10546875 0.087890625 0.103515625 0.08984375 0.103515625 0.091796875 0.10546875 0.08984375 0.107421875 0.091796875 0.10546875 0.08984375 0.103515625 0.087890625 0.103515625 0.083984375 0.099609375 0.083984375 0.09765625 0.08203125 0.095703125
0 0.806640625 0.046875 0.8046875 0.048828125 0.806640625 0.05078125 0.8046875 0.052734375 0.8046875 0.0546875 0.802734375 0.056640625 0.798828125 0.052734375 0.80078125 0.05078125 0.80078125 0.048828125 0.798828125 0.05078125 0.798828125 0.052734375 0.802734375 0.056640625 0.806640625 0.052734375 0.810546875 0.056640625 0.80859375 0.0546875 0.810546875 0.052734375 0.80859375 0.05078125 0.810546875 0.048828125 0.80859375 0.046875
0 0.5703125 0.046875 0.568359375 0.048828125 0.56640625 0.048828125 0.564453125 0.05078125 0.5625 0.05078125 0.56640625 0.05078125 0.568359375 0.052734375 0.568359375 0.0546875 0.5703125 0.052734375 0.5703125 0.05078125 0.572265625 0.048828125
0 0.767578125 0.017578125 0.765625 0.01953125 0.76171875 0.01953125 0.76171875 0.021484375 0.763671875 0.0234375 0.76171875 0.025390625 0.763671875 0.02734375 0.76171875 0.025390625 0.763671875 0.0234375 0.765625 0.0234375 0.767578125 0.025390625 0.767578125 0.02734375 0.767578125 0.021484375 0.76953125 0.01953125
0 0.015625 0.015625 0.017578125 0.017578125 0.015625 0.01953125 0.015625 0.021484375 0.013671875 0.0234375 0.015625 0.025390625 0.01171875 0.029296875 0.01171875 0.03125 0.013671875 0.033203125 0.015625 0.033203125 0.01953125 0.029296875 0.021484375 0.03125 0.021484375 0.033203125 0.01953125 0.03515625 0.021484375 0.033203125 0.021484375 0.03125 0.01953125 0.029296875 0.021484375 0.02734375 0.01953125 0.029296875 0.015625 0.025390625 0.017578125 0.0234375 0.01953125 0.0234375 0.017578125 0.0234375 0.015625 0.021484375 0.015625 0.01953125 0.017578125 0.017578125
1 0.185546875 0.22265625 0.185546875 0.2265625 0.18359375 0.228515625 0.181640625 0.228515625 0.18359375 0.228515625 0.185546875 0.23046875 0.1875 0.23046875 0.189453125 0.228515625 0.1875 0.2265625 0.189453125 0.224609375 0.189453125 0.22265625
1 0.42578125 0.13671875 0.42578125 0.138671875 0.423828125 0.140625 0.423828125 0.142578125 0.421875 0.14453125 0.421875 0.146484375 0.421875 0.14453125 0.423828125 0.142578125 0.42578125 0.14453125 0.42578125 0.146484375 0.42578125 0.14453125 0.427734375 0.142578125 0.4296875 0.142578125 0.431640625 0.14453125 0.431640625 0.142578125 0.4296875 0.140625 0.4296875 0.138671875 0.427734375 0.13671875
1 0.083984375 0.09375 0.08203125 0.095703125 0.083984375 0.09765625 0.083984375 0.099609375 0.078125 0.10546875 0.080078125 0.103515625 0.08203125 0.103515625 0.083984375 0.10546875 0.0859375 0.10546875 0.087890625 0.103515625 0.08984375 0.103515625 0.091796875 0.10546875 0.08984375 0.107421875 0.091796875 0.10546875 0.08984375 0.103515625 0.087890625 0.103515625 0.083984375 0.099609375 0.083984375 0.09765625 0.08203125 0.095703125
1 0.806640625 0.046875 0.8046875 0.048828125 0.806640625 0.05078125 0.8046875 0.052734375 0.8046875 0.0546875 0.802734375 0.056640625 0.798828125 0.052734375 0.80078125 0.05078125 0.80078125 0.048828125 0.798828125 0.05078125 0.798828125 0.052734375 0.802734375 0.056640625 0.806640625 0.052734375 0.810546875 0.056640625 0.80859375 0.0546875 0.810546875 0.052734375 0.80859375 0.05078125 0.810546875 0.048828125 0.80859375 0.046875
1 0.5703125 0.046875 0.568359375 0.048828125 0.56640625 0.048828125 0.564453125 0.05078125 0.5625 0.05078125 0.56640625 0.05078125 0.568359375 0.052734375 0.568359375 0.0546875 0.5703125 0.052734375 0.5703125 0.05078125 0.572265625 0.048828125
1 0.767578125 0.017578125 0.765625 0.01953125 0.76171875 0.01953125 0.76171875 0.021484375 0.763671875 0.0234375 0.76171875 0.025390625 0.763671875 0.02734375 0.76171875 0.025390625 0.763671875 0.0234375 0.765625 0.0234375 0.767578125 0.025390625 0.767578125 0.02734375 0.767578125 0.021484375 0.76953125 0.01953125
1 0.015625 0.015625 0.017578125 0.017578125 0.015625 0.01953125 0.015625 0.021484375 0.013671875 0.0234375 0.015625 0.025390625 0.01171875 0.029296875 0.01171875 0.03125 0.013671875 0.033203125 0.015625 0.033203125 0.01953125 0.029296875 0.021484375 0.03125 0.021484375 0.033203125 0.01953125 0.03515625 0.021484375 0.033203125 0.021484375 0.03125 0.01953125 0.029296875 0.021484375 0.02734375 0.01953125 0.029296875 0.015625 0.025390625 0.017578125 0.0234375 0.01953125 0.0234375 0.017578125 0.0234375 0.015625 0.021484375 0.015625 0.01953125 0.017578125 0.017578125
