0 0.4765625 0.646484375 0.474609375 0.6484375 0.4765625 0.650390625 0.474609375 0.65234375 0.4765625 0.654296875 0.478515625 0.65234375 0.48046875 0.65234375 0.482421875 0.650390625 0.482421875 0.6484375 0.478515625 0.6484375
0 0.615234375 0.556640625 0.6171875 0.55859375 0.6171875 0.560546875 0.615234375 0.5625 0.611328125 0.55859375 0.6171875 0.564453125 0.619140625 0.564453125 0.619140625 0.5625 0.62109375 0.560546875 0.62109375 0.55859375 0.619140625 0.556640625 0.6171875 0.55859375
0 0.388671875 0.517578125 0.38671875 0.51953125 0.384765625 0.51953125 0.388671875 0.5234375 0.388671875 0.525390625 0.388671875 0.5234375 0.390625 0.521484375 0.396484375 0.521484375 0.392578125 0.521484375 0.390625 0.51953125 0.392578125 0.517578125
0 0.064453125 0.349609375 0.0625 0.3515625 0.064453125 0.353515625 0.064453125 0.35546875 0.06640625 0.35546875 0.068359375 0.357421875 0.0703125 0.35546875 0.072265625 0.357421875 0.068359375 0.353515625 0.0703125 0.3515625 0.072265625 0.3515625 0.0703125 0.3515625 0.068359375 0.349609375 0.06640625 0.3515625
0 0.40234375 0.287109375 0.3984375 0.291015625 0.3984375 0.294921875 0.400390625 0.29296875 0.40234375 0.294921875 0.40234375 0.2890625 0.404296875 0.287109375
0 0.16015625 0.26171875 0.158203125 0.263671875 0.15625 0.263671875 0.15625 0.265625 0.158203125 0.267578125 0.158203125 0.26953125 0.15625 0.271484375 0.158203125 0.26953125 0.16015625 0.26953125 0.16015625 0.265625 0.162109375 0.263671875 0.1640625 0.265625
0 0.38671875 0.048828125 0.3828125 0.052734375 0.380859375 0.05078125 0.37890625 0.052734375 0.380859375 0.05078125 0.384765625 0.0546875 0.384765625 0.056640625 0.38671875 0.056640625 0.388671875 0.05859375 0.388671875 0.056640625 0.390625 0.0546875 0.392578125 0.0546875 0.392578125 0.052734375 0.38671875 0.052734375 0.384765625 0.05078125
0 0.0390625 0.048828125 0.037109375 0.05078125 0.037109375 0.052734375 0.03515625 0.0546875 0.037109375 0.052734375 0.0390625 0.0546875 0.0390625 0.056640625 0.041015625 0.0546875 0.044921875 0.0546875 0.04296875 0.052734375 0.04296875 0.048828125
1 0.4765625 0.646484375 0.474609375 0.6484375 0.4765625 0.650390625 0.474609375 0.65234375 0.4765625 0.654296875 0.478515625 0.65234375 0.48046875 0.65234375 0.482421875 0.650390625 0.482421875 0.6484375 0.478515625 0.6484375
1 0.615234375 0.556640625 0.6171875 0.55859375 0.6171875 0.560546875 0.615234375 0.5625 0.611328125 0.55859375 0.6171875 0.564453125 0.619140625 0.564453125 0.619140625 0.5625 0.62109375 0.560546875 0.62109375 0.55859375 0.619140625 0.556640625 0.6171875 0.55859375
1 0.388671875 0.517578125 0.38671875 0.51953125 0.384765625 0.51953125 0.388671875 0.5234375 0.388671875 0.525390625 0.388671875 0.5234375 0.390625 0.521484375 0.396484375 0.521484375 0.392578125 0.521484375 0.390625 0.51953125 0.392578125 0.517578125
1 0.064453125 0.349609375 0.0625 0.3515625 0.064453125 0.353515625 0.064453125 0.35546875 0.06640625 0.35546875 0.068359375 0.357421875 0.0703125 0.35546875 0.072265625 0.357421875 0.068359375 0.353515625 0.0703125 0.3515625 0.072265625 0.3515625 0.0703125 0.3515625 0.068359375 0.349609375 0.06640625 0.3515625
1 0.40234375 0.287109375 0.3984375 0.291015625 0.3984375 0.294921875 0.400390625 0.29296875 0.40234375 0.294921875 0.40234375 0.2890625 0.404296875 0.287109375
1 0.16015625 0.26171875 0.158203125 0.263671875 0.15625 0.263671875 0.15625 0.265625 0.158203125 0.267578125 0.158203125 0.26953125 0.15625 0.271484375 0.158203125 0.26953125 0.16015625 0.26953125 0.16015625 0.265625 0.162109375 0.263671875 0.1640625 0.265625
1 0.38671875 0.048828125 0.3828125 0.052734375 0.380859375 0.05078125 0.37890625 0.052734375 0.380859375 0.05078125 0.384765625 0.0546875 0.384765625 0.056640625 0.38671875 0.056640625 0.388671875 0.05859375 0.388671875 0.056640625 0.390625 0.0546875 0.392578125 0.0546875 0.392578125 0.052734375 0.38671875 0.052734375 0.384765625 0.05078125
1 0.0390625 0.048828125 0.037109375 0.05078125 0.037109375 0.052734375 0.03515625 0.0546875 0.037109375 0.052734375 0.0390625 0.0546875 0.0390625 0.056640625 0.041015625 0.0546875 0.044921875 0.0546875 0.04296875 0.052734375 0.04296875 0.048828125
