0 0.53515625 0.359375 0.53515625 0.3671875 0.537109375 0.365234375 0.5390625 0.365234375 0.5390625 0.36328125 0.54296875 0.359375 0.541015625 0.361328125 0.5390625 0.361328125 0.537109375 0.359375
0 0.56640625 0.33984375 0.56640625 0.341796875 0.564453125 0.34375 0.564453125 0.34765625 0.56640625 0.345703125 0.568359375 0.345703125 0.5703125 0.34765625 0.5703125 0.341796875 0.568359375 0.33984375
0 0.484375 0.203125 0.484375 0.208984375 0.486328125 0.2109375 0.484375 0.212890625 0.48828125 0.208984375 0.494140625 0.208984375 0.498046875 0.212890625 0.494140625 0.208984375 0.49609375 0.20703125 0.494140625 0.205078125 0.494140625 0.203125
0 0.32421875 0.1875 0.32421875 0.189453125 0.322265625 0.19140625 0.3203125 0.19140625 0.322265625 0.19140625 0.32421875 0.193359375 0.322265625 0.1953125 0.3203125 0.1953125 0.32421875 0.1953125 0.32421875 0.193359375 0.326171875 0.19140625 0.328125 0.19140625 0.330078125 0.189453125 0.333984375 0.189453125 0.330078125 0.189453125 0.328125 0.1875
0 0.298828125 0.0625 0.296875 0.064453125 0.29296875 0.064453125 0.291015625 0.06640625 0.29296875 0.06640625 0.296875 0.0703125 0.298828125 0.0703125 0.30078125 0.072265625 0.30078125 0.068359375 0.302734375 0.06640625
1 0.53515625 0.359375 0.53515625 0.3671875 0.537109375 0.365234375 0.5390625 0.365234375 0.5390625 0.36328125 0.54296875 0.359375 0.541015625 0.361328125 0.5390625 0.361328125 0.537109375 0.359375
1 0.56640625 0.33984375 0.56640625 0.341796875 0.564453125 0.34375 0.564453125 0.34765625 0.56640625 0.345703125 0.568359375 0.345703125 0.5703125 0.34765625 0.5703125 0.341796875 0.568359375 0.33984375
1 0.484375 0.203125 0.484375 0.208984375 0.486328125 0.2109375 0.484375 0.212890625 0.48828125 0.208984375 0.494140625 0.208984375 0.498046875 0.212890625 0.494140625 0.208984375 0.49609375 0.20703125 0.494140625 0.205078125 0.494140625 0.203125
1 0.32421875 0.1875 0.32421875 0.189453125 0.322265625 0.19140625 0.3203125 0.19140625 0.322265625 0.19140625 0.32421875 0.193359375 0.322265625 0.1953125 0.3203125 0.1953125 0.32421875 0.1953125 0.32421875 0.193359375 0.326171875 0.19140625 0.328125 0.19140625 0.330078125 0.189453125 0.333984375 0.189453125 0.330078125 0.189453125 0.328125 0.1875
1 0.298828125 0.0625 0.296875 0.064453125 0.29296875 0.064453125 0.291015625 0.06640625 0.29296875 0.06640625 0.296875 0.0703125 0.298828125 0.0703125 0.30078125 0.072265625 0.30078125 0.068359375 0.302734375 0.06640625
