0 0.080078125 0.63671875 0.080078125 0.642578125 0.08203125 0.64453125 0.08203125 0.646484375 0.083984375 0.646484375 0.083984375 0.64453125 0.0859375 0.642578125 0.0859375 0.640625 0.087890625 0.638671875 0.087890625 0.63671875 0.087890625 0.638671875 0.0859375 0.640625 0.083984375 0.638671875 0.083984375 0.63671875 0.08203125 0.638671875
0 0.130859375 0.61328125 0.12890625 0.615234375 0.130859375 0.6171875 0.12890625 0.619140625 0.130859375 0.619140625 0.1328125 0.6171875 0.134765625 0.6171875 0.134765625 0.615234375 0.13671875 0.61328125
0 0.140625 0.46875 0.14453125 0.47265625 0.14453125 0.474609375 0.1484375 0.474609375 0.15234375 0.478515625 0.150390625 0.48046875 0.1484375 0.48046875 0.146484375 0.478515625 0.14453125 0.48046875 0.142578125 0.478515625 0.142578125 0.48046875 0.14453125 0.48046875 0.146484375 0.478515625 0.1484375 0.48046875 0.150390625 0.48046875 0.15234375 0.478515625 0.15234375 0.4765625 0.154296875 0.474609375 0.150390625 0.470703125 0.142578125 0.470703125
0 0.248046875 0.443359375 0.24609375 0.4453125 0.244140625 0.4453125 0.244140625 0.447265625 0.2421875 0.44921875 0.244140625 0.451171875 0.24609375 0.451171875 0.248046875 0.44921875 0.248046875 0.447265625 0.24609375 0.4453125
0 0.0 0.244140625 0.001953125 0.24609375 0.001953125 0.248046875 0.0 0.25 0.0 0.251953125 0.001953125 0.251953125 0.005859375 0.255859375 0.009765625 0.255859375 0.01171875 0.25390625 0.013671875 0.255859375 0.013671875 0.2578125 0.013671875 0.255859375 0.01171875 0.25390625 0.01171875 0.251953125 0.01171875 0.25390625 0.009765625 0.255859375 0.005859375 0.255859375 0.00390625 0.25390625 0.009765625 0.248046875 0.0078125 0.25 0.005859375 0.248046875 0.00390625 0.248046875
0 0.333984375 0.0859375 0.330078125 0.08984375 0.33203125 0.087890625 0.3359375 0.091796875 0.333984375 0.08984375 0.3359375 0.087890625 0.337890625 0.087890625 0.34375 0.09375 0.34375 0.095703125 0.345703125 0.09375 0.345703125 0.087890625 0.34375 0.0859375 0.33984375 0.08984375 0.337890625 0.087890625 0.3359375 0.087890625
0 0.2421875 0.064453125 0.2421875 0.06640625 0.244140625 0.068359375 0.244140625 0.0703125 0.24609375 0.0703125 0.248046875 0.072265625 0.24609375 0.0703125 0.248046875 0.068359375 0.248046875 0.06640625 0.24609375 0.06640625 0.244140625 0.064453125
0 0.662109375 0.0625 0.6640625 0.064453125 0.66015625 0.068359375 0.658203125 0.06640625 0.658203125 0.064453125 0.65625 0.064453125 0.658203125 0.06640625 0.65625 0.068359375 0.658203125 0.06640625 0.66015625 0.068359375 0.66015625 0.0703125 0.66015625 0.068359375 0.662109375 0.06640625 0.6640625 0.068359375 0.6640625 0.072265625 0.66796875 0.068359375 0.669921875 0.0703125
0 0.130859375 0.01171875 0.12890625 0.013671875 0.12890625 0.017578125 0.130859375 0.017578125 0.1328125 0.015625 0.134765625 0.017578125 0.1328125 0.015625 0.134765625 0.013671875 0.1328125 0.01171875
1 0.080078125 0.63671875 0.080078125 0.642578125 0.08203125 0.64453125 0.08203125 0.646484375 0.083984375 0.646484375 0.083984375 0.64453125 0.0859375 0.642578125 0.0859375 0.640625 0.087890625 0.638671875 0.087890625 0.63671875 0.087890625 0.638671875 0.0859375 0.640625 0.083984375 0.638671875 0.083984375 0.63671875 0.08203125 0.638671875
1 0.130859375 0.61328125 0.12890625 0.615234375 0.130859375 0.6171875 0.12890625 0.619140625 0.130859375 0.619140625 0.1328125 0.6171875 0.134765625 0.6171875 0.134765625 0.615234375 0.13671875 0.61328125
1 0.140625 0.46875 0.14453125 0.47265625 0.14453125 0.474609375 0.1484375 0.474609375 0.15234375 0.478515625 0.150390625 0.48046875 0.1484375 0.48046875 0.146484375 0.478515625 0.14453125 0.48046875 0.142578125 0.478515625 0.142578125 0.48046875 0.14453125 0.48046875 0.146484375 0.478515625 0.1484375 0.48046875 0.150390625 0.48046875 0.15234375 0.478515625 0.15234375 0.4765625 0.154296875 0.474609375 0.150390625 0.470703125 0.142578125 0.470703125
1 0.248046875 0.443359375 0.24609375 0.4453125 0.244140625 0.4453125 0.244140625 0.447265625 0.2421875 0.44921875 0.244140625 0.451171875 0.24609375 0.451171875 0.248046875 0.44921875 0.248046875 0.447265625 0.24609375 0.4453125
1 0.0 0.244140625 0.001953125 0.24609375 0.001953125 0.248046875 0.0 0.25 0.0 0.251953125 0.001953125 0.251953125 0.005859375 0.255859375 0.009765625 0.255859375 0.01171875 0.25390625 0.013671875 0.255859375 0.013671875 0.2578125 0.013671875 0.255859375 0.01171875 0.25390625 0.01171875 0.251953125 0.01171875 0.25390625 0.009765625 0.255859375 0.005859375 0.255859375 0.00390625 0.25390625 0.009765625 0.248046875 0.0078125 0.25 0.005859375 0.248046875 0.00390625 0.248046875
1 0.333984375 0.0859375 0.330078125 0.08984375 0.33203125 0.087890625 0.3359375 0.091796875 0.333984375 0.08984375 0.3359375 0.087890625 0.337890625 0.087890625 0.34375 0.09375 0.34375 0.095703125 0.345703125 0.09375 0.345703125 0.087890625 0.34375 0.0859375 0.33984375 0.08984375 0.337890625 0.087890625 0.3359375 0.087890625
1 0.2421875 0.064453125 0.2421875 0.06640625 0.244140625 0.068359375 0.244140625 0.0703125 0.24609375 0.0703125 0.248046875 0.072265625 0.24609375 0.0703125 0.248046875 0.068359375 0.248046875 0.06640625 0.24609375 0.06640625 0.244140625 0.064453125
1 0.662109375 0.0625 0.6640625 0.064453125 0.66015625 0.068359375 0.658203125 0.06640625 0.658203125 0.064453125 0.65625 0.064453125 0.658203125 0.06640625 0.65625 0.068359375 0.658203125 0.06640625 0.66015625 0.068359375 0.66015625 0.0703125 0.66015625 0.068359375 0.662109375 0.06640625 0.6640625 0.068359375 0.6640625 0.072265625 0.66796875 0.068359375 0.669921875 0.0703125
1 0.130859375 0.01171875 0.12890625 0.013671875 0.12890625 0.017578125 0.130859375 0.017578125 0.1328125 0.015625 0.134765625 0.017578125 0.1328125 0.015625 0.134765625 0.013671875 0.1328125 0.01171875
