0 0.259765625 0.392578125 0.255859375 0.396484375 0.255859375 0.3984375 0.251953125 0.40234375 0.25 0.400390625 0.25 0.3984375 0.251953125 0.396484375 0.248046875 0.400390625 0.24609375 0.3984375 0.244140625 0.400390625 0.2421875 0.3984375 0.240234375 0.3984375 0.2421875 0.3984375 0.244140625 0.400390625 0.2421875 0.40234375 0.240234375 0.40234375 0.2421875 0.40234375 0.24609375 0.40625 0.24609375 0.41015625 0.248046875 0.412109375 0.25 0.412109375 0.251953125 0.4140625 0.25 0.412109375 0.25 0.41015625 0.251953125 0.408203125 0.255859375 0.412109375 0.255859375 0.4140625 0.259765625 0.41796875 0.255859375 0.4140625 0.255859375 0.412109375 0.25390625 0.41015625 0.255859375 0.408203125 0.25390625 0.40625 0.25390625 0.404296875 0.255859375 0.40234375 0.25390625 0.400390625 0.255859375 0.3984375 0.255859375 0.396484375
0 0.126953125 0.390625 0.125 0.392578125 0.119140625 0.392578125 0.12109375 0.39453125 0.12109375 0.396484375 0.125 0.396484375 0.126953125 0.3984375 0.125 0.400390625 0.123046875 0.400390625 0.125 0.400390625 0.126953125 0.3984375 0.125 0.396484375 0.126953125 0.39453125 0.125 0.392578125
0 0.140625 0.220703125 0.13671875 0.224609375 0.13671875 0.2265625 0.140625 0.23046875 0.142578125 0.228515625 0.142578125 0.224609375 0.140625 0.224609375 0.138671875 0.22265625
0 0.03515625 0.1875 0.037109375 0.189453125 0.03515625 0.19140625 0.037109375 0.193359375 0.037109375 0.1953125 0.0390625 0.197265625 0.0390625 0.19921875 0.041015625 0.197265625 0.04296875 0.19921875 0.044921875 0.197265625 0.041015625 0.193359375 0.0390625 0.1953125 0.03515625 0.19140625 0.037109375 0.189453125
0 0.357421875 0.12109375 0.35546875 0.123046875 0.35546875 0.125 0.353515625 0.126953125 0.35546875 0.12890625 0.353515625 0.130859375 0.3515625 0.130859375 0.353515625 0.130859375 0.357421875 0.126953125 0.359375 0.12890625 0.361328125 0.126953125 0.365234375 0.126953125 0.361328125 0.126953125 0.357421875 0.123046875
0 0.166015625 0.017578125 0.162109375 0.021484375 0.16015625 0.01953125 0.158203125 0.01953125 0.15625 0.021484375 0.15625 0.0234375 0.158203125 0.025390625 0.16015625 0.025390625 0.162109375 0.02734375 0.1640625 0.025390625 0.162109375 0.0234375 0.1640625 0.021484375 0.166015625 0.021484375 0.1640625 0.01953125
1 0.259765625 0.392578125 0.255859375 0.396484375 0.255859375 0.3984375 0.251953125 0.40234375 0.25 0.400390625 0.25 0.3984375 0.251953125 0.396484375 0.248046875 0.400390625 0.24609375 0.3984375 0.244140625 0.400390625 0.2421875 0.3984375 0.240234375 0.3984375 0.2421875 0.3984375 0.244140625 0.400390625 0.2421875 0.40234375 0.240234375 0.40234375 0.2421875 0.40234375 0.24609375 0.40625 0.24609375 0.41015625 0.248046875 0.412109375 0.25 0.412109375 0.251953125 0.4140625 0.25 0.412109375 0.25 0.41015625 0.251953125 0.408203125 0.255859375 0.412109375 0.255859375 0.4140625 0.259765625 0.41796875 0.255859375 0.4140625 0.255859375 0.412109375 0.25390625 0.41015625 0.255859375 0.408203125 0.25390625 0.40625 0.25390625 0.404296875 0.255859375 0.40234375 0.25390625 0.400390625 0.255859375 0.3984375 0.255859375 0.396484375
1 0.126953125 0.390625 0.125 0.392578125 0.119140625 0.392578125 0.12109375 0.39453125 0.12109375 0.396484375 0.125 0.396484375 0.126953125 0.3984375 0.125 0.400390625 0.123046875 0.400390625 0.125 0.400390625 0.126953125 0.3984375 0.125 0.396484375 0.126953125 0.39453125 0.125 0.392578125
1 0.140625 0.220703125 0.13671875 0.224609375 0.13671875 0.2265625 0.140625 0.23046875 0.142578125 0.228515625 0.142578125 0.224609375 0.140625 0.224609375 0.138671875 0.22265625
1 0.03515625 0.1875 0.037109375 0.189453125 0.03515625 0.19140625 0.037109375 0.193359375 0.037109375 0.1953125 0.0390625 0.197265625 0.0390625 0.19921875 0.041015625 0.197265625 0.04296875 0.19921875 0.044921875 0.197265625 0.041015625 0.193359375 0.0390625 0.1953125 0.03515625 0.19140625 0.037109375 0.189453125
1 0.357421875 0.12109375 0.35546875 0.123046875 0.35546875 0.125 0.353515625 0.126953125 0.35546875 0.12890625 0.353515625 0.130859375 0.3515625 0.130859375 0.353515625 0.130859375 0.357421875 0.126953125 0.359375 0.12890625 0.361328125 0.126953125 0.365234375 0.126953125 0.361328125 0.126953125 0.357421875 0.123046875
1 0.166015625 0.017578125 0.162109375 0.021484375 0.16015625 0.01953125 0.158203125 0.01953125 0.15625 0.021484375 0.15625 0.0234375 0.158203125 0.025390625 0.16015625 0.025390625 0.162109375 0.02734375 0.1640625 0.025390625 0.162109375 0.0234375 0.1640625 0.021484375 0.166015625 0.021484375 0.1640625 0.01953125
