0 0.943359375 0.486328125 0.94140625 0.48828125 0.94140625 0.4921875 0.943359375 0.494140625 0.94140625 0.49609375 0.943359375 0.494140625 0.943359375 0.4921875 0.9453125 0.490234375 0.947265625 0.490234375
0 0.654296875 0.376953125 0.65234375 0.37890625 0.650390625 0.37890625 0.650390625 0.380859375 0.646484375 0.384765625 0.64453125 0.3828125 0.646484375 0.384765625 0.6484375 0.3828125 0.65234375 0.38671875 0.650390625 0.384765625 0.65234375 0.3828125 0.654296875 0.3828125
0 0.72265625 0.296875 0.71875 0.30078125 0.720703125 0.302734375 0.720703125 0.3046875 0.720703125 0.302734375 0.72265625 0.30078125 0.724609375 0.302734375 0.724609375 0.3046875 0.7265625 0.302734375 0.724609375 0.30078125 0.7265625 0.298828125 0.724609375 0.298828125
0 0.73828125 0.2890625 0.734375 0.29296875 0.732421875 0.29296875 0.73046875 0.294921875 0.73046875 0.296875 0.732421875 0.294921875 0.734375 0.296875 0.734375 0.298828125 0.736328125 0.296875 0.736328125 0.294921875 0.73828125 0.29296875 0.736328125 0.291015625 0.73828125 0.2890625 0.740234375 0.2890625
0 0.1875 0.271484375 0.189453125 0.271484375 0.19140625 0.2734375 0.1875 0.27734375 0.1875 0.279296875 0.189453125 0.28125 0.189453125 0.283203125 0.1875 0.28515625 0.19140625 0.28125 0.193359375 0.28125 0.19140625 0.279296875 0.19140625 0.27734375 0.1953125 0.2734375 0.193359375 0.275390625 0.189453125 0.271484375
0 0.615234375 0.232421875 0.615234375 0.236328125 0.61328125 0.23828125 0.611328125 0.236328125 0.611328125 0.234375 0.611328125 0.236328125 0.61328125 0.23828125 0.611328125 0.240234375 0.615234375 0.244140625 0.615234375 0.24609375 0.615234375 0.244140625 0.611328125 0.240234375 0.615234375 0.236328125 0.619140625 0.240234375 0.619140625 0.234375 0.6171875 0.232421875
0 0.931640625 0.2109375 0.9296875 0.212890625 0.92578125 0.212890625 0.92578125 0.21484375 0.923828125 0.216796875 0.92578125 0.216796875 0.927734375 0.21875 0.9296875 0.21875 0.931640625 0.216796875 0.93359375 0.216796875 0.9296875 0.212890625
0 0.873046875 0.1953125 0.875 0.1953125 0.876953125 0.197265625 0.876953125 0.19921875 0.875 0.201171875 0.873046875 0.19921875 0.87109375 0.201171875 0.87109375 0.203125 0.875 0.20703125 0.873046875 0.208984375 0.875 0.2109375 0.875 0.212890625 0.876953125 0.21484375 0.875 0.216796875 0.876953125 0.21484375 0.875 0.212890625 0.875 0.2109375 0.876953125 0.208984375 0.87890625 0.208984375 0.876953125 0.208984375 0.875 0.20703125 0.87890625 0.203125 0.880859375 0.205078125 0.87890625 0.203125 0.87890625 0.201171875 0.876953125 0.19921875 0.876953125 0.1953125
0 0.408203125 0.158203125 0.40625 0.16015625 0.41015625 0.1640625 0.412109375 0.162109375 0.416015625 0.166015625 0.4140625 0.16796875 0.416015625 0.169921875 0.4140625 0.16796875 0.416015625 0.166015625 0.4140625 0.1640625 0.4140625 0.162109375 0.412109375 0.16015625 0.412109375 0.158203125 0.41015625 0.16015625
0 0.400390625 0.125 0.3984375 0.126953125 0.3984375 0.12890625 0.396484375 0.130859375 0.39453125 0.12890625 0.392578125 0.130859375 0.390625 0.12890625 0.39453125 0.1328125 0.390625 0.13671875 0.396484375 0.130859375 0.3984375 0.1328125 0.404296875 0.1328125 0.40234375 0.130859375 0.404296875 0.12890625
1 0.943359375 0.486328125 0.94140625 0.48828125 0.94140625 0.4921875 0.943359375 0.494140625 0.94140625 0.49609375 0.943359375 0.494140625 0.943359375 0.4921875 0.9453125 0.490234375 0.947265625 0.490234375
1 0.654296875 0.376953125 0.65234375 0.37890625 0.650390625 0.37890625 0.650390625 0.380859375 0.646484375 0.384765625 0.64453125 0.3828125 0.646484375 0.384765625 0.6484375 0.3828125 0.65234375 0.38671875 0.650390625 0.384765625 0.65234375 0.3828125 0.654296875 0.3828125
1 0.72265625 0.296875 0.71875 0.30078125 0.720703125 0.302734375 0.720703125 0.3046875 0.720703125 0.302734375 0.72265625 0.30078125 0.724609375 0.302734375 0.724609375 0.3046875 0.7265625 0.302734375 0.724609375 0.30078125 0.7265625 0.298828125 0.724609375 0.298828125
1 0.73828125 0.2890625 0.734375 0.29296875 0.732421875 0.29296875 0.73046875 0.294921875 0.73046875 0.296875 0.732421875 0.294921875 0.734375 0.296875 0.734375 0.298828125 0.736328125 0.296875 0.736328125 0.294921875 0.73828125 0.29296875 0.736328125 0.291015625 0.73828125 0.2890625 0.740234375 0.2890625
1 0.1875 0.271484375 0.189453125 0.271484375 0.19140625 0.2734375 0.1875 0.27734375 0.1875 0.279296875 0.189453125 0.28125 0.189453125 0.283203125 0.1875 0.28515625 0.19140625 0.28125 0.193359375 0.28125 0.19140625 0.279296875 0.19140625 0.27734375 0.1953125 0.2734375 0.193359375 0.275390625 0.189453125 0.271484375
1 0.615234375 0.232421875 0.615234375 0.236328125 0.61328125 0.23828125 0.611328125 0.236328125 0.611328125 0.234375 0.611328125 0.236328125 0.61328125 0.23828125 0.611328125 0.240234375 0.615234375 0.244140625 0.615234375 0.24609375 0.615234375 0.244140625 0.611328125 0.240234375 0.615234375 0.236328125 0.619140625 0.240234375 0.619140625 0.234375 0.6171875 0.232421875
1 0.931640625 0.2109375 0.9296875 0.212890625 0.92578125 0.212890625 0.92578125 0.21484375 0.923828125 0.216796875 0.92578125 0.216796875 0.927734375 0.21875 0.9296875 0.21875 0.931640625 0.216796875 0.93359375 0.216796875 0.9296875 0.212890625
1 0.873046875 0.1953125 0.875 0.1953125 0.876953125 0.197265625 0.876953125 0.19921875 0.875 0.201171875 0.873046875 0.19921875 0.87109375 0.201171875 0.87109375 0.203125 0.875 0.20703125 0.873046875 0.208984375 0.875 0.2109375 0.875 0.212890625 0.876953125 0.21484375 0.875 0.216796875 0.876953125 0.21484375 0.875 0.212890625 0.875 0.2109375 0.876953125 0.208984375 0.87890625 0.208984375 0.876953125 0.208984375 0.875 0.20703125 0.87890625 0.203125 0.880859375 0.205078125 0.87890625 0.203125 0.87890625 0.201171875 0.876953125 0.19921875 0.876953125 0.1953125
1 0.408203125 0.158203125 0.40625 0.16015625 0.41015625 0.1640625 0.412109375 0.162109375 0.416015625 0.166015625 0.4140625 0.16796875 0.416015625 0.169921875 0.4140625 0.16796875 0.416015625 0.166015625 0.4140625 0.1640625 0.4140625 0.162109375 0.412109375 0.16015625 0.412109375 0.158203125 0.41015625 0.16015625
1 0.400390625 0.125 0.3984375 0.126953125 0.3984375 0.12890625 0.396484375 0.130859375 0.39453125 0.12890625 0.392578125 0.130859375 0.390625 0.12890625 0.39453125 0.1328125 0.390625 0.13671875 0.396484375 0.130859375 0.3984375 0.1328125 0.404296875 0.1328125 0.40234375 0.130859375 0.404296875 0.12890625
