0 0.22265625 0.376953125 0.224609375 0.37890625 0.22265625 0.380859375 0.228515625 0.380859375 0.23046875 0.3828125 0.228515625 0.384765625 0.2265625 0.384765625 0.228515625 0.384765625 0.23046875 0.3828125 0.228515625 0.380859375 0.23046875 0.37890625 0.23046875 0.376953125
0 0.400390625 0.36328125 0.400390625 0.365234375 0.3984375 0.3671875 0.3984375 0.369140625 0.396484375 0.37109375 0.3984375 0.369140625 0.400390625 0.37109375 0.404296875 0.3671875
0 0.740234375 0.330078125 0.740234375 0.33203125 0.7421875 0.333984375 0.740234375 0.3359375 0.7421875 0.337890625 0.740234375 0.33984375 0.7421875 0.33984375 0.744140625 0.337890625 0.74609375 0.337890625 0.748046875 0.3359375 0.74609375 0.333984375 0.74609375 0.33203125 0.74609375 0.333984375 0.744140625 0.3359375 0.740234375 0.33203125
0 0.767578125 0.28125 0.763671875 0.28515625 0.763671875 0.2890625 0.76171875 0.291015625 0.759765625 0.291015625 0.76171875 0.291015625 0.763671875 0.29296875 0.767578125 0.2890625 0.765625 0.287109375 0.767578125 0.28515625 0.765625 0.283203125
0 0.595703125 0.25 0.59375 0.251953125 0.595703125 0.25390625 0.59765625 0.251953125 0.599609375 0.25390625 0.599609375 0.255859375 0.59765625 0.2578125 0.599609375 0.2578125 0.6015625 0.259765625 0.603515625 0.259765625 0.60546875 0.26171875 0.607421875 0.259765625 0.60546875 0.26171875 0.603515625 0.259765625 0.603515625 0.2578125 0.60546875 0.255859375 0.6015625 0.251953125 0.6015625 0.25 0.6015625 0.251953125 0.599609375 0.25390625
0 0.5078125 0.09765625 0.509765625 0.099609375 0.509765625 0.103515625 0.513671875 0.103515625 0.515625 0.1015625 0.517578125 0.1015625 0.515625 0.1015625 0.513671875 0.099609375 0.515625 0.09765625 0.517578125 0.09765625 0.515625 0.09765625 0.513671875 0.099609375 0.51171875 0.09765625 0.509765625 0.099609375
0 0.875 0.0625 0.873046875 0.064453125 0.875 0.06640625 0.875 0.068359375 0.876953125 0.0703125 0.875 0.072265625 0.873046875 0.072265625 0.87109375 0.07421875 0.8671875 0.07421875 0.87109375 0.07421875 0.876953125 0.080078125 0.876953125 0.08203125 0.875 0.083984375 0.876953125 0.083984375 0.876953125 0.080078125 0.87890625 0.078125 0.87890625 0.076171875 0.880859375 0.07421875 0.87890625 0.076171875 0.875 0.072265625 0.876953125 0.0703125 0.87890625 0.0703125 0.876953125 0.0703125 0.875 0.068359375 0.875 0.06640625 0.876953125 0.064453125
1 0.22265625 0.376953125 0.224609375 0.37890625 0.22265625 0.380859375 0.228515625 0.380859375 0.23046875 0.3828125 0.228515625 0.384765625 0.2265625 0.384765625 0.228515625 0.384765625 0.23046875 0.3828125 0.228515625 0.380859375 0.23046875 0.37890625 0.23046875 0.376953125
1 0.400390625 0.36328125 0.400390625 0.365234375 0.3984375 0.3671875 0.3984375 0.369140625 0.396484375 0.37109375 0.3984375 0.369140625 0.400390625 0.37109375 0.404296875 0.3671875
1 0.740234375 0.330078125 0.740234375 0.33203125 0.7421875 0.333984375 0.740234375 0.3359375 0.7421875 0.337890625 0.740234375 0.33984375 0.7421875 0.33984375 0.744140625 0.337890625 0.74609375 0.337890625 0.748046875 0.3359375 0.74609375 0.333984375 0.74609375 0.33203125 0.74609375 0.333984375 0.744140625 0.3359375 0.740234375 0.33203125
1 0.767578125 0.28125 0.763671875 0.28515625 0.763671875 0.2890625 0.76171875 0.291015625 0.759765625 0.291015625 0.76171875 0.291015625 0.763671875 0.29296875 0.767578125 0.2890625 0.765625 0.287109375 0.767578125 0.28515625 0.765625 0.283203125
1 0.595703125 0.25 0.59375 0.251953125 0.595703125 0.25390625 0.59765625 0.251953125 0.599609375 0.25390625 0.599609375 0.255859375 0.59765625 0.2578125 0.599609375 0.2578125 0.6015625 0.259765625 0.603515625 0.259765625 0.60546875 0.26171875 0.607421875 0.259765625 0.60546875 0.26171875 0.603515625 0.259765625 0.603515625 0.2578125 0.60546875 0.255859375 0.6015625 0.251953125 0.6015625 0.25 0.6015625 0.251953125 0.599609375 0.25390625
1 0.5078125 0.09765625 0.509765625 0.099609375 0.509765625 0.103515625 0.513671875 0.103515625 0.515625 0.1015625 0.517578125 0.1015625 0.515625 0.1015625 0.513671875 0.099609375 0.515625 0.09765625 0.517578125 0.09765625 0.515625 0.09765625 0.513671875 0.099609375 0.51171875 0.09765625 0.509765625 0.099609375
1 0.875 0.0625 0.873046875 0.064453125 0.875 0.06640625 0.875 0.068359375 0.876953125 0.0703125 0.875 0.072265625 0.873046875 0.072265625 0.87109375 0.07421875 0.8671875 0.07421875 0.87109375 0.07421875 0.876953125 0.080078125 0.876953125 0.08203125 0.875 0.083984375 0.876953125 0.083984375 0.876953125 0.080078125 0.87890625 0.078125 0.87890625 0.076171875 0.880859375 0.07421875 0.87890625 0.076171875 0.875 0.072265625 0.876953125 0.0703125 0.87890625 0.0703125 0.876953125 0.0703125 0.875 0.068359375 0.875 0.06640625 0.876953125 0.064453125
