0 0.0234375 0.48828125 0.0234375 0.4921875 0.021484375 0.494140625 0.01953125 0.4921875 0.01953125 0.490234375 0.01953125 0.4921875 0.017578125 0.494140625 0.015625 0.4921875 0.017578125 0.494140625 0.015625 0.49609375 0.017578125 0.49609375 0.017578125 0.494140625 0.01953125 0.4921875 0.0234375 0.49609375 0.021484375 0.498046875 0.029296875 0.490234375 0.02734375 0.4921875
0 0.19140625 0.41796875 0.1875 0.421875 0.189453125 0.423828125 0.193359375 0.423828125 0.1953125 0.42578125 0.193359375 0.423828125 0.193359375 0.419921875 0.1953125 0.41796875 0.197265625 0.41796875 0.1953125 0.41796875 0.193359375 0.419921875
0 0.146484375 0.408203125 0.1484375 0.41015625 0.14453125 0.4140625 0.142578125 0.4140625 0.140625 0.416015625 0.142578125 0.4140625 0.14453125 0.416015625 0.14453125 0.4140625 0.1484375 0.41015625 0.150390625 0.412109375 0.150390625 0.4140625 0.1484375 0.416015625 0.150390625 0.4140625 0.15234375 0.4140625 0.154296875 0.416015625 0.15234375 0.4140625 0.154296875 0.412109375 0.154296875 0.41015625 0.15234375 0.408203125 0.150390625 0.41015625 0.1484375 0.41015625
0 0.216796875 0.220703125 0.21484375 0.22265625 0.212890625 0.22265625 0.21484375 0.22265625 0.216796875 0.224609375 0.216796875 0.228515625 0.21875 0.23046875 0.21875 0.232421875 0.220703125 0.23046875 0.224609375 0.23046875 0.2265625 0.228515625 0.224609375 0.2265625 0.22265625 0.2265625 0.220703125 0.224609375 0.224609375 0.220703125 0.2265625 0.22265625 0.224609375 0.220703125 0.220703125 0.224609375 0.216796875 0.224609375 0.21484375 0.22265625
0 0.923828125 0.078125 0.92578125 0.080078125 0.923828125 0.08203125 0.923828125 0.0859375 0.927734375 0.0859375 0.9296875 0.087890625 0.93359375 0.087890625 0.935546875 0.08984375 0.93359375 0.091796875 0.935546875 0.08984375 0.93359375 0.087890625 0.935546875 0.0859375 0.93359375 0.087890625 0.9296875 0.087890625 0.927734375 0.0859375 0.9296875 0.083984375 0.92578125 0.080078125 0.927734375 0.078125 0.92578125 0.080078125
1 0.0234375 0.48828125 0.0234375 0.4921875 0.021484375 0.494140625 0.01953125 0.4921875 0.01953125 0.490234375 0.01953125 0.4921875 0.017578125 0.494140625 0.015625 0.4921875 0.017578125 0.494140625 0.015625 0.49609375 0.017578125 0.49609375 0.017578125 0.494140625 0.01953125 0.4921875 0.0234375 0.49609375 0.021484375 0.498046875 0.029296875 0.490234375 0.02734375 0.4921875
1 0.19140625 0.41796875 0.1875 0.421875 0.189453125 0.423828125 0.193359375 0.423828125 0.1953125 0.42578125 0.193359375 0.423828125 0.193359375 0.419921875 0.1953125 0.41796875 0.197265625 0.41796875 0.1953125 0.41796875 0.193359375 0.419921875
1 0.146484375 0.408203125 0.1484375 0.41015625 0.14453125 0.4140625 0.142578125 0.4140625 0.140625 0.416015625 0.142578125 0.4140625 0.14453125 0.416015625 0.14453125 0.4140625 0.1484375 0.41015625 0.150390625 0.412109375 0.150390625 0.4140625 0.1484375 0.416015625 0.150390625 0.4140625 0.15234375 0.4140625 0.154296875 0.416015625 0.15234375 0.4140625 0.154296875 0.412109375 0.154296875 0.41015625 0.15234375 0.408203125 0.150390625 0.41015625 0.1484375 0.41015625
1 0.216796875 0.220703125 0.21484375 0.22265625 0.212890625 0.22265625 0.21484375 0.22265625 0.216796875 0.224609375 0.216796875 0.228515625 0.21875 0.23046875 0.21875 0.232421875 0.220703125 0.23046875 0.224609375 0.23046875 0.2265625 0.228515625 0.224609375 0.2265625 0.22265625 0.2265625 0.220703125 0.224609375 0.224609375 0.220703125 0.2265625 0.22265625 0.224609375 0.220703125 0.220703125 0.224609375 0.216796875 0.224609375 0.21484375 0.22265625
1 0.923828125 0.078125 0.92578125 0.080078125 0.923828125 0.08203125 0.923828125 0.0859375 0.927734375 0.0859375 0.9296875 0.087890625 0.93359375 0.087890625 0.935546875 0.08984375 0.93359375 0.091796875 0.935546875 0.08984375 0.93359375 0.087890625 0.935546875 0.0859375 0.93359375 0.087890625 0.9296875 0.087890625 0.927734375 0.0859375 0.9296875 0.083984375 0.92578125 0.080078125 0.927734375 0.078125 0.92578125 0.080078125
