0 0.14453125 0.91015625 0.14453125 0.916015625 0.142578125 0.91796875 0.146484375 0.91796875 0.1484375 0.916015625 0.15234375 0.916015625 0.150390625 0.916015625
0 0.134765625 0.880859375 0.1328125 0.8828125 0.134765625 0.884765625 0.134765625 0.892578125 0.130859375 0.896484375 0.1328125 0.89453125 0.13671875 0.8984375 0.138671875 0.8984375 0.142578125 0.89453125 0.14453125 0.89453125 0.146484375 0.896484375 0.14453125 0.8984375 0.14453125 0.90234375 0.146484375 0.904296875 0.146484375 0.90625 0.1484375 0.908203125 0.150390625 0.908203125 0.15625 0.9140625 0.158203125 0.9140625 0.162109375 0.91015625 0.1640625 0.912109375 0.16015625 0.908203125 0.16015625 0.90625 0.166015625 0.900390625 0.166015625 0.8984375 0.16796875 0.896484375 0.169921875 0.896484375 0.16796875 0.896484375 0.166015625 0.8984375 0.1640625 0.896484375 0.1640625 0.892578125 0.162109375 0.89453125 0.16015625 0.892578125 0.150390625 0.892578125 0.1484375 0.890625 0.146484375 0.890625 0.142578125 0.88671875 0.142578125 0.884765625 0.140625 0.8828125 0.13671875 0.8828125
0 0.00390625 0.357421875 0.001953125 0.359375 0.0 0.359375 0.001953125 0.361328125 0.0 0.36328125 0.001953125 0.365234375 0.00390625 0.36328125 0.005859375 0.36328125 0.0078125 0.365234375 0.005859375 0.36328125 0.009765625 0.359375 0.01171875 0.361328125 0.0078125 0.357421875
0 0.044921875 0.18359375 0.04296875 0.185546875 0.04296875 0.1875 0.041015625 0.189453125 0.04296875 0.19140625 0.041015625 0.193359375 0.0390625 0.193359375 0.041015625 0.193359375 0.044921875 0.189453125 0.046875 0.189453125 0.048828125 0.1875 0.046875 0.1875 0.044921875 0.185546875
0 0.6328125 0.015625 0.634765625 0.017578125 0.63671875 0.015625 0.638671875 0.017578125 0.640625 0.017578125 0.642578125 0.01953125 0.638671875 0.0234375 0.634765625 0.0234375 0.6328125 0.025390625 0.630859375 0.025390625 0.634765625 0.025390625 0.63671875 0.02734375 0.63671875 0.029296875 0.640625 0.025390625 0.640625 0.021484375 0.642578125 0.01953125 0.64453125 0.01953125 0.642578125 0.01953125 0.640625 0.017578125 0.638671875 0.017578125 0.63671875 0.015625 0.634765625 0.017578125
1 0.14453125 0.91015625 0.14453125 0.916015625 0.142578125 0.91796875 0.146484375 0.91796875 0.1484375 0.916015625 0.15234375 0.916015625 0.150390625 0.916015625
1 0.134765625 0.880859375 0.1328125 0.8828125 0.134765625 0.884765625 0.134765625 0.892578125 0.130859375 0.896484375 0.1328125 0.89453125 0.13671875 0.8984375 0.138671875 0.8984375 0.142578125 0.89453125 0.14453125 0.89453125 0.146484375 0.896484375 0.14453125 0.8984375 0.14453125 0.90234375 0.146484375 0.904296875 0.146484375 0.90625 0.1484375 0.908203125 0.150390625 0.908203125 0.15625 0.9140625 0.158203125 0.9140625 0.162109375 0.91015625 0.1640625 0.912109375 0.16015625 0.908203125 0.16015625 0.90625 0.166015625 0.900390625 0.166015625 0.8984375 0.16796875 0.896484375 0.169921875 0.896484375 0.16796875 0.896484375 0.166015625 0.8984375 0.1640625 0.896484375 0.1640625 0.892578125 0.162109375 0.89453125 0.16015625 0.892578125 0.150390625 0.892578125 0.1484375 0.890625 0.146484375 0.890625 0.142578125 0.88671875 0.142578125 0.884765625 0.140625 0.8828125 0.13671875 0.8828125
1 0.00390625 0.357421875 0.001953125 0.359375 0.0 0.359375 0.001953125 0.361328125 0.0 0.36328125 0.001953125 0.365234375 0.00390625 0.36328125 0.005859375 0.36328125 0.0078125 0.365234375 0.005859375 0.36328125 0.009765625 0.359375 0.01171875 0.361328125 0.0078125 0.357421875
1 0.044921875 0.18359375 0.04296875 0.185546875 0.04296875 0.1875 0.041015625 0.189453125 0.04296875 0.19140625 0.041015625 0.193359375 0.0390625 0.193359375 0.041015625 0.193359375 0.044921875 0.189453125 0.046875 0.189453125 0.048828125 0.1875 0.046875 0.1875 0.044921875 0.185546875
1 0.6328125 0.015625 0.634765625 0.017578125 0.63671875 0.015625 0.638671875 0.017578125 0.640625 0.017578125 0.642578125 0.01953125 0.638671875 0.0234375 0.634765625 0.0234375 0.6328125 0.025390625 0.630859375 0.025390625 0.634765625 0.025390625 0.63671875 0.02734375 0.63671875 0.029296875 0.640625 0.025390625 0.640625 0.021484375 0.642578125 0.01953125 0.64453125 0.01953125 0.642578125 0.01953125 0.640625 0.017578125 0.638671875 0.017578125 0.63671875 0.015625 0.634765625 0.017578125
