0 0.15625 0.5859375 0.158203125 0.587890625 0.158203125 0.58984375 0.154296875 0.59375 0.16015625 0.599609375 0.162109375 0.599609375 0.16015625 0.599609375 0.158203125 0.59765625 0.16015625 0.595703125 0.158203125 0.59375 0.16015625 0.591796875 0.158203125 0.58984375 0.158203125 0.5859375
0 0.048828125 0.423828125 0.048828125 0.42578125 0.05078125 0.427734375 0.048828125 0.4296875 0.05078125 0.431640625 0.052734375 0.431640625 0.0546875 0.4296875 0.056640625 0.4296875 0.0546875 0.4296875 0.052734375 0.427734375 0.052734375 0.42578125 0.0546875 0.423828125
0 0.00390625 0.423828125 0.0078125 0.427734375 0.005859375 0.4296875 0.00390625 0.4296875 0.001953125 0.427734375 0.00390625 0.4296875 0.00390625 0.431640625 0.001953125 0.43359375 0.00390625 0.431640625 0.0078125 0.435546875 0.0078125 0.431640625 0.009765625 0.4296875 0.01171875 0.431640625 0.009765625 0.4296875 0.009765625 0.427734375 0.0078125 0.427734375 0.005859375 0.42578125 0.005859375 0.423828125
0 0.212890625 0.41796875 0.2109375 0.419921875 0.212890625 0.421875 0.212890625 0.423828125 0.208984375 0.427734375 0.2109375 0.42578125 0.21484375 0.4296875 0.216796875 0.4296875 0.21875 0.427734375 0.216796875 0.4296875 0.21484375 0.4296875 0.212890625 0.427734375 0.216796875 0.423828125 0.21875 0.423828125 0.220703125 0.421875 0.220703125 0.419921875 0.21875 0.41796875 0.216796875 0.419921875 0.21484375 0.419921875
0 0.529296875 0.13671875 0.52734375 0.138671875 0.52734375 0.140625 0.529296875 0.142578125 0.53125 0.142578125 0.53515625 0.146484375 0.537109375 0.146484375 0.53515625 0.146484375 0.533203125 0.14453125 0.53515625 0.142578125 0.533203125 0.140625 0.533203125 0.138671875 0.53125 0.13671875
0 0.95703125 0.03515625 0.955078125 0.037109375 0.95703125 0.0390625 0.955078125 0.041015625 0.955078125 0.04296875 0.953125 0.044921875 0.95703125 0.044921875 0.958984375 0.04296875 0.958984375 0.041015625 0.9609375 0.0390625 0.95703125 0.0390625 0.955078125 0.037109375 0.95703125 0.03515625 0.958984375 0.03515625
0 0.189453125 0.015625 0.19140625 0.017578125 0.189453125 0.01953125 0.19140625 0.021484375 0.189453125 0.0234375 0.19140625 0.021484375 0.1953125 0.021484375 0.197265625 0.01953125 0.197265625 0.017578125 0.19921875 0.015625 0.197265625 0.017578125 0.1953125 0.017578125 0.193359375 0.015625 0.19140625 0.017578125
1 0.15625 0.5859375 0.158203125 0.587890625 0.158203125 0.58984375 0.154296875 0.59375 0.16015625 0.599609375 0.162109375 0.599609375 0.16015625 0.599609375 0.158203125 0.59765625 0.16015625 0.595703125 0.158203125 0.59375 0.16015625 0.591796875 0.158203125 0.58984375 0.158203125 0.5859375
1 0.048828125 0.423828125 0.048828125 0.42578125 0.05078125 0.427734375 0.048828125 0.4296875 0.05078125 0.431640625 0.052734375 0.431640625 0.0546875 0.4296875 0.056640625 0.4296875 0.0546875 0.4296875 0.052734375 0.427734375 0.052734375 0.42578125 0.0546875 0.423828125
1 0.00390625 0.423828125 0.0078125 0.427734375 0.005859375 0.4296875 0.00390625 0.4296875 0.001953125 0.427734375 0.00390625 0.4296875 0.00390625 0.431640625 0.001953125 0.43359375 0.00390625 0.431640625 0.0078125 0.435546875 0.0078125 0.431640625 0.009765625 0.4296875 0.01171875 0.431640625 0.009765625 0.4296875 0.009765625 0.427734375 0.0078125 0.427734375 0.005859375 0.42578125 0.005859375 0.423828125
1 0.212890625 0.41796875 0.2109375 0.419921875 0.212890625 0.421875 0.212890625 0.423828125 0.208984375 0.427734375 0.2109375 0.42578125 0.21484375 0.4296875 0.216796875 0.4296875 0.21875 0.427734375 0.216796875 0.4296875 0.21484375 0.4296875 0.212890625 0.427734375 0.216796875 0.423828125 0.21875 0.423828125 0.220703125 0.421875 0.220703125 0.419921875 0.21875 0.41796875 0.216796875 0.419921875 0.21484375 0.419921875
1 0.529296875 0.13671875 0.52734375 0.138671875 0.52734375 0.140625 0.529296875 0.142578125 0.53125 0.142578125 0.53515625 0.146484375 0.537109375 0.146484375 0.53515625 0.146484375 0.533203125 0.14453125 0.53515625 0.142578125 0.533203125 0.140625 0.533203125 0.138671875 0.53125 0.13671875
1 0.95703125 0.03515625 0.955078125 0.037109375 0.95703125 0.0390625 0.955078125 0.041015625 0.955078125 0.04296875 0.953125 0.044921875 0.95703125 0.044921875 0.958984375 0.04296875 0.958984375 0.041015625 0.9609375 0.0390625 0.95703125 0.0390625 0.955078125 0.037109375 0.95703125 0.03515625 0.958984375 0.03515625
1 0.189453125 0.015625 0.19140625 0.017578125 0.189453125 0.01953125 0.19140625 0.021484375 0.189453125 0.0234375 0.19140625 0.021484375 0.1953125 0.021484375 0.197265625 0.01953125 0.197265625 0.017578125 0.19921875 0.015625 0.197265625 0.017578125 0.1953125 0.017578125 0.193359375 0.015625 0.19140625 0.017578125
