0 0.169921875 0.98828125 0.166015625 0.9921875 0.166015625 0.994140625 0.1640625 0.99609375 0.166015625 0.994140625 0.16796875 0.99609375 0.169921875 0.99609375 0.171875 0.994140625 0.173828125 0.994140625 0.171875 0.9921875 0.171875 0.990234375
0 0.30078125 0.97265625 0.302734375 0.974609375 0.30078125 0.9765625 0.298828125 0.9765625 0.296875 0.974609375 0.302734375 0.98046875 0.302734375 0.984375 0.306640625 0.98828125 0.3046875 0.990234375 0.30078125 0.990234375 0.298828125 0.98828125 0.298828125 0.986328125 0.298828125 0.98828125 0.296875 0.990234375 0.296875 0.9921875 0.296875 0.990234375 0.298828125 0.98828125 0.30078125 0.990234375 0.3046875 0.990234375 0.30859375 0.986328125 0.3125 0.986328125 0.314453125 0.984375 0.314453125 0.9765625 0.3125 0.974609375 0.3125 0.97265625 0.310546875 0.974609375 0.306640625 0.974609375 0.3046875 0.97265625 0.302734375 0.974609375
0 0.138671875 0.736328125 0.13671875 0.73828125 0.134765625 0.73828125 0.134765625 0.740234375 0.130859375 0.744140625 0.12890625 0.7421875 0.130859375 0.744140625 0.1328125 0.7421875 0.13671875 0.74609375 0.134765625 0.744140625 0.13671875 0.7421875 0.138671875 0.7421875
0 0.07421875 0.65625 0.072265625 0.658203125 0.07421875 0.66015625 0.07421875 0.662109375 0.078125 0.662109375 0.078125 0.658203125 0.076171875 0.65625
0 0.56640625 0.640625 0.568359375 0.642578125 0.56640625 0.64453125 0.568359375 0.646484375 0.568359375 0.6484375 0.56640625 0.650390625 0.568359375 0.65234375 0.572265625 0.65234375 0.57421875 0.654296875 0.572265625 0.65234375 0.57421875 0.650390625 0.576171875 0.650390625 0.572265625 0.646484375 0.568359375 0.646484375 0.56640625 0.64453125 0.568359375 0.642578125
0 0.0546875 0.421875 0.052734375 0.423828125 0.05078125 0.423828125 0.046875 0.427734375 0.046875 0.43359375 0.048828125 0.43359375 0.05078125 0.435546875 0.05859375 0.435546875 0.060546875 0.43359375 0.060546875 0.42578125 0.05859375 0.423828125 0.056640625 0.423828125
0 0.330078125 0.390625 0.328125 0.392578125 0.330078125 0.39453125 0.328125 0.396484375 0.330078125 0.39453125 0.33203125 0.39453125 0.333984375 0.396484375 0.33203125 0.3984375 0.3359375 0.39453125 0.33984375 0.39453125 0.341796875 0.392578125 0.33984375 0.390625 0.3359375 0.390625 0.33203125 0.39453125 0.330078125 0.39453125 0.328125 0.392578125
0 0.525390625 0.3359375 0.525390625 0.337890625 0.5234375 0.33984375 0.521484375 0.33984375 0.51953125 0.337890625 0.51953125 0.33984375 0.521484375 0.341796875 0.521484375 0.34375 0.5234375 0.345703125 0.525390625 0.345703125 0.525390625 0.34375 0.52734375 0.341796875 0.52734375 0.33984375 0.529296875 0.337890625 0.529296875 0.3359375 0.529296875 0.337890625 0.52734375 0.33984375 0.525390625 0.337890625
0 0.326171875 0.2890625 0.326171875 0.294921875 0.32421875 0.296875 0.322265625 0.294921875 0.3203125 0.296875 0.3203125 0.298828125 0.322265625 0.30078125 0.3203125 0.298828125 0.3203125 0.296875 0.322265625 0.294921875 0.326171875 0.298828125 0.328125 0.296875 0.330078125 0.298828125 0.330078125 0.30078125 0.328125 0.302734375 0.326171875 0.302734375 0.330078125 0.302734375 0.330078125 0.298828125 0.33203125 0.296875 0.33203125 0.29296875 0.333984375 0.291015625 0.328125 0.291015625
0 0.462890625 0.189453125 0.45703125 0.1953125 0.455078125 0.1953125 0.455078125 0.19921875 0.45703125 0.201171875 0.453125 0.205078125 0.453125 0.20703125 0.455078125 0.208984375 0.455078125 0.2109375 0.455078125 0.20703125 0.453125 0.205078125 0.455078125 0.203125 0.462890625 0.203125 0.46484375 0.205078125 0.46484375 0.203125 0.466796875 0.201171875 0.466796875 0.1953125 0.46484375 0.193359375 0.462890625 0.193359375 0.4609375 0.19140625
0 0.091796875 0.1796875 0.091796875 0.185546875 0.095703125 0.189453125 0.095703125 0.19140625 0.09375 0.193359375 0.095703125 0.193359375 0.095703125 0.189453125 0.09765625 0.1875 0.09765625 0.18359375 0.099609375 0.181640625 0.09765625 0.181640625 0.095703125 0.1796875
0 0.580078125 0.109375 0.58203125 0.111328125 0.580078125 0.11328125 0.578125 0.11328125 0.580078125 0.115234375 0.580078125 0.1171875 0.58203125 0.1171875 0.583984375 0.119140625 0.58203125 0.12109375 0.580078125 0.12109375 0.578125 0.123046875 0.580078125 0.12109375 0.58203125 0.12109375 0.583984375 0.123046875 0.5859375 0.12109375 0.587890625 0.123046875 0.591796875 0.119140625 0.587890625 0.123046875 0.583984375 0.119140625 0.5859375 0.1171875 0.587890625 0.1171875 0.587890625 0.11328125 0.591796875 0.109375 0.587890625 0.11328125 0.5859375 0.111328125 0.58203125 0.111328125
0 0.201171875 0.095703125 0.19921875 0.09765625 0.201171875 0.099609375 0.19921875 0.1015625 0.19921875 0.103515625 0.203125 0.103515625 0.205078125 0.10546875 0.20703125 0.103515625 0.205078125 0.1015625 0.205078125 0.095703125 0.205078125 0.09765625 0.203125 0.099609375 0.201171875 0.099609375 0.19921875 0.09765625
0 0.103515625 0.078125 0.10546875 0.080078125 0.103515625 0.08203125 0.1015625 0.08203125 0.103515625 0.083984375 0.103515625 0.08203125 0.10546875 0.080078125 0.107421875 0.08203125 0.107421875 0.087890625 0.11328125 0.087890625 0.115234375 0.0859375 0.1171875 0.0859375 0.115234375 0.083984375 0.115234375 0.08203125 0.11328125 0.080078125 0.10546875 0.080078125
1 0.169921875 0.98828125 0.166015625 0.9921875 0.166015625 0.994140625 0.1640625 0.99609375 0.166015625 0.994140625 0.16796875 0.99609375 0.169921875 0.99609375 0.171875 0.994140625 0.173828125 0.994140625 0.171875 0.9921875 0.171875 0.990234375
1 0.30078125 0.97265625 0.302734375 0.974609375 0.30078125 0.9765625 0.298828125 0.9765625 0.296875 0.974609375 0.302734375 0.98046875 0.302734375 0.984375 0.306640625 0.98828125 0.3046875 0.990234375 0.30078125 0.990234375 0.298828125 0.98828125 0.298828125 0.986328125 0.298828125 0.98828125 0.296875 0.990234375 0.296875 0.9921875 0.296875 0.990234375 0.298828125 0.98828125 0.30078125 0.990234375 0.3046875 0.990234375 0.30859375 0.986328125 0.3125 0.986328125 0.314453125 0.984375 0.314453125 0.9765625 0.3125 0.974609375 0.3125 0.97265625 0.310546875 0.974609375 0.306640625 0.974609375 0.3046875 0.97265625 0.302734375 0.974609375
1 0.138671875 0.736328125 0.13671875 0.73828125 0.134765625 0.73828125 0.134765625 0.740234375 0.130859375 0.744140625 0.12890625 0.7421875 0.130859375 0.744140625 0.1328125 0.7421875 0.13671875 0.74609375 0.134765625 0.744140625 0.13671875 0.7421875 0.138671875 0.7421875
1 0.07421875 0.65625 0.072265625 0.658203125 0.07421875 0.66015625 0.07421875 0.662109375 0.078125 0.662109375 0.078125 0.658203125 0.076171875 0.65625
1 0.56640625 0.640625 0.568359375 0.642578125 0.56640625 0.64453125 0.568359375 0.646484375 0.568359375 0.6484375 0.56640625 0.650390625 0.568359375 0.65234375 0.572265625 0.65234375 0.57421875 0.654296875 0.572265625 0.65234375 0.57421875 0.650390625 0.576171875 0.650390625 0.572265625 0.646484375 0.568359375 0.646484375 0.56640625 0.64453125 0.568359375 0.642578125
1 0.0546875 0.421875 0.052734375 0.423828125 0.05078125 0.423828125 0.046875 0.427734375 0.046875 0.43359375 0.048828125 0.43359375 0.05078125 0.435546875 0.05859375 0.435546875 0.060546875 0.43359375 0.060546875 0.42578125 0.05859375 0.423828125 0.056640625 0.423828125
1 0.330078125 0.390625 0.328125 0.392578125 0.330078125 0.39453125 0.328125 0.396484375 0.330078125 0.39453125 0.33203125 0.39453125 0.333984375 0.396484375 0.33203125 0.3984375 0.3359375 0.39453125 0.33984375 0.39453125 0.341796875 0.392578125 0.33984375 0.390625 0.3359375 0.390625 0.33203125 0.39453125 0.330078125 0.39453125 0.328125 0.392578125
1 0.525390625 0.3359375 0.525390625 0.337890625 0.5234375 0.33984375 0.521484375 0.33984375 0.51953125 0.337890625 0.51953125 0.33984375 0.521484375 0.341796875 0.521484375 0.34375 0.5234375 0.345703125 0.525390625 0.345703125 0.525390625 0.34375 0.52734375 0.341796875 0.52734375 0.33984375 0.529296875 0.337890625 0.529296875 0.3359375 0.529296875 0.337890625 0.52734375 0.33984375 0.525390625 0.337890625
1 0.326171875 0.2890625 0.326171875 0.294921875 0.32421875 0.296875 0.322265625 0.294921875 0.3203125 0.296875 0.3203125 0.298828125 0.322265625 0.30078125 0.3203125 0.298828125 0.3203125 0.296875 0.322265625 0.294921875 0.326171875 0.298828125 0.328125 0.296875 0.330078125 0.298828125 0.330078125 0.30078125 0.328125 0.302734375 0.326171875 0.302734375 0.330078125 0.302734375 0.330078125 0.298828125 0.33203125 0.296875 0.33203125 0.29296875 0.333984375 0.291015625 0.328125 0.291015625
1 0.462890625 0.189453125 0.45703125 0.1953125 0.455078125 0.1953125 0.455078125 0.19921875 0.45703125 0.201171875 0.453125 0.205078125 0.453125 0.20703125 0.455078125 0.208984375 0.455078125 0.2109375 0.455078125 0.20703125 0.453125 0.205078125 0.455078125 0.203125 0.462890625 0.203125 0.46484375 0.205078125 0.46484375 0.203125 0.466796875 0.201171875 0.466796875 0.1953125 0.46484375 0.193359375 0.462890625 0.193359375 0.4609375 0.19140625
1 0.091796875 0.1796875 0.091796875 0.185546875 0.095703125 0.189453125 0.095703125 0.19140625 0.09375 0.193359375 0.095703125 0.193359375 0.095703125 0.189453125 0.09765625 0.1875 0.09765625 0.18359375 0.099609375 0.181640625 0.09765625 0.181640625 0.095703125 0.1796875
1 0.580078125 0.109375 0.58203125 0.111328125 0.580078125 0.11328125 0.578125 0.11328125 0.580078125 0.115234375 0.580078125 0.1171875 0.58203125 0.1171875 0.583984375 0.119140625 0.58203125 0.12109375 0.580078125 0.12109375 0.578125 0.123046875 0.580078125 0.12109375 0.58203125 0.12109375 0.583984375 0.123046875 0.5859375 0.12109375 0.587890625 0.123046875 0.591796875 0.119140625 0.587890625 0.123046875 0.583984375 0.119140625 0.5859375 0.1171875 0.587890625 0.1171875 0.587890625 0.11328125 0.591796875 0.109375 0.587890625 0.11328125 0.5859375 0.111328125 0.58203125 0.111328125
1 0.201171875 0.095703125 0.19921875 0.09765625 0.201171875 0.099609375 0.19921875 0.1015625 0.19921875 0.103515625 0.203125 0.103515625 0.205078125 0.10546875 0.20703125 0.103515625 0.205078125 0.1015625 0.205078125 0.095703125 0.205078125 0.09765625 0.203125 0.099609375 0.201171875 0.099609375 0.19921875 0.09765625
1 0.103515625 0.078125 0.10546875 0.080078125 0.103515625 0.08203125 0.1015625 0.08203125 0.103515625 0.083984375 0.103515625 0.08203125 0.10546875 0.080078125 0.107421875 0.08203125 0.107421875 0.087890625 0.11328125 0.087890625 0.115234375 0.0859375 0.1171875 0.0859375 0.115234375 0.083984375 0.115234375 0.08203125 0.11328125 0.080078125 0.10546875 0.080078125
