0 0.04296875 0.7890625 0.04296875 0.79296875 0.041015625 0.794921875 0.041015625 0.798828125 0.037109375 0.802734375 0.0390625 0.80078125 0.04296875 0.8046875 0.044921875 0.8046875 0.04296875 0.8046875 0.041015625 0.802734375 0.044921875 0.798828125 0.044921875 0.794921875 0.04296875 0.79296875 0.04296875 0.791015625 0.044921875 0.7890625
0 0.857421875 0.626953125 0.85546875 0.62890625 0.853515625 0.62890625 0.85546875 0.62890625 0.857421875 0.630859375 0.857421875 0.634765625 0.86328125 0.634765625 0.86328125 0.630859375 0.865234375 0.62890625 0.86328125 0.630859375 0.861328125 0.62890625 0.859375 0.630859375 0.857421875 0.630859375 0.85546875 0.62890625
0 0.056640625 0.548828125 0.056640625 0.55078125 0.05859375 0.552734375 0.0546875 0.556640625 0.052734375 0.5546875 0.052734375 0.552734375 0.05078125 0.552734375 0.048828125 0.5546875 0.048828125 0.556640625 0.05078125 0.55859375 0.052734375 0.55859375 0.0546875 0.556640625 0.056640625 0.55859375 0.0546875 0.556640625 0.05859375 0.552734375 0.056640625 0.55078125
0 0.50390625 0.54296875 0.50390625 0.548828125 0.501953125 0.55078125 0.5 0.548828125 0.501953125 0.55078125 0.50390625 0.55078125 0.505859375 0.548828125 0.5078125 0.548828125 0.509765625 0.55078125 0.51171875 0.548828125 0.509765625 0.55078125 0.5078125 0.548828125 0.5078125 0.544921875 0.509765625 0.54296875 0.5078125 0.544921875 0.505859375 0.54296875
0 0.92578125 0.4453125 0.921875 0.44921875 0.919921875 0.44921875 0.91796875 0.451171875 0.919921875 0.453125 0.91796875 0.455078125 0.9140625 0.455078125 0.91796875 0.455078125 0.919921875 0.45703125 0.921875 0.45703125 0.923828125 0.458984375 0.921875 0.4609375 0.921875 0.462890625 0.919921875 0.46484375 0.921875 0.466796875 0.923828125 0.46484375 0.921875 0.462890625 0.921875 0.4609375 0.923828125 0.458984375 0.92578125 0.458984375 0.923828125 0.458984375 0.921875 0.45703125 0.92578125 0.453125 0.927734375 0.455078125 0.923828125 0.451171875 0.92578125 0.44921875 0.923828125 0.447265625 0.92578125 0.4453125 0.927734375 0.4453125
0 0.80859375 0.40625 0.80859375 0.408203125 0.806640625 0.41015625 0.8046875 0.41015625 0.806640625 0.41015625 0.80859375 0.412109375 0.806640625 0.4140625 0.8046875 0.4140625 0.80859375 0.4140625 0.80859375 0.412109375 0.810546875 0.41015625 0.8125 0.412109375 0.8125 0.408203125 0.810546875 0.40625
0 0.365234375 0.34375 0.36328125 0.345703125 0.36328125 0.34765625 0.365234375 0.349609375 0.365234375 0.3515625 0.3671875 0.3515625 0.369140625 0.353515625 0.37109375 0.3515625 0.373046875 0.353515625 0.3671875 0.34765625 0.3671875 0.345703125
0 0.14453125 0.203125 0.142578125 0.205078125 0.142578125 0.20703125 0.140625 0.208984375 0.142578125 0.2109375 0.142578125 0.212890625 0.14453125 0.21484375 0.146484375 0.21484375 0.1484375 0.212890625 0.150390625 0.212890625 0.146484375 0.208984375 0.1484375 0.20703125 0.1484375 0.205078125 0.1484375 0.20703125 0.14453125 0.2109375 0.142578125 0.2109375 0.140625 0.208984375 0.142578125 0.20703125 0.142578125 0.205078125
0 0.462890625 0.171875 0.458984375 0.17578125 0.4609375 0.177734375 0.458984375 0.1796875 0.45703125 0.1796875 0.458984375 0.1796875 0.4609375 0.181640625 0.458984375 0.18359375 0.45703125 0.18359375 0.45703125 0.185546875 0.4609375 0.181640625 0.46484375 0.185546875 0.462890625 0.18359375 0.46484375 0.181640625 0.466796875 0.181640625 0.46484375 0.1796875 0.466796875 0.177734375 0.46484375 0.17578125 0.46484375 0.173828125 0.466796875 0.171875 0.46484375 0.173828125
0 0.208984375 0.1171875 0.20703125 0.119140625 0.20703125 0.12109375 0.208984375 0.123046875 0.2109375 0.123046875 0.212890625 0.12109375 0.212890625 0.119140625 0.2109375 0.1171875
0 0.052734375 0.080078125 0.05078125 0.08203125 0.048828125 0.08203125 0.046875 0.083984375 0.048828125 0.0859375 0.048828125 0.087890625 0.048828125 0.0859375 0.05078125 0.083984375 0.0546875 0.087890625 0.0546875 0.08984375 0.0546875 0.087890625 0.052734375 0.0859375 0.0546875 0.083984375 0.052734375 0.08203125 0.0546875 0.080078125
0 0.8984375 0.03125 0.8984375 0.03515625 0.90234375 0.0390625 0.904296875 0.0390625 0.90234375 0.037109375 0.90234375 0.03125 0.900390625 0.033203125
0 0.890625 0.001953125 0.88671875 0.005859375 0.888671875 0.0078125 0.88671875 0.009765625 0.888671875 0.01171875 0.88671875 0.013671875 0.890625 0.009765625 0.890625 0.005859375 0.892578125 0.00390625 0.89453125 0.00390625 0.892578125 0.00390625
1 0.04296875 0.7890625 0.04296875 0.79296875 0.041015625 0.794921875 0.041015625 0.798828125 0.037109375 0.802734375 0.0390625 0.80078125 0.04296875 0.8046875 0.044921875 0.8046875 0.04296875 0.8046875 0.041015625 0.802734375 0.044921875 0.798828125 0.044921875 0.794921875 0.04296875 0.79296875 0.04296875 0.791015625 0.044921875 0.7890625
1 0.857421875 0.626953125 0.85546875 0.62890625 0.853515625 0.62890625 0.85546875 0.62890625 0.857421875 0.630859375 0.857421875 0.634765625 0.86328125 0.634765625 0.86328125 0.630859375 0.865234375 0.62890625 0.86328125 0.630859375 0.861328125 0.62890625 0.859375 0.630859375 0.857421875 0.630859375 0.85546875 0.62890625
1 0.056640625 0.548828125 0.056640625 0.55078125 0.05859375 0.552734375 0.0546875 0.556640625 0.052734375 0.5546875 0.052734375 0.552734375 0.05078125 0.552734375 0.048828125 0.5546875 0.048828125 0.556640625 0.05078125 0.55859375 0.052734375 0.55859375 0.0546875 0.556640625 0.056640625 0.55859375 0.0546875 0.556640625 0.05859375 0.552734375 0.056640625 0.55078125
1 0.50390625 0.54296875 0.50390625 0.548828125 0.501953125 0.55078125 0.5 0.548828125 0.501953125 0.55078125 0.50390625 0.55078125 0.505859375 0.548828125 0.5078125 0.548828125 0.509765625 0.55078125 0.51171875 0.548828125 0.509765625 0.55078125 0.5078125 0.548828125 0.5078125 0.544921875 0.509765625 0.54296875 0.5078125 0.544921875 0.505859375 0.54296875
1 0.92578125 0.4453125 0.921875 0.44921875 0.919921875 0.44921875 0.91796875 0.451171875 0.919921875 0.453125 0.91796875 0.455078125 0.9140625 0.455078125 0.91796875 0.455078125 0.919921875 0.45703125 0.921875 0.45703125 0.923828125 0.458984375 0.921875 0.4609375 0.921875 0.462890625 0.919921875 0.46484375 0.921875 0.466796875 0.923828125 0.46484375 0.921875 0.462890625 0.921875 0.4609375 0.923828125 0.458984375 0.92578125 0.458984375 0.923828125 0.458984375 0.921875 0.45703125 0.92578125 0.453125 0.927734375 0.455078125 0.923828125 0.451171875 0.92578125 0.44921875 0.923828125 0.447265625 0.92578125 0.4453125 0.927734375 0.4453125
1 0.80859375 0.40625 0.80859375 0.408203125 0.806640625 0.41015625 0.8046875 0.41015625 0.806640625 0.41015625 0.80859375 0.412109375 0.806640625 0.4140625 0.8046875 0.4140625 0.80859375 0.4140625 0.80859375 0.412109375 0.810546875 0.41015625 0.8125 0.412109375 0.8125 0.408203125 0.810546875 0.40625
1 0.365234375 0.34375 0.36328125 0.345703125 0.36328125 0.34765625 0.365234375 0.349609375 0.365234375 0.3515625 0.3671875 0.3515625 0.369140625 0.353515625 0.37109375 0.3515625 0.373046875 0.353515625 0.3671875 0.34765625 0.3671875 0.345703125
1 0.14453125 0.203125 0.142578125 0.205078125 0.142578125 0.20703125 0.140625 0.208984375 0.142578125 0.2109375 0.142578125 0.212890625 0.14453125 0.21484375 0.146484375 0.21484375 0.1484375 0.212890625 0.150390625 0.212890625 0.146484375 0.208984375 0.1484375 0.20703125 0.1484375 0.205078125 0.1484375 0.20703125 0.14453125 0.2109375 0.142578125 0.2109375 0.140625 0.208984375 0.142578125 0.20703125 0.142578125 0.205078125
1 0.462890625 0.171875 0.458984375 0.17578125 0.4609375 0.177734375 0.458984375 0.1796875 0.45703125 0.1796875 0.458984375 0.1796875 0.4609375 0.181640625 0.458984375 0.18359375 0.45703125 0.18359375 0.45703125 0.185546875 0.4609375 0.181640625 0.46484375 0.185546875 0.462890625 0.18359375 0.46484375 0.181640625 0.466796875 0.181640625 0.46484375 0.1796875 0.466796875 0.177734375 0.46484375 0.17578125 0.46484375 0.173828125 0.466796875 0.171875 0.46484375 0.173828125
1 0.208984375 0.1171875 0.20703125 0.119140625 0.20703125 0.12109375 0.208984375 0.123046875 0.2109375 0.123046875 0.212890625 0.12109375 0.212890625 0.119140625 0.2109375 0.1171875
1 0.052734375 0.080078125 0.05078125 0.08203125 0.048828125 0.08203125 0.046875 0.083984375 0.048828125 0.0859375 0.048828125 0.087890625 0.048828125 0.0859375 0.05078125 0.083984375 0.0546875 0.087890625 0.0546875 0.08984375 0.0546875 0.087890625 0.052734375 0.0859375 0.0546875 0.083984375 0.052734375 0.08203125 0.0546875 0.080078125
1 0.8984375 0.03125 0.8984375 0.03515625 0.90234375 0.0390625 0.904296875 0.0390625 0.90234375 0.037109375 0.90234375 0.03125 0.900390625 0.033203125
1 0.890625 0.001953125 0.88671875 0.005859375 0.888671875 0.0078125 0.88671875 0.009765625 0.888671875 0.01171875 0.88671875 0.013671875 0.890625 0.009765625 0.890625 0.005859375 0.892578125 0.00390625 0.89453125 0.00390625 0.892578125 0.00390625
