0 0.546875 0.369140625 0.548828125 0.37109375 0.548828125 0.373046875 0.546875 0.375 0.548828125 0.376953125 0.552734375 0.376953125 0.5546875 0.37890625 0.552734375 0.376953125 0.552734375 0.373046875 0.55078125 0.373046875
0 0.0 0.330078125 0.0 0.333984375 0.001953125 0.3359375 0.0 0.337890625 0.001953125 0.33984375 0.001953125 0.341796875 0.001953125 0.33984375 0.0 0.337890625 0.001953125 0.3359375 0.00390625 0.3359375 0.005859375 0.333984375 0.0078125 0.3359375 0.005859375 0.333984375 0.005859375 0.33203125 0.00390625 0.330078125
0 0.87890625 0.189453125 0.876953125 0.19140625 0.876953125 0.193359375 0.875 0.1953125 0.87890625 0.19921875 0.88671875 0.19921875 0.888671875 0.201171875 0.884765625 0.197265625 0.884765625 0.1953125 0.880859375 0.1953125 0.876953125 0.19140625 0.87890625 0.189453125 0.880859375 0.189453125 0.8828125 0.19140625 0.884765625 0.189453125 0.88671875 0.19140625 0.88671875 0.189453125 0.884765625 0.189453125 0.8828125 0.19140625 0.880859375 0.189453125
0 0.728515625 0.177734375 0.7265625 0.1796875 0.724609375 0.1796875 0.724609375 0.181640625 0.720703125 0.185546875 0.72265625 0.18359375 0.724609375 0.18359375 0.7265625 0.185546875 0.728515625 0.185546875
0 0.189453125 0.125 0.189453125 0.12890625 0.19921875 0.12890625 0.201171875 0.130859375 0.201171875 0.1328125 0.201171875 0.130859375 0.19921875 0.12890625 0.201171875 0.126953125 0.19921875 0.12890625 0.197265625 0.12890625 0.193359375 0.125
0 0.2265625 0.078125 0.2265625 0.08203125 0.23046875 0.0859375 0.232421875 0.0859375 0.23046875 0.083984375 0.23046875 0.078125 0.228515625 0.080078125
0 0.9453125 0.07421875 0.939453125 0.080078125 0.943359375 0.076171875 0.9453125 0.078125 0.9453125 0.080078125 0.943359375 0.08203125 0.9453125 0.080078125 0.94921875 0.080078125 0.951171875 0.078125 0.94921875 0.078125 0.947265625 0.076171875 0.947265625 0.07421875
1 0.546875 0.369140625 0.548828125 0.37109375 0.548828125 0.373046875 0.546875 0.375 0.548828125 0.376953125 0.552734375 0.376953125 0.5546875 0.37890625 0.552734375 0.376953125 0.552734375 0.373046875 0.55078125 0.373046875
1 0.0 0.330078125 0.0 0.333984375 0.001953125 0.3359375 0.0 0.337890625 0.001953125 0.33984375 0.001953125 0.341796875 0.001953125 0.33984375 0.0 0.337890625 0.001953125 0.3359375 0.00390625 0.3359375 0.005859375 0.333984375 0.0078125 0.3359375 0.005859375 0.333984375 0.005859375 0.33203125 0.00390625 0.330078125
1 0.87890625 0.189453125 0.876953125 0.19140625 0.876953125 0.193359375 0.875 0.1953125 0.87890625 0.19921875 0.88671875 0.19921875 0.888671875 0.201171875 0.884765625 0.197265625 0.884765625 0.1953125 0.880859375 0.1953125 0.876953125 0.19140625 0.87890625 0.189453125 0.880859375 0.189453125 0.8828125 0.19140625 0.884765625 0.189453125 0.88671875 0.19140625 0.88671875 0.189453125 0.884765625 0.189453125 0.8828125 0.19140625 0.880859375 0.189453125
1 0.728515625 0.177734375 0.7265625 0.1796875 0.724609375 0.1796875 0.724609375 0.181640625 0.720703125 0.185546875 0.72265625 0.18359375 0.724609375 0.18359375 0.7265625 0.185546875 0.728515625 0.185546875
1 0.189453125 0.125 0.189453125 0.12890625 0.19921875 0.12890625 0.201171875 0.130859375 0.201171875 0.1328125 0.201171875 0.130859375 0.19921875 0.12890625 0.201171875 0.126953125 0.19921875 0.12890625 0.197265625 0.12890625 0.193359375 0.125
1 0.2265625 0.078125 0.2265625 0.08203125 0.23046875 0.0859375 0.232421875 0.0859375 0.23046875 0.083984375 0.23046875 0.078125 0.228515625 0.080078125
1 0.9453125 0.07421875 0.939453125 0.080078125 0.943359375 0.076171875 0.9453125 0.078125 0.9453125 0.080078125 0.943359375 0.08203125 0.9453125 0.080078125 0.94921875 0.080078125 0.951171875 0.078125 0.94921875 0.078125 0.947265625 0.076171875 0.947265625 0.07421875
