0 0.052734375 0.5234375 0.048828125 0.52734375 0.05078125 0.525390625 0.0546875 0.529296875 0.052734375 0.52734375 0.0546875 0.525390625 0.056640625 0.525390625 0.060546875 0.529296875 0.0625 0.529296875 0.0625 0.5234375 0.05859375 0.52734375 0.056640625 0.525390625 0.0546875 0.525390625
0 0.216796875 0.408203125 0.21484375 0.41015625 0.216796875 0.412109375 0.21484375 0.4140625 0.21484375 0.416015625 0.220703125 0.416015625 0.220703125 0.4140625 0.21875 0.412109375 0.220703125 0.41015625 0.21875 0.408203125
0 0.7890625 0.30859375 0.787109375 0.310546875 0.787109375 0.314453125 0.791015625 0.318359375 0.7890625 0.3203125 0.787109375 0.3203125 0.7890625 0.3203125 0.791015625 0.318359375 0.7890625 0.31640625 0.79296875 0.3125 0.791015625 0.310546875 0.791015625 0.30859375
0 0.322265625 0.267578125 0.3203125 0.26953125 0.3203125 0.271484375 0.318359375 0.2734375 0.3203125 0.271484375 0.322265625 0.2734375 0.32421875 0.2734375 0.326171875 0.275390625 0.32421875 0.27734375 0.32421875 0.279296875 0.32421875 0.27734375 0.326171875 0.275390625 0.328125 0.275390625 0.326171875 0.275390625 0.32421875 0.2734375 0.326171875 0.271484375 0.328125 0.271484375 0.328125 0.267578125
0 0.1484375 0.224609375 0.146484375 0.2265625 0.1484375 0.228515625 0.1484375 0.23046875 0.150390625 0.232421875 0.154296875 0.232421875 0.154296875 0.23046875 0.15234375 0.228515625 0.15234375 0.2265625 0.154296875 0.224609375 0.150390625 0.228515625 0.1484375 0.228515625 0.146484375 0.2265625
0 0.234375 0.080078125 0.234375 0.0859375 0.236328125 0.0859375 0.23828125 0.087890625 0.236328125 0.08984375 0.240234375 0.0859375 0.2421875 0.087890625 0.244140625 0.0859375 0.2421875 0.087890625 0.23828125 0.083984375 0.23828125 0.08203125 0.236328125 0.08203125
0 0.64453125 0.046875 0.6484375 0.05078125 0.646484375 0.052734375 0.64453125 0.052734375 0.646484375 0.052734375 0.6484375 0.0546875 0.650390625 0.052734375 0.65234375 0.0546875 0.654296875 0.052734375 0.65234375 0.05078125 0.65234375 0.048828125 0.650390625 0.048828125 0.6484375 0.046875 0.646484375 0.048828125
0 0.8828125 0.015625 0.880859375 0.017578125 0.87890625 0.017578125 0.880859375 0.017578125 0.8828125 0.01953125 0.8828125 0.021484375 0.880859375 0.0234375 0.87890625 0.021484375 0.876953125 0.021484375 0.87890625 0.021484375 0.880859375 0.0234375 0.87890625 0.025390625 0.876953125 0.025390625 0.876953125 0.03515625 0.87890625 0.03515625 0.880859375 0.037109375 0.87890625 0.0390625 0.876953125 0.0390625 0.87890625 0.0390625 0.880859375 0.037109375 0.8828125 0.0390625 0.8828125 0.041015625 0.880859375 0.04296875 0.87890625 0.04296875 0.880859375 0.04296875 0.8828125 0.044921875 0.880859375 0.04296875 0.8828125 0.041015625 0.8828125 0.0390625 0.87890625 0.03515625 0.87890625 0.033203125 0.880859375 0.03125 0.880859375 0.029296875 0.87890625 0.02734375 0.87890625 0.025390625 0.8828125 0.021484375 0.8828125 0.01953125 0.880859375 0.017578125
0 0.177734375 0.005859375 0.17578125 0.0078125 0.171875 0.0078125 0.171875 0.009765625 0.173828125 0.01171875 0.17578125 0.01171875 0.177734375 0.013671875 0.1796875 0.01171875 0.177734375 0.009765625 0.1796875 0.0078125
1 0.052734375 0.5234375 0.048828125 0.52734375 0.05078125 0.525390625 0.0546875 0.529296875 0.052734375 0.52734375 0.0546875 0.525390625 0.056640625 0.525390625 0.060546875 0.529296875 0.0625 0.529296875 0.0625 0.5234375 0.05859375 0.52734375 0.056640625 0.525390625 0.0546875 0.525390625
1 0.216796875 0.408203125 0.21484375 0.41015625 0.216796875 0.412109375 0.21484375 0.4140625 0.21484375 0.416015625 0.220703125 0.416015625 0.220703125 0.4140625 0.21875 0.412109375 0.220703125 0.41015625 0.21875 0.408203125
1 0.7890625 0.30859375 0.787109375 0.310546875 0.787109375 0.314453125 0.791015625 0.318359375 0.7890625 0.3203125 0.787109375 0.3203125 0.7890625 0.3203125 0.791015625 0.318359375 0.7890625 0.31640625 0.79296875 0.3125 0.791015625 0.310546875 0.791015625 0.30859375
1 0.322265625 0.267578125 0.3203125 0.26953125 0.3203125 0.271484375 0.318359375 0.2734375 0.3203125 0.271484375 0.322265625 0.2734375 0.32421875 0.2734375 0.326171875 0.275390625 0.32421875 0.27734375 0.32421875 0.279296875 0.32421875 0.27734375 0.326171875 0.275390625 0.328125 0.275390625 0.326171875 0.275390625 0.32421875 0.2734375 0.326171875 0.271484375 0.328125 0.271484375 0.328125 0.267578125
1 0.1484375 0.224609375 0.146484375 0.2265625 0.1484375 0.228515625 0.1484375 0.23046875 0.150390625 0.232421875 0.154296875 0.232421875 0.154296875 0.23046875 0.15234375 0.228515625 0.15234375 0.2265625 0.154296875 0.224609375 0.150390625 0.228515625 0.1484375 0.228515625 0.146484375 0.2265625
1 0.234375 0.080078125 0.234375 0.0859375 0.236328125 0.0859375 0.23828125 0.087890625 0.236328125 0.08984375 0.240234375 0.0859375 0.2421875 0.087890625 0.244140625 0.0859375 0.2421875 0.087890625 0.23828125 0.083984375 0.23828125 0.08203125 0.236328125 0.08203125
1 0.64453125 0.046875 0.6484375 0.05078125 0.646484375 0.052734375 0.64453125 0.052734375 0.646484375 0.052734375 0.6484375 0.0546875 0.650390625 0.052734375 0.65234375 0.0546875 0.654296875 0.052734375 0.65234375 0.05078125 0.65234375 0.048828125 0.650390625 0.048828125 0.6484375 0.046875 0.646484375 0.048828125
1 0.8828125 0.015625 0.880859375 0.017578125 0.87890625 0.017578125 0.880859375 0.017578125 0.8828125 0.01953125 0.8828125 0.021484375 0.880859375 0.0234375 0.87890625 0.021484375 0.876953125 0.021484375 0.87890625 0.021484375 0.880859375 0.0234375 0.87890625 0.025390625 0.876953125 0.025390625 0.876953125 0.03515625 0.87890625 0.03515625 0.880859375 0.037109375 0.87890625 0.0390625 0.876953125 0.0390625 0.87890625 0.0390625 0.880859375 0.037109375 0.8828125 0.0390625 0.8828125 0.041015625 0.880859375 0.04296875 0.87890625 0.04296875 0.880859375 0.04296875 0.8828125 0.044921875 0.880859375 0.04296875 0.8828125 0.041015625 0.8828125 0.0390625 0.87890625 0.03515625 0.87890625 0.033203125 0.880859375 0.03125 0.880859375 0.029296875 0.87890625 0.02734375 0.87890625 0.025390625 0.8828125 0.021484375 0.8828125 0.01953125 0.880859375 0.017578125
1 0.177734375 0.005859375 0.17578125 0.0078125 0.171875 0.0078125 0.171875 0.009765625 0.173828125 0.01171875 0.17578125 0.01171875 0.177734375 0.013671875 0.1796875 0.01171875 0.177734375 0.009765625 0.1796875 0.0078125
