0 0.515625 0.740234375 0.517578125 0.7421875 0.517578125 0.748046875 0.51953125 0.74609375 0.521484375 0.748046875 0.521484375 0.744140625 0.517578125 0.740234375
0 0.92578125 0.6640625 0.921875 0.66796875 0.919921875 0.666015625 0.91796875 0.66796875 0.9140625 0.66796875 0.91796875 0.66796875 0.919921875 0.669921875 0.919921875 0.671875 0.91796875 0.673828125 0.9140625 0.673828125 0.91796875 0.673828125 0.921875 0.677734375 0.919921875 0.67578125 0.921875 0.673828125 0.923828125 0.673828125 0.927734375 0.677734375 0.931640625 0.677734375 0.93359375 0.67578125 0.935546875 0.677734375 0.935546875 0.6796875 0.935546875 0.677734375 0.93359375 0.67578125 0.93359375 0.673828125 0.93359375 0.67578125 0.931640625 0.677734375 0.927734375 0.677734375 0.92578125 0.67578125 0.93359375 0.66796875 0.931640625 0.666015625 0.93359375 0.66796875 0.9296875 0.671875 0.927734375 0.669921875 0.927734375 0.66796875 0.92578125 0.666015625 0.927734375 0.6640625
0 0.783203125 0.4375 0.78125 0.439453125 0.783203125 0.44140625 0.78125 0.443359375 0.783203125 0.44140625 0.78515625 0.44140625 0.787109375 0.443359375 0.7890625 0.443359375 0.791015625 0.4453125 0.791015625 0.443359375 0.794921875 0.439453125 0.79296875 0.4375 0.791015625 0.439453125 0.78515625 0.439453125
0 0.833984375 0.2578125 0.830078125 0.26171875 0.83203125 0.259765625 0.8359375 0.263671875 0.833984375 0.26171875 0.8359375 0.259765625 0.837890625 0.259765625 0.841796875 0.263671875 0.84375 0.263671875 0.845703125 0.26171875 0.849609375 0.26171875 0.845703125 0.26171875 0.84375 0.259765625 0.841796875 0.259765625 0.83984375 0.26171875 0.837890625 0.259765625 0.8359375 0.259765625
0 0.26953125 0.21484375 0.267578125 0.216796875 0.265625 0.216796875 0.265625 0.22265625 0.267578125 0.22265625 0.26953125 0.220703125 0.2734375 0.224609375 0.271484375 0.2265625 0.2734375 0.224609375 0.26953125 0.220703125 0.271484375 0.21875 0.271484375 0.216796875
0 0.57421875 0.1953125 0.576171875 0.197265625 0.57421875 0.19921875 0.572265625 0.19921875 0.5703125 0.197265625 0.564453125 0.197265625 0.564453125 0.205078125 0.5625 0.20703125 0.56640625 0.203125 0.568359375 0.203125 0.572265625 0.20703125 0.5703125 0.205078125 0.572265625 0.203125 0.5703125 0.201171875 0.572265625 0.19921875 0.57421875 0.19921875 0.576171875 0.201171875 0.57421875 0.19921875 0.576171875 0.197265625
0 0.830078125 0.177734375 0.83203125 0.1796875 0.830078125 0.181640625 0.830078125 0.18359375 0.828125 0.185546875 0.830078125 0.18359375 0.83203125 0.185546875 0.833984375 0.185546875 0.8359375 0.18359375 0.83984375 0.18359375 0.8359375 0.18359375
1 0.515625 0.740234375 0.517578125 0.7421875 0.517578125 0.748046875 0.51953125 0.74609375 0.521484375 0.748046875 0.521484375 0.744140625 0.517578125 0.740234375
1 0.92578125 0.6640625 0.921875 0.66796875 0.919921875 0.666015625 0.91796875 0.66796875 0.9140625 0.66796875 0.91796875 0.66796875 0.919921875 0.669921875 0.919921875 0.671875 0.91796875 0.673828125 0.9140625 0.673828125 0.91796875 0.673828125 0.921875 0.677734375 0.919921875 0.67578125 0.921875 0.673828125 0.923828125 0.673828125 0.927734375 0.677734375 0.931640625 0.677734375 0.93359375 0.67578125 0.935546875 0.677734375 0.935546875 0.6796875 0.935546875 0.677734375 0.93359375 0.67578125 0.93359375 0.673828125 0.93359375 0.67578125 0.931640625 0.677734375 0.927734375 0.677734375 0.92578125 0.67578125 0.93359375 0.66796875 0.931640625 0.666015625 0.93359375 0.66796875 0.9296875 0.671875 0.927734375 0.669921875 0.927734375 0.66796875 0.92578125 0.666015625 0.927734375 0.6640625
1 0.783203125 0.4375 0.78125 0.439453125 0.783203125 0.44140625 0.78125 0.443359375 0.783203125 0.44140625 0.78515625 0.44140625 0.787109375 0.443359375 0.7890625 0.443359375 0.791015625 0.4453125 0.791015625 0.443359375 0.794921875 0.439453125 0.79296875 0.4375 0.791015625 0.439453125 0.78515625 0.439453125
1 0.833984375 0.2578125 0.830078125 0.26171875 0.83203125 0.259765625 0.8359375 0.263671875 0.833984375 0.26171875 0.8359375 0.259765625 0.837890625 0.259765625 0.841796875 0.263671875 0.84375 0.263671875 0.845703125 0.26171875 0.849609375 0.26171875 0.845703125 0.26171875 0.84375 0.259765625 0.841796875 0.259765625 0.83984375 0.26171875 0.837890625 0.259765625 0.8359375 0.259765625
1 0.26953125 0.21484375 0.267578125 0.216796875 0.265625 0.216796875 0.265625 0.22265625 0.267578125 0.22265625 0.26953125 0.220703125 0.2734375 0.224609375 0.271484375 0.2265625 0.2734375 0.224609375 0.26953125 0.220703125 0.271484375 0.21875 0.271484375 0.216796875
1 0.57421875 0.1953125 0.576171875 0.197265625 0.57421875 0.19921875 0.572265625 0.19921875 0.5703125 0.197265625 0.564453125 0.197265625 0.564453125 0.205078125 0.5625 0.20703125 0.56640625 0.203125 0.568359375 0.203125 0.572265625 0.20703125 0.5703125 0.205078125 0.572265625 0.203125 0.5703125 0.201171875 0.572265625 0.19921875 0.57421875 0.19921875 0.576171875 0.201171875 0.57421875 0.19921875 0.576171875 0.197265625
1 0.830078125 0.177734375 0.83203125 0.1796875 0.830078125 0.181640625 0.830078125 0.18359375 0.828125 0.185546875 0.830078125 0.18359375 0.83203125 0.185546875 0.833984375 0.185546875 0.8359375 0.18359375 0.83984375 0.18359375 0.8359375 0.18359375
