0 0.046875 0.3984375 0.048828125 0.400390625 0.048828125 0.40234375 0.046875 0.404296875 0.046875 0.40625 0.048828125 0.408203125 0.048828125 0.41015625 0.046875 0.412109375 0.048828125 0.412109375 0.048828125 0.408203125 0.05078125 0.40625 0.05078125 0.400390625 0.048828125 0.400390625
0 0.15625 0.359375 0.154296875 0.361328125 0.154296875 0.365234375 0.15625 0.36328125 0.158203125 0.365234375 0.158203125 0.3671875 0.162109375 0.3671875 0.16015625 0.3671875 0.158203125 0.365234375 0.16015625 0.36328125 0.162109375 0.36328125 0.16015625 0.36328125 0.158203125 0.361328125 0.158203125 0.359375
0 0.416015625 0.345703125 0.416015625 0.34765625 0.4140625 0.349609375 0.416015625 0.349609375 0.41796875 0.3515625 0.416015625 0.353515625 0.41796875 0.35546875 0.416015625 0.357421875 0.419921875 0.353515625 0.419921875 0.34765625 0.41796875 0.34765625
0 0.814453125 0.193359375 0.814453125 0.1953125 0.8125 0.197265625 0.810546875 0.1953125 0.810546875 0.19921875 0.8125 0.201171875 0.814453125 0.201171875 0.814453125 0.19921875 0.81640625 0.197265625 0.818359375 0.197265625 0.81640625 0.197265625 0.814453125 0.1953125 0.81640625 0.193359375 0.818359375 0.193359375
0 0.908203125 0.125 0.91015625 0.126953125 0.91015625 0.12890625 0.912109375 0.130859375 0.91015625 0.1328125 0.91015625 0.134765625 0.91015625 0.1328125 0.912109375 0.130859375 0.9140625 0.130859375 0.916015625 0.1328125 0.9140625 0.134765625 0.916015625 0.1328125 0.91796875 0.134765625 0.91796875 0.138671875 0.91796875 0.134765625 0.9140625 0.130859375 0.916015625 0.12890625 0.9140625 0.126953125 0.9140625 0.125 0.912109375 0.125 0.91015625 0.126953125
0 0.8203125 0.078125 0.8125 0.0859375 0.814453125 0.083984375 0.818359375 0.087890625 0.818359375 0.083984375 0.8203125 0.08203125 0.822265625 0.083984375 0.822265625 0.0859375 0.822265625 0.083984375 0.82421875 0.08203125 0.826171875 0.083984375 0.82421875 0.08203125 0.826171875 0.080078125 0.82421875 0.080078125 0.82421875 0.08203125 0.822265625 0.083984375 0.818359375 0.080078125
1 0.046875 0.3984375 0.048828125 0.400390625 0.048828125 0.40234375 0.046875 0.404296875 0.046875 0.40625 0.048828125 0.408203125 0.048828125 0.41015625 0.046875 0.412109375 0.048828125 0.412109375 0.048828125 0.408203125 0.05078125 0.40625 0.05078125 0.400390625 0.048828125 0.400390625
1 0.15625 0.359375 0.154296875 0.361328125 0.154296875 0.365234375 0.15625 0.36328125 0.158203125 0.365234375 0.158203125 0.3671875 0.162109375 0.3671875 0.16015625 0.3671875 0.158203125 0.365234375 0.16015625 0.36328125 0.162109375 0.36328125 0.16015625 0.36328125 0.158203125 0.361328125 0.158203125 0.359375
1 0.416015625 0.345703125 0.416015625 0.34765625 0.4140625 0.349609375 0.416015625 0.349609375 0.41796875 0.3515625 0.416015625 0.353515625 0.41796875 0.35546875 0.416015625 0.357421875 0.419921875 0.353515625 0.419921875 0.34765625 0.41796875 0.34765625
1 0.814453125 0.193359375 0.814453125 0.1953125 0.8125 0.197265625 0.810546875 0.1953125 0.810546875 0.19921875 0.8125 0.201171875 0.814453125 0.201171875 0.814453125 0.19921875 0.81640625 0.197265625 0.818359375 0.197265625 0.81640625 0.197265625 0.814453125 0.1953125 0.81640625 0.193359375 0.818359375 0.193359375
1 0.908203125 0.125 0.91015625 0.126953125 0.91015625 0.12890625 0.912109375 0.130859375 0.91015625 0.1328125 0.91015625 0.134765625 0.91015625 0.1328125 0.912109375 0.130859375 0.9140625 0.130859375 0.916015625 0.1328125 0.9140625 0.134765625 0.916015625 0.1328125 0.91796875 0.134765625 0.91796875 0.138671875 0.91796875 0.134765625 0.9140625 0.130859375 0.916015625 0.12890625 0.9140625 0.126953125 0.9140625 0.125 0.912109375 0.125 0.91015625 0.126953125
1 0.8203125 0.078125 0.8125 0.0859375 0.814453125 0.083984375 0.818359375 0.087890625 0.818359375 0.083984375 0.8203125 0.08203125 0.822265625 0.083984375 0.822265625 0.0859375 0.822265625 0.083984375 0.82421875 0.08203125 0.826171875 0.083984375 0.82421875 0.08203125 0.826171875 0.080078125 0.82421875 0.080078125 0.82421875 0.08203125 0.822265625 0.083984375 0.818359375 0.080078125
