0 0.0 0.796875 0.0 0.80078125 0.001953125 0.802734375 0.00390625 0.80078125 0.005859375 0.802734375 0.0078125 0.802734375 0.005859375 0.802734375 0.00390625 0.80078125 0.005859375 0.798828125 0.0078125 0.798828125 0.005859375 0.798828125 0.00390625 0.796875
0 0.646484375 0.333984375 0.64453125 0.3359375 0.6328125 0.3359375 0.63671875 0.3359375 0.638671875 0.337890625 0.63671875 0.33984375 0.642578125 0.33984375 0.64453125 0.341796875 0.646484375 0.33984375 0.6484375 0.341796875 0.646484375 0.33984375 0.64453125 0.341796875 0.642578125 0.33984375 0.642578125 0.337890625
0 0.7578125 0.287109375 0.751953125 0.29296875 0.75390625 0.294921875 0.755859375 0.29296875 0.7578125 0.29296875 0.759765625 0.294921875 0.759765625 0.29296875 0.76171875 0.291015625 0.763671875 0.291015625 0.76171875 0.291015625
0 0.830078125 0.28515625 0.828125 0.287109375 0.830078125 0.28515625 0.83203125 0.287109375 0.83203125 0.2890625 0.833984375 0.291015625 0.8359375 0.2890625 0.8359375 0.28515625
0 0.34765625 0.255859375 0.34765625 0.263671875 0.349609375 0.263671875 0.3515625 0.26171875 0.353515625 0.26171875 0.35546875 0.263671875 0.3515625 0.259765625 0.3515625 0.2578125 0.349609375 0.2578125
0 0.20703125 0.185546875 0.20703125 0.1875 0.208984375 0.189453125 0.212890625 0.189453125 0.21484375 0.1875 0.212890625 0.1875 0.2109375 0.185546875
0 0.73046875 0.126953125 0.73046875 0.12890625 0.728515625 0.130859375 0.724609375 0.130859375 0.724609375 0.1328125 0.7265625 0.134765625 0.7265625 0.13671875 0.728515625 0.134765625 0.73046875 0.134765625 0.732421875 0.13671875 0.73046875 0.134765625 0.73046875 0.1328125 0.728515625 0.130859375 0.73046875 0.12890625
0 0.30078125 0.1015625 0.296875 0.10546875 0.294921875 0.10546875 0.29296875 0.107421875 0.29296875 0.109375 0.294921875 0.111328125 0.296875 0.111328125 0.298828125 0.109375 0.298828125 0.107421875 0.30078125 0.10546875 0.298828125 0.103515625 0.30078125 0.1015625 0.302734375 0.1015625
0 0.580078125 0.08203125 0.58203125 0.083984375 0.578125 0.087890625 0.580078125 0.0859375 0.58203125 0.087890625 0.583984375 0.087890625 0.5859375 0.0859375 0.5859375 0.083984375 0.583984375 0.08203125 0.58203125 0.083984375
0 0.576171875 0.00390625 0.576171875 0.0078125 0.57421875 0.009765625 0.572265625 0.009765625 0.57421875 0.009765625 0.576171875 0.01171875 0.578125 0.01171875 0.580078125 0.009765625 0.578125 0.0078125 0.580078125 0.005859375 0.580078125 0.00390625
1 0.0 0.796875 0.0 0.80078125 0.001953125 0.802734375 0.00390625 0.80078125 0.005859375 0.802734375 0.0078125 0.802734375 0.005859375 0.802734375 0.00390625 0.80078125 0.005859375 0.798828125 0.0078125 0.798828125 0.005859375 0.798828125 0.00390625 0.796875
1 0.646484375 0.333984375 0.64453125 0.3359375 0.6328125 0.3359375 0.63671875 0.3359375 0.638671875 0.337890625 0.63671875 0.33984375 0.642578125 0.33984375 0.64453125 0.341796875 0.646484375 0.33984375 0.6484375 0.341796875 0.646484375 0.33984375 0.64453125 0.341796875 0.642578125 0.33984375 0.642578125 0.337890625
1 0.7578125 0.287109375 0.751953125 0.29296875 0.75390625 0.294921875 0.755859375 0.29296875 0.7578125 0.29296875 0.759765625 0.294921875 0.759765625 0.29296875 0.76171875 0.291015625 0.763671875 0.291015625 0.76171875 0.291015625
1 0.830078125 0.28515625 0.828125 0.287109375 0.830078125 0.28515625 0.83203125 0.287109375 0.83203125 0.2890625 0.833984375 0.291015625 0.8359375 0.2890625 0.8359375 0.28515625
1 0.34765625 0.255859375 0.34765625 0.263671875 0.349609375 0.263671875 0.3515625 0.26171875 0.353515625 0.26171875 0.35546875 0.263671875 0.3515625 0.259765625 0.3515625 0.2578125 0.349609375 0.2578125
1 0.20703125 0.185546875 0.20703125 0.1875 0.208984375 0.189453125 0.212890625 0.189453125 0.21484375 0.1875 0.212890625 0.1875 0.2109375 0.185546875
1 0.73046875 0.126953125 0.73046875 0.12890625 0.728515625 0.130859375 0.724609375 0.130859375 0.724609375 0.1328125 0.7265625 0.134765625 0.7265625 0.13671875 0.728515625 0.134765625 0.73046875 0.134765625 0.732421875 0.13671875 0.73046875 0.134765625 0.73046875 0.1328125 0.728515625 0.130859375 0.73046875 0.12890625
1 0.30078125 0.1015625 0.296875 0.10546875 0.294921875 0.10546875 0.29296875 0.107421875 0.29296875 0.109375 0.294921875 0.111328125 0.296875 0.111328125 0.298828125 0.109375 0.298828125 0.107421875 0.30078125 0.10546875 0.298828125 0.103515625 0.30078125 0.1015625 0.302734375 0.1015625
1 0.580078125 0.08203125 0.58203125 0.083984375 0.578125 0.087890625 0.580078125 0.0859375 0.58203125 0.087890625 0.583984375 0.087890625 0.5859375 0.0859375 0.5859375 0.083984375 0.583984375 0.08203125 0.58203125 0.083984375
1 0.576171875 0.00390625 0.576171875 0.0078125 0.57421875 0.009765625 0.572265625 0.009765625 0.57421875 0.009765625 0.576171875 0.01171875 0.578125 0.01171875 0.580078125 0.009765625 0.578125 0.0078125 0.580078125 0.005859375 0.580078125 0.00390625
