0 0.75 0.23828125 0.748046875 0.240234375 0.748046875 0.2421875 0.74609375 0.244140625 0.748046875 0.244140625 0.75 0.24609375 0.751953125 0.244140625 0.75390625 0.244140625 0.75 0.240234375
0 0.876953125 0.130859375 0.87890625 0.1328125 0.876953125 0.134765625 0.87890625 0.13671875 0.876953125 0.138671875 0.87890625 0.13671875 0.880859375 0.138671875 0.8828125 0.13671875 0.884765625 0.13671875 0.88671875 0.138671875 0.884765625 0.13671875 0.884765625 0.134765625 0.8828125 0.1328125 0.87890625 0.1328125
0 0.490234375 0.0859375 0.4921875 0.087890625 0.4921875 0.091796875 0.490234375 0.09375 0.4921875 0.095703125 0.494140625 0.095703125 0.494140625 0.09375 0.498046875 0.08984375 0.494140625 0.08984375
0 0.865234375 0.033203125 0.8671875 0.03515625 0.865234375 0.037109375 0.8671875 0.0390625 0.865234375 0.041015625 0.865234375 0.04296875 0.865234375 0.041015625 0.869140625 0.037109375 0.87109375 0.0390625 0.87109375 0.041015625 0.87109375 0.0390625 0.873046875 0.037109375 0.87109375 0.03515625 0.869140625 0.03515625 0.8671875 0.033203125
0 0.158203125 0.0234375 0.15625 0.025390625 0.158203125 0.0234375 0.16015625 0.025390625 0.16015625 0.03125 0.166015625 0.03125 0.169921875 0.02734375 0.16796875 0.02734375 0.1640625 0.0234375 0.162109375 0.025390625 0.16015625 0.025390625
1 0.75 0.23828125 0.748046875 0.240234375 0.748046875 0.2421875 0.74609375 0.244140625 0.748046875 0.244140625 0.75 0.24609375 0.751953125 0.244140625 0.75390625 0.244140625 0.75 0.240234375
1 0.876953125 0.130859375 0.87890625 0.1328125 0.876953125 0.134765625 0.87890625 0.13671875 0.876953125 0.138671875 0.87890625 0.13671875 0.880859375 0.138671875 0.8828125 0.13671875 0.884765625 0.13671875 0.88671875 0.138671875 0.884765625 0.13671875 0.884765625 0.134765625 0.8828125 0.1328125 0.87890625 0.1328125
1 0.490234375 0.0859375 0.4921875 0.087890625 0.4921875 0.091796875 0.490234375 0.09375 0.4921875 0.095703125 0.494140625 0.095703125 0.494140625 0.09375 0.498046875 0.08984375 0.494140625 0.08984375
1 0.865234375 0.033203125 0.8671875 0.03515625 0.865234375 0.037109375 0.8671875 0.0390625 0.865234375 0.041015625 0.865234375 0.04296875 0.865234375 0.041015625 0.869140625 0.037109375 0.87109375 0.0390625 0.87109375 0.041015625 0.87109375 0.0390625 0.873046875 0.037109375 0.87109375 0.03515625 0.869140625 0.03515625 0.8671875 0.033203125
1 0.158203125 0.0234375 0.15625 0.025390625 0.158203125 0.0234375 0.16015625 0.025390625 0.16015625 0.03125 0.166015625 0.03125 0.169921875 0.02734375 0.16796875 0.02734375 0.1640625 0.0234375 0.162109375 0.025390625 0.16015625 0.025390625
