0 0.138671875 0.40625 0.13671875 0.408203125 0.138671875 0.41015625 0.138671875 0.412109375 0.13671875 0.4140625 0.134765625 0.4140625 0.13671875 0.4140625 0.138671875 0.416015625 0.134765625 0.419921875 0.1328125 0.41796875 0.134765625 0.419921875 0.1328125 0.421875 0.1328125 0.423828125 0.134765625 0.42578125 0.1328125 0.423828125 0.1328125 0.421875 0.134765625 0.419921875 0.138671875 0.423828125 0.140625 0.423828125 0.142578125 0.421875 0.140625 0.419921875 0.142578125 0.41796875 0.146484375 0.41796875 0.142578125 0.41796875 0.140625 0.416015625 0.138671875 0.416015625 0.13671875 0.4140625 0.138671875 0.412109375 0.138671875 0.41015625 0.140625 0.408203125
0 0.486328125 0.271484375 0.486328125 0.2734375 0.484375 0.275390625 0.482421875 0.275390625 0.48046875 0.2734375 0.478515625 0.275390625 0.4765625 0.2734375 0.474609375 0.2734375 0.4765625 0.2734375 0.478515625 0.275390625 0.4765625 0.27734375 0.474609375 0.27734375 0.4765625 0.27734375 0.478515625 0.279296875 0.4765625 0.28125 0.478515625 0.283203125 0.48046875 0.28125 0.482421875 0.28125 0.484375 0.283203125 0.486328125 0.28125 0.486328125 0.27734375 0.48828125 0.275390625 0.490234375 0.275390625 0.48828125 0.275390625 0.486328125 0.2734375 0.48828125 0.271484375 0.490234375 0.271484375
0 0.6171875 0.26953125 0.615234375 0.271484375 0.61328125 0.271484375 0.615234375 0.271484375 0.6171875 0.2734375 0.6171875 0.275390625 0.615234375 0.27734375 0.62109375 0.27734375 0.62109375 0.275390625 0.619140625 0.2734375 0.62109375 0.271484375 0.619140625 0.26953125
0 0.26953125 0.146484375 0.265625 0.150390625 0.267578125 0.1484375 0.26953125 0.150390625 0.26953125 0.15234375 0.271484375 0.15234375 0.2734375 0.154296875 0.275390625 0.15234375 0.275390625 0.150390625 0.27734375 0.1484375 0.275390625 0.146484375 0.2734375 0.1484375 0.271484375 0.1484375
0 0.00390625 0.05859375 0.001953125 0.060546875 0.001953125 0.0625 0.0 0.064453125 0.00390625 0.064453125 0.0078125 0.068359375 0.005859375 0.06640625 0.005859375 0.060546875 0.0078125 0.05859375 0.009765625 0.05859375 0.0078125 0.05859375 0.005859375 0.060546875
1 0.138671875 0.40625 0.13671875 0.408203125 0.138671875 0.41015625 0.138671875 0.412109375 0.13671875 0.4140625 0.134765625 0.4140625 0.13671875 0.4140625 0.138671875 0.416015625 0.134765625 0.419921875 0.1328125 0.41796875 0.134765625 0.419921875 0.1328125 0.421875 0.1328125 0.423828125 0.134765625 0.42578125 0.1328125 0.423828125 0.1328125 0.421875 0.134765625 0.419921875 0.138671875 0.423828125 0.140625 0.423828125 0.142578125 0.421875 0.140625 0.419921875 0.142578125 0.41796875 0.146484375 0.41796875 0.142578125 0.41796875 0.140625 0.416015625 0.138671875 0.416015625 0.13671875 0.4140625 0.138671875 0.412109375 0.138671875 0.41015625 0.140625 0.408203125
1 0.486328125 0.271484375 0.486328125 0.2734375 0.484375 0.275390625 0.482421875 0.275390625 0.48046875 0.2734375 0.478515625 0.275390625 0.4765625 0.2734375 0.474609375 0.2734375 0.4765625 0.2734375 0.478515625 0.275390625 0.4765625 0.27734375 0.474609375 0.27734375 0.4765625 0.27734375 0.478515625 0.279296875 0.4765625 0.28125 0.478515625 0.283203125 0.48046875 0.28125 0.482421875 0.28125 0.484375 0.283203125 0.486328125 0.28125 0.486328125 0.27734375 0.48828125 0.275390625 0.490234375 0.275390625 0.48828125 0.275390625 0.486328125 0.2734375 0.48828125 0.271484375 0.490234375 0.271484375
1 0.6171875 0.26953125 0.615234375 0.271484375 0.61328125 0.271484375 0.615234375 0.271484375 0.6171875 0.2734375 0.6171875 0.275390625 0.615234375 0.27734375 0.62109375 0.27734375 0.62109375 0.275390625 0.619140625 0.2734375 0.62109375 0.271484375 0.619140625 0.26953125
1 0.26953125 0.146484375 0.265625 0.150390625 0.267578125 0.1484375 0.26953125 0.150390625 0.26953125 0.15234375 0.271484375 0.15234375 0.2734375 0.154296875 0.275390625 0.15234375 0.275390625 0.150390625 0.27734375 0.1484375 0.275390625 0.146484375 0.2734375 0.1484375 0.271484375 0.1484375
1 0.00390625 0.05859375 0.001953125 0.060546875 0.001953125 0.0625 0.0 0.064453125 0.00390625 0.064453125 0.0078125 0.068359375 0.005859375 0.06640625 0.005859375 0.060546875 0.0078125 0.05859375 0.009765625 0.05859375 0.0078125 0.05859375 0.005859375 0.060546875
