0 0.03125 0.455078125 0.03515625 0.458984375 0.03125 0.462890625 0.033203125 0.4609375 0.03515625 0.462890625 0.037109375 0.4609375 0.0390625 0.462890625 0.0390625 0.46484375 0.041015625 0.466796875 0.044921875 0.462890625 0.04296875 0.4609375 0.044921875 0.458984375 0.0390625 0.458984375 0.037109375 0.4609375
0 0.306640625 0.318359375 0.3046875 0.3203125 0.302734375 0.3203125 0.30078125 0.322265625 0.298828125 0.322265625 0.296875 0.3203125 0.298828125 0.322265625 0.296875 0.32421875 0.298828125 0.326171875 0.30078125 0.32421875 0.306640625 0.32421875 0.30859375 0.326171875 0.310546875 0.32421875 0.306640625 0.3203125
0 0.462890625 0.28125 0.45703125 0.287109375 0.453125 0.287109375 0.453125 0.291015625 0.455078125 0.291015625 0.45703125 0.2890625 0.458984375 0.291015625 0.4609375 0.291015625 0.462890625 0.2890625 0.458984375 0.28515625
0 0.935546875 0.2265625 0.93359375 0.228515625 0.931640625 0.228515625 0.931640625 0.234375 0.93359375 0.236328125 0.93359375 0.240234375 0.935546875 0.240234375 0.93359375 0.23828125 0.93359375 0.236328125 0.935546875 0.234375 0.935546875 0.232421875 0.93359375 0.23046875 0.93359375 0.228515625
0 0.75390625 0.203125 0.751953125 0.205078125 0.751953125 0.208984375 0.75390625 0.2109375 0.751953125 0.208984375 0.75390625 0.20703125 0.755859375 0.20703125 0.7578125 0.208984375 0.7578125 0.20703125 0.755859375 0.205078125 0.7578125 0.203125
0 0.109375 0.111328125 0.111328125 0.11328125 0.111328125 0.119140625 0.11328125 0.12109375 0.11328125 0.123046875 0.11328125 0.12109375 0.115234375 0.119140625 0.1171875 0.12109375 0.115234375 0.119140625 0.115234375 0.1171875 0.119140625 0.11328125 0.1171875 0.111328125 0.119140625 0.11328125 0.1171875 0.115234375 0.115234375 0.115234375 0.11328125 0.11328125 0.11328125 0.111328125 0.111328125 0.11328125
1 0.03125 0.455078125 0.03515625 0.458984375 0.03125 0.462890625 0.033203125 0.4609375 0.03515625 0.462890625 0.037109375 0.4609375 0.0390625 0.462890625 0.0390625 0.46484375 0.041015625 0.466796875 0.044921875 0.462890625 0.04296875 0.4609375 0.044921875 0.458984375 0.0390625 0.458984375 0.037109375 0.4609375
1 0.306640625 0.318359375 0.3046875 0.3203125 0.302734375 0.3203125 0.30078125 0.322265625 0.298828125 0.322265625 0.296875 0.3203125 0.298828125 0.322265625 0.296875 0.32421875 0.298828125 0.326171875 0.30078125 0.32421875 0.306640625 0.32421875 0.30859375 0.326171875 0.310546875 0.32421875 0.306640625 0.3203125
1 0.462890625 0.28125 0.45703125 0.287109375 0.453125 0.287109375 0.453125 0.291015625 0.455078125 0.291015625 0.45703125 0.2890625 0.458984375 0.291015625 0.4609375 0.291015625 0.462890625 0.2890625 0.458984375 0.28515625
1 0.935546875 0.2265625 0.93359375 0.228515625 0.931640625 0.228515625 0.931640625 0.234375 0.93359375 0.236328125 0.93359375 0.240234375 0.935546875 0.240234375 0.93359375 0.23828125 0.93359375 0.236328125 0.935546875 0.234375 0.935546875 0.232421875 0.93359375 0.23046875 0.93359375 0.228515625
1 0.75390625 0.203125 0.751953125 0.205078125 0.751953125 0.208984375 0.75390625 0.2109375 0.751953125 0.208984375 0.75390625 0.20703125 0.755859375 0.20703125 0.7578125 0.208984375 0.7578125 0.20703125 0.755859375 0.205078125 0.7578125 0.203125
1 0.109375 0.111328125 0.111328125 0.11328125 0.111328125 0.119140625 0.11328125 0.12109375 0.11328125 0.123046875 0.11328125 0.12109375 0.115234375 0.119140625 0.1171875 0.12109375 0.115234375 0.119140625 0.115234375 0.1171875 0.119140625 0.11328125 0.1171875 0.111328125 0.119140625 0.11328125 0.1171875 0.115234375 0.115234375 0.115234375 0.11328125 0.11328125 0.11328125 0.111328125 0.111328125 0.11328125
