0 0.556640625 0.505859375 0.5546875 0.5078125 0.5546875 0.509765625 0.552734375 0.51171875 0.5546875 0.513671875 0.556640625 0.51171875 0.560546875 0.51171875 0.5625 0.513671875 0.56640625 0.513671875 0.56640625 0.51171875 0.568359375 0.509765625 0.5625 0.509765625 0.560546875 0.51171875 0.556640625 0.51171875 0.5546875 0.509765625 0.5546875 0.5078125 0.556640625 0.505859375 0.55859375 0.5078125
0 0.548828125 0.49609375 0.54296875 0.501953125 0.5390625 0.501953125 0.54296875 0.501953125 0.548828125 0.5078125 0.544921875 0.50390625 0.546875 0.501953125 0.548828125 0.501953125 0.55078125 0.5 0.552734375 0.501953125 0.55078125 0.5 0.55078125 0.498046875 0.552734375 0.49609375 0.55078125 0.498046875
0 0.5234375 0.330078125 0.521484375 0.33203125 0.525390625 0.3359375 0.5234375 0.337890625 0.5234375 0.33984375 0.525390625 0.33984375 0.52734375 0.341796875 0.525390625 0.33984375 0.52734375 0.337890625 0.529296875 0.337890625 0.529296875 0.33203125 0.52734375 0.33203125 0.525390625 0.333984375 0.5234375 0.333984375 0.521484375 0.33203125
0 0.234375 0.3125 0.236328125 0.314453125 0.236328125 0.31640625 0.23828125 0.318359375 0.236328125 0.3203125 0.2421875 0.314453125 0.24609375 0.314453125 0.2421875 0.314453125 0.240234375 0.3125 0.23828125 0.3125 0.236328125 0.314453125
0 0.330078125 0.205078125 0.328125 0.20703125 0.326171875 0.20703125 0.326171875 0.2109375 0.32421875 0.212890625 0.322265625 0.212890625 0.32421875 0.212890625 0.326171875 0.21484375 0.32421875 0.212890625 0.326171875 0.2109375 0.328125 0.2109375 0.330078125 0.212890625 0.330078125 0.21484375 0.330078125 0.208984375 0.33203125 0.20703125
0 0.263671875 0.171875 0.26171875 0.173828125 0.2578125 0.173828125 0.26171875 0.173828125 0.263671875 0.17578125 0.265625 0.17578125 0.267578125 0.177734375 0.26953125 0.17578125 0.271484375 0.177734375 0.2734375 0.177734375 0.271484375 0.177734375 0.26953125 0.17578125 0.271484375 0.173828125 0.2734375 0.173828125 0.271484375 0.173828125 0.26953125 0.171875
0 0.6328125 0.140625 0.630859375 0.142578125 0.62890625 0.142578125 0.62890625 0.14453125 0.630859375 0.146484375 0.62890625 0.1484375 0.626953125 0.1484375 0.625 0.146484375 0.62890625 0.150390625 0.62890625 0.15234375 0.630859375 0.150390625 0.6328125 0.15234375 0.6328125 0.1484375 0.634765625 0.146484375 0.630859375 0.142578125
0 0.880859375 0.125 0.87890625 0.126953125 0.876953125 0.126953125 0.875 0.12890625 0.876953125 0.12890625 0.87890625 0.130859375 0.8828125 0.130859375 0.8828125 0.12890625 0.880859375 0.126953125
1 0.556640625 0.505859375 0.5546875 0.5078125 0.5546875 0.509765625 0.552734375 0.51171875 0.5546875 0.513671875 0.556640625 0.51171875 0.560546875 0.51171875 0.5625 0.513671875 0.56640625 0.513671875 0.56640625 0.51171875 0.568359375 0.509765625 0.5625 0.509765625 0.560546875 0.51171875 0.556640625 0.51171875 0.5546875 0.509765625 0.5546875 0.5078125 0.556640625 0.505859375 0.55859375 0.5078125
1 0.548828125 0.49609375 0.54296875 0.501953125 0.5390625 0.501953125 0.54296875 0.501953125 0.548828125 0.5078125 0.544921875 0.50390625 0.546875 0.501953125 0.548828125 0.501953125 0.55078125 0.5 0.552734375 0.501953125 0.55078125 0.5 0.55078125 0.498046875 0.552734375 0.49609375 0.55078125 0.498046875
1 0.5234375 0.330078125 0.521484375 0.33203125 0.525390625 0.3359375 0.5234375 0.337890625 0.5234375 0.33984375 0.525390625 0.33984375 0.52734375 0.341796875 0.525390625 0.33984375 0.52734375 0.337890625 0.529296875 0.337890625 0.529296875 0.33203125 0.52734375 0.33203125 0.525390625 0.333984375 0.5234375 0.333984375 0.521484375 0.33203125
1 0.234375 0.3125 0.236328125 0.314453125 0.236328125 0.31640625 0.23828125 0.318359375 0.236328125 0.3203125 0.2421875 0.314453125 0.24609375 0.314453125 0.2421875 0.314453125 0.240234375 0.3125 0.23828125 0.3125 0.236328125 0.314453125
1 0.330078125 0.205078125 0.328125 0.20703125 0.326171875 0.20703125 0.326171875 0.2109375 0.32421875 0.212890625 0.322265625 0.212890625 0.32421875 0.212890625 0.326171875 0.21484375 0.32421875 0.212890625 0.326171875 0.2109375 0.328125 0.2109375 0.330078125 0.212890625 0.330078125 0.21484375 0.330078125 0.208984375 0.33203125 0.20703125
1 0.263671875 0.171875 0.26171875 0.173828125 0.2578125 0.173828125 0.26171875 0.173828125 0.263671875 0.17578125 0.265625 0.17578125 0.267578125 0.177734375 0.26953125 0.17578125 0.271484375 0.177734375 0.2734375 0.177734375 0.271484375 0.177734375 0.26953125 0.17578125 0.271484375 0.173828125 0.2734375 0.173828125 0.271484375 0.173828125 0.26953125 0.171875
1 0.6328125 0.140625 0.630859375 0.142578125 0.62890625 0.142578125 0.62890625 0.14453125 0.630859375 0.146484375 0.62890625 0.1484375 0.626953125 0.1484375 0.625 0.146484375 0.62890625 0.150390625 0.62890625 0.15234375 0.630859375 0.150390625 0.6328125 0.15234375 0.6328125 0.1484375 0.634765625 0.146484375 0.630859375 0.142578125
1 0.880859375 0.125 0.87890625 0.126953125 0.876953125 0.126953125 0.875 0.12890625 0.876953125 0.12890625 0.87890625 0.130859375 0.8828125 0.130859375 0.8828125 0.12890625 0.880859375 0.126953125
