0 0.1875 0.3671875 0.189453125 0.3671875 0.193359375 0.37109375 0.193359375 0.375 0.1953125 0.376953125 0.197265625 0.376953125 0.197265625 0.375 0.19921875 0.373046875 0.19921875 0.37109375 0.201171875 0.369140625 0.19140625 0.369140625 0.189453125 0.3671875
0 0.51953125 0.126953125 0.525390625 0.1328125 0.521484375 0.13671875 0.525390625 0.1328125 0.529296875 0.1328125 0.52734375 0.130859375 0.52734375 0.12890625 0.525390625 0.126953125 0.5234375 0.12890625 0.521484375 0.12890625
0 0.408203125 0.109375 0.41015625 0.111328125 0.412109375 0.111328125 0.4140625 0.11328125 0.412109375 0.115234375 0.4140625 0.1171875 0.416015625 0.115234375 0.416015625 0.11328125 0.41796875 0.111328125 0.419921875 0.111328125 0.416015625 0.111328125 0.4140625 0.109375 0.412109375 0.111328125 0.41015625 0.111328125
0 0.697265625 0.095703125 0.6953125 0.09765625 0.6953125 0.099609375 0.693359375 0.1015625 0.6953125 0.099609375 0.697265625 0.1015625 0.69921875 0.1015625 0.701171875 0.103515625 0.69921875 0.10546875 0.69921875 0.107421875 0.69921875 0.10546875 0.703125 0.1015625 0.701171875 0.099609375 0.703125 0.09765625 0.705078125 0.09765625 0.703125 0.09765625 0.701171875 0.095703125
0 0.814453125 0.048828125 0.814453125 0.0546875 0.818359375 0.0546875 0.8203125 0.052734375 0.818359375 0.05078125 0.8203125 0.048828125 0.822265625 0.048828125 0.82421875 0.05078125 0.822265625 0.048828125 0.8203125 0.048828125 0.818359375 0.05078125 0.81640625 0.05078125
0 0.556640625 0.037109375 0.55859375 0.0390625 0.556640625 0.041015625 0.5546875 0.041015625 0.552734375 0.0390625 0.552734375 0.041015625 0.5546875 0.04296875 0.552734375 0.044921875 0.556640625 0.044921875 0.55859375 0.04296875 0.55859375 0.0390625
0 0.53515625 0.03515625 0.533203125 0.037109375 0.533203125 0.041015625 0.53515625 0.041015625 0.537109375 0.04296875 0.5390625 0.041015625 0.541015625 0.04296875 0.5390625 0.041015625 0.5390625 0.0390625
1 0.1875 0.3671875 0.189453125 0.3671875 0.193359375 0.37109375 0.193359375 0.375 0.1953125 0.376953125 0.197265625 0.376953125 0.197265625 0.375 0.19921875 0.373046875 0.19921875 0.37109375 0.201171875 0.369140625 0.19140625 0.369140625 0.189453125 0.3671875
1 0.51953125 0.126953125 0.525390625 0.1328125 0.521484375 0.13671875 0.525390625 0.1328125 0.529296875 0.1328125 0.52734375 0.130859375 0.52734375 0.12890625 0.525390625 0.126953125 0.5234375 0.12890625 0.521484375 0.12890625
1 0.408203125 0.109375 0.41015625 0.111328125 0.412109375 0.111328125 0.4140625 0.11328125 0.412109375 0.115234375 0.4140625 0.1171875 0.416015625 0.115234375 0.416015625 0.11328125 0.41796875 0.111328125 0.419921875 0.111328125 0.416015625 0.111328125 0.4140625 0.109375 0.412109375 0.111328125 0.41015625 0.111328125
1 0.697265625 0.095703125 0.6953125 0.09765625 0.6953125 0.099609375 0.693359375 0.1015625 0.6953125 0.099609375 0.697265625 0.1015625 0.69921875 0.1015625 0.701171875 0.103515625 0.69921875 0.10546875 0.69921875 0.107421875 0.69921875 0.10546875 0.703125 0.1015625 0.701171875 0.099609375 0.703125 0.09765625 0.705078125 0.09765625 0.703125 0.09765625 0.701171875 0.095703125
1 0.814453125 0.048828125 0.814453125 0.0546875 0.818359375 0.0546875 0.8203125 0.052734375 0.818359375 0.05078125 0.8203125 0.048828125 0.822265625 0.048828125 0.82421875 0.05078125 0.822265625 0.048828125 0.8203125 0.048828125 0.818359375 0.05078125 0.81640625 0.05078125
1 0.556640625 0.037109375 0.55859375 0.0390625 0.556640625 0.041015625 0.5546875 0.041015625 0.552734375 0.0390625 0.552734375 0.041015625 0.5546875 0.04296875 0.552734375 0.044921875 0.556640625 0.044921875 0.55859375 0.04296875 0.55859375 0.0390625
1 0.53515625 0.03515625 0.533203125 0.037109375 0.533203125 0.041015625 0.53515625 0.041015625 0.537109375 0.04296875 0.5390625 0.041015625 0.541015625 0.04296875 0.5390625 0.041015625 0.5390625 0.0390625
