0 0.6484375 0.423828125 0.646484375 0.42578125 0.646484375 0.427734375 0.64453125 0.4296875 0.642578125 0.4296875 0.64453125 0.4296875 0.646484375 0.431640625 0.642578125 0.435546875 0.64453125 0.43359375 0.646484375 0.43359375 0.6484375 0.435546875 0.650390625 0.43359375 0.6484375 0.435546875 0.646484375 0.43359375 0.646484375 0.431640625 0.6484375 0.4296875 0.650390625 0.4296875 0.650390625 0.427734375 0.6484375 0.42578125 0.650390625 0.423828125
0 0.416015625 0.265625 0.41796875 0.267578125 0.41796875 0.26953125 0.419921875 0.271484375 0.41796875 0.2734375 0.416015625 0.2734375 0.412109375 0.26953125 0.412109375 0.267578125 0.412109375 0.26953125 0.4140625 0.271484375 0.41015625 0.275390625 0.412109375 0.275390625 0.4140625 0.27734375 0.416015625 0.27734375 0.41796875 0.275390625 0.41796875 0.2734375 0.419921875 0.271484375 0.41796875 0.26953125 0.41796875 0.267578125
0 0.083984375 0.22265625 0.08203125 0.224609375 0.083984375 0.2265625 0.08203125 0.228515625 0.083984375 0.228515625 0.0859375 0.2265625 0.087890625 0.2265625 0.087890625 0.224609375 0.08984375 0.22265625
0 0.4140625 0.10546875 0.4140625 0.111328125 0.412109375 0.11328125 0.4140625 0.111328125 0.41796875 0.111328125 0.419921875 0.109375 0.41796875 0.107421875 0.41796875 0.10546875 0.416015625 0.107421875
0 0.734375 0.0859375 0.736328125 0.087890625 0.736328125 0.08984375 0.732421875 0.09375 0.732421875 0.099609375 0.734375 0.099609375 0.736328125 0.09765625 0.736328125 0.09375 0.73828125 0.091796875 0.736328125 0.08984375 0.736328125 0.0859375
1 0.6484375 0.423828125 0.646484375 0.42578125 0.646484375 0.427734375 0.64453125 0.4296875 0.642578125 0.4296875 0.64453125 0.4296875 0.646484375 0.431640625 0.642578125 0.435546875 0.64453125 0.43359375 0.646484375 0.43359375 0.6484375 0.435546875 0.650390625 0.43359375 0.6484375 0.435546875 0.646484375 0.43359375 0.646484375 0.431640625 0.6484375 0.4296875 0.650390625 0.4296875 0.650390625 0.427734375 0.6484375 0.42578125 0.650390625 0.423828125
1 0.416015625 0.265625 0.41796875 0.267578125 0.41796875 0.26953125 0.419921875 0.271484375 0.41796875 0.2734375 0.416015625 0.2734375 0.412109375 0.26953125 0.412109375 0.267578125 0.412109375 0.26953125 0.4140625 0.271484375 0.41015625 0.275390625 0.412109375 0.275390625 0.4140625 0.27734375 0.416015625 0.27734375 0.41796875 0.275390625 0.41796875 0.2734375 0.419921875 0.271484375 0.41796875 0.26953125 0.41796875 0.267578125
1 0.083984375 0.22265625 0.08203125 0.224609375 0.083984375 0.2265625 0.08203125 0.228515625 0.083984375 0.228515625 0.0859375 0.2265625 0.087890625 0.2265625 0.087890625 0.224609375 0.08984375 0.22265625
1 0.4140625 0.10546875 0.4140625 0.111328125 0.412109375 0.11328125 0.4140625 0.111328125 0.41796875 0.111328125 0.419921875 0.109375 0.41796875 0.107421875 0.41796875 0.10546875 0.416015625 0.107421875
1 0.734375 0.0859375 0.736328125 0.087890625 0.736328125 0.08984375 0.732421875 0.09375 0.732421875 0.099609375 0.734375 0.099609375 0.736328125 0.09765625 0.736328125 0.09375 0.73828125 0.091796875 0.736328125 0.08984375 0.736328125 0.0859375
