0 0.375 0.609375 0.375 0.61328125 0.376953125 0.615234375 0.37890625 0.61328125 0.380859375 0.615234375 0.3828125 0.615234375 0.380859375 0.615234375 0.37890625 0.61328125 0.380859375 0.611328125 0.3828125 0.611328125 0.380859375 0.611328125 0.37890625 0.609375
0 0.41015625 0.548828125 0.408203125 0.55078125 0.41015625 0.548828125 0.412109375 0.548828125 0.4140625 0.55078125 0.412109375 0.552734375 0.4140625 0.5546875 0.41796875 0.5546875 0.41796875 0.548828125 0.416015625 0.55078125 0.4140625 0.55078125 0.412109375 0.548828125
0 0.59765625 0.517578125 0.59765625 0.51953125 0.595703125 0.521484375 0.59375 0.51953125 0.595703125 0.521484375 0.59375 0.5234375 0.595703125 0.521484375 0.599609375 0.525390625 0.599609375 0.5234375 0.6015625 0.521484375 0.6015625 0.51953125 0.599609375 0.51953125
0 0.837890625 0.4375 0.8359375 0.439453125 0.833984375 0.439453125 0.8359375 0.44140625 0.833984375 0.443359375 0.83203125 0.443359375 0.83203125 0.4453125 0.830078125 0.447265625 0.83203125 0.44921875 0.8359375 0.4453125 0.83984375 0.4453125 0.841796875 0.447265625 0.83984375 0.44921875 0.841796875 0.447265625 0.83984375 0.4453125 0.837890625 0.4453125 0.8359375 0.443359375 0.837890625 0.44140625 0.8359375 0.439453125
0 0.71484375 0.42578125 0.71484375 0.427734375 0.712890625 0.4296875 0.70703125 0.4296875 0.708984375 0.431640625 0.708984375 0.435546875 0.71484375 0.435546875 0.716796875 0.43359375 0.71484375 0.431640625 0.71484375 0.427734375 0.716796875 0.42578125
0 0.05859375 0.392578125 0.0546875 0.396484375 0.0546875 0.3984375 0.052734375 0.400390625 0.05078125 0.400390625 0.05078125 0.40234375 0.052734375 0.404296875 0.0546875 0.404296875 0.0546875 0.40234375 0.052734375 0.400390625 0.0546875 0.3984375 0.056640625 0.3984375 0.05859375 0.400390625 0.05859375 0.40234375 0.05859375 0.400390625 0.056640625 0.3984375 0.05859375 0.396484375 0.056640625 0.39453125
0 0.328125 0.34375 0.330078125 0.345703125 0.328125 0.34765625 0.328125 0.349609375 0.326171875 0.3515625 0.328125 0.353515625 0.32421875 0.357421875 0.326171875 0.357421875 0.330078125 0.361328125 0.330078125 0.36328125 0.328125 0.365234375 0.330078125 0.365234375 0.330078125 0.361328125 0.33203125 0.359375 0.33203125 0.357421875 0.333984375 0.35546875 0.33203125 0.357421875 0.328125 0.353515625 0.330078125 0.3515625 0.33203125 0.3515625 0.330078125 0.3515625 0.328125 0.349609375 0.328125 0.34765625 0.330078125 0.345703125
0 0.92578125 0.1796875 0.923828125 0.181640625 0.921875 0.181640625 0.923828125 0.18359375 0.921875 0.185546875 0.923828125 0.18359375 0.92578125 0.185546875 0.927734375 0.185546875 0.9296875 0.18359375 0.927734375 0.181640625 0.927734375 0.1796875
0 0.89453125 0.171875 0.89453125 0.1796875 0.896484375 0.177734375 0.8984375 0.177734375 0.8984375 0.17578125 0.90234375 0.171875 0.900390625 0.173828125 0.8984375 0.173828125 0.896484375 0.171875
0 0.48046875 0.158203125 0.48046875 0.1640625 0.478515625 0.166015625 0.48046875 0.16796875 0.482421875 0.166015625 0.484375 0.166015625 0.484375 0.162109375 0.486328125 0.16015625 0.48828125 0.16015625 0.486328125 0.16015625 0.484375 0.158203125 0.486328125 0.16015625 0.484375 0.162109375 0.482421875 0.162109375 0.48046875 0.16015625
0 0.59765625 0.125 0.599609375 0.126953125 0.59765625 0.12890625 0.59765625 0.130859375 0.599609375 0.1328125 0.599609375 0.134765625 0.6015625 0.1328125 0.60546875 0.13671875 0.6015625 0.1328125 0.6015625 0.130859375 0.603515625 0.12890625 0.6015625 0.126953125 0.603515625 0.125 0.6015625 0.126953125 0.599609375 0.126953125
0 0.78125 0.0625 0.779296875 0.064453125 0.77734375 0.064453125 0.779296875 0.06640625 0.77734375 0.068359375 0.7734375 0.068359375 0.783203125 0.068359375 0.787109375 0.064453125 0.7890625 0.06640625 0.791015625 0.064453125 0.7890625 0.06640625 0.787109375 0.064453125 0.78515625 0.06640625
1 0.375 0.609375 0.375 0.61328125 0.376953125 0.615234375 0.37890625 0.61328125 0.380859375 0.615234375 0.3828125 0.615234375 0.380859375 0.615234375 0.37890625 0.61328125 0.380859375 0.611328125 0.3828125 0.611328125 0.380859375 0.611328125 0.37890625 0.609375
1 0.41015625 0.548828125 0.408203125 0.55078125 0.41015625 0.548828125 0.412109375 0.548828125 0.4140625 0.55078125 0.412109375 0.552734375 0.4140625 0.5546875 0.41796875 0.5546875 0.41796875 0.548828125 0.416015625 0.55078125 0.4140625 0.55078125 0.412109375 0.548828125
1 0.59765625 0.517578125 0.59765625 0.51953125 0.595703125 0.521484375 0.59375 0.51953125 0.595703125 0.521484375 0.59375 0.5234375 0.595703125 0.521484375 0.599609375 0.525390625 0.599609375 0.5234375 0.6015625 0.521484375 0.6015625 0.51953125 0.599609375 0.51953125
1 0.837890625 0.4375 0.8359375 0.439453125 0.833984375 0.439453125 0.8359375 0.44140625 0.833984375 0.443359375 0.83203125 0.443359375 0.83203125 0.4453125 0.830078125 0.447265625 0.83203125 0.44921875 0.8359375 0.4453125 0.83984375 0.4453125 0.841796875 0.447265625 0.83984375 0.44921875 0.841796875 0.447265625 0.83984375 0.4453125 0.837890625 0.4453125 0.8359375 0.443359375 0.837890625 0.44140625 0.8359375 0.439453125
1 0.71484375 0.42578125 0.71484375 0.427734375 0.712890625 0.4296875 0.70703125 0.4296875 0.708984375 0.431640625 0.708984375 0.435546875 0.71484375 0.435546875 0.716796875 0.43359375 0.71484375 0.431640625 0.71484375 0.427734375 0.716796875 0.42578125
1 0.05859375 0.392578125 0.0546875 0.396484375 0.0546875 0.3984375 0.052734375 0.400390625 0.05078125 0.400390625 0.05078125 0.40234375 0.052734375 0.404296875 0.0546875 0.404296875 0.0546875 0.40234375 0.052734375 0.400390625 0.0546875 0.3984375 0.056640625 0.3984375 0.05859375 0.400390625 0.05859375 0.40234375 0.05859375 0.400390625 0.056640625 0.3984375 0.05859375 0.396484375 0.056640625 0.39453125
1 0.328125 0.34375 0.330078125 0.345703125 0.328125 0.34765625 0.328125 0.349609375 0.326171875 0.3515625 0.328125 0.353515625 0.32421875 0.357421875 0.326171875 0.357421875 0.330078125 0.361328125 0.330078125 0.36328125 0.328125 0.365234375 0.330078125 0.365234375 0.330078125 0.361328125 0.33203125 0.359375 0.33203125 0.357421875 0.333984375 0.35546875 0.33203125 0.357421875 0.328125 0.353515625 0.330078125 0.3515625 0.33203125 0.3515625 0.330078125 0.3515625 0.328125 0.349609375 0.328125 0.34765625 0.330078125 0.345703125
1 0.92578125 0.1796875 0.923828125 0.181640625 0.921875 0.181640625 0.923828125 0.18359375 0.921875 0.185546875 0.923828125 0.18359375 0.92578125 0.185546875 0.927734375 0.185546875 0.9296875 0.18359375 0.927734375 0.181640625 0.927734375 0.1796875
1 0.89453125 0.171875 0.89453125 0.1796875 0.896484375 0.177734375 0.8984375 0.177734375 0.8984375 0.17578125 0.90234375 0.171875 0.900390625 0.173828125 0.8984375 0.173828125 0.896484375 0.171875
1 0.48046875 0.158203125 0.48046875 0.1640625 0.478515625 0.166015625 0.48046875 0.16796875 0.482421875 0.166015625 0.484375 0.166015625 0.484375 0.162109375 0.486328125 0.16015625 0.48828125 0.16015625 0.486328125 0.16015625 0.484375 0.158203125 0.486328125 0.16015625 0.484375 0.162109375 0.482421875 0.162109375 0.48046875 0.16015625
1 0.59765625 0.125 0.599609375 0.126953125 0.59765625 0.12890625 0.59765625 0.130859375 0.599609375 0.1328125 0.599609375 0.134765625 0.6015625 0.1328125 0.60546875 0.13671875 0.6015625 0.1328125 0.6015625 0.130859375 0.603515625 0.12890625 0.6015625 0.126953125 0.603515625 0.125 0.6015625 0.126953125 0.599609375 0.126953125
1 0.78125 0.0625 0.779296875 0.064453125 0.77734375 0.064453125 0.779296875 0.06640625 0.77734375 0.068359375 0.7734375 0.068359375 0.783203125 0.068359375 0.787109375 0.064453125 0.7890625 0.06640625 0.791015625 0.064453125 0.7890625 0.06640625 0.787109375 0.064453125 0.78515625 0.06640625
