0 0.1796875 0.970703125 0.181640625 0.97265625 0.1796875 0.974609375 0.177734375 0.974609375 0.17578125 0.9765625 0.173828125 0.974609375 0.16796875 0.98046875 0.166015625 0.978515625 0.16796875 0.98046875 0.16796875 0.98828125 0.169921875 0.990234375 0.171875 0.990234375 0.173828125 0.9921875 0.171875 0.994140625 0.177734375 0.98828125 0.181640625 0.98828125 0.181640625 0.982421875 0.18359375 0.98046875 0.1796875 0.9765625 0.181640625 0.974609375 0.181640625 0.97265625
0 0.02734375 0.96875 0.0234375 0.97265625 0.0234375 0.974609375 0.02734375 0.978515625 0.0234375 0.982421875 0.025390625 0.98046875 0.02734375 0.98046875 0.029296875 0.982421875 0.03125 0.982421875 0.033203125 0.98046875 0.03515625 0.98046875 0.03515625 0.974609375 0.033203125 0.97265625 0.033203125 0.970703125 0.03125 0.96875 0.029296875 0.970703125
0 0.4375 0.958984375 0.4375 0.9609375 0.439453125 0.962890625 0.439453125 0.96484375 0.439453125 0.962890625 0.44140625 0.9609375 0.4453125 0.9609375 0.447265625 0.962890625 0.443359375 0.966796875 0.4453125 0.96875 0.4453125 0.97265625 0.44921875 0.9765625 0.44921875 0.978515625 0.4453125 0.982421875 0.447265625 0.98046875 0.44921875 0.982421875 0.447265625 0.98046875 0.44921875 0.978515625 0.45703125 0.978515625 0.458984375 0.98046875 0.45703125 0.982421875 0.458984375 0.98046875 0.45703125 0.978515625 0.45703125 0.9765625 0.458984375 0.974609375 0.458984375 0.96875 0.45703125 0.966796875 0.45703125 0.96484375 0.4609375 0.9609375 0.458984375 0.962890625 0.455078125 0.958984375 0.453125 0.958984375 0.451171875 0.9609375 0.453125 0.958984375 0.455078125 0.958984375 0.45703125 0.9609375 0.453125 0.96484375 0.44921875 0.96484375 0.4453125 0.9609375 0.44140625 0.9609375 0.439453125 0.962890625 0.4375 0.9609375
0 0.271484375 0.94140625 0.26953125 0.943359375 0.26953125 0.947265625 0.267578125 0.94921875 0.275390625 0.94921875 0.2734375 0.947265625 0.2734375 0.9453125 0.275390625 0.943359375 0.27734375 0.9453125 0.279296875 0.943359375 0.27734375 0.9453125 0.275390625 0.943359375 0.2734375 0.943359375
0 0.25 0.9375 0.25 0.939453125 0.248046875 0.94140625 0.24609375 0.94140625 0.248046875 0.943359375 0.248046875 0.9453125 0.25 0.947265625 0.25 0.94921875 0.25390625 0.953125 0.251953125 0.955078125 0.251953125 0.95703125 0.25390625 0.958984375 0.255859375 0.958984375 0.25390625 0.958984375 0.251953125 0.95703125 0.251953125 0.955078125 0.25390625 0.953125 0.255859375 0.955078125 0.259765625 0.955078125 0.263671875 0.951171875 0.263671875 0.947265625 0.265625 0.9453125 0.263671875 0.947265625 0.26171875 0.9453125 0.26171875 0.943359375 0.255859375 0.9375
0 0.013671875 0.8515625 0.01171875 0.853515625 0.01171875 0.857421875 0.0078125 0.861328125 0.009765625 0.859375 0.013671875 0.86328125 0.01171875 0.865234375 0.009765625 0.865234375 0.01171875 0.865234375 0.013671875 0.8671875 0.013671875 0.869140625 0.01171875 0.87109375 0.013671875 0.873046875 0.01171875 0.87109375 0.013671875 0.869140625 0.013671875 0.8671875 0.015625 0.865234375 0.013671875 0.86328125 0.017578125 0.859375 0.015625 0.857421875 0.017578125 0.85546875 0.021484375 0.85546875 0.017578125 0.85546875
0 0.02734375 0.693359375 0.0234375 0.697265625 0.021484375 0.6953125 0.025390625 0.69921875 0.025390625 0.70703125 0.015625 0.716796875 0.0234375 0.708984375 0.025390625 0.7109375 0.025390625 0.712890625 0.0234375 0.71484375 0.02734375 0.71484375 0.03125 0.71875 0.033203125 0.71875 0.03515625 0.720703125 0.037109375 0.71875 0.037109375 0.716796875 0.041015625 0.712890625 0.0390625 0.71484375 0.037109375 0.712890625 0.037109375 0.70703125 0.041015625 0.703125 0.04296875 0.705078125 0.044921875 0.703125 0.04296875 0.705078125 0.041015625 0.703125 0.0390625 0.705078125 0.037109375 0.705078125 0.03515625 0.703125 0.037109375 0.701171875 0.037109375 0.69921875 0.03515625 0.697265625 0.037109375 0.69921875 0.037109375 0.701171875 0.03515625 0.703125 0.03125 0.69921875 0.029296875 0.69921875 0.025390625 0.6953125 0.02734375 0.693359375 0.029296875 0.693359375 0.03125 0.6953125 0.029296875 0.693359375
1 0.1796875 0.970703125 0.181640625 0.97265625 0.1796875 0.974609375 0.177734375 0.974609375 0.17578125 0.9765625 0.173828125 0.974609375 0.16796875 0.98046875 0.166015625 0.978515625 0.16796875 0.98046875 0.16796875 0.98828125 0.169921875 0.990234375 0.171875 0.990234375 0.173828125 0.9921875 0.171875 0.994140625 0.177734375 0.98828125 0.181640625 0.98828125 0.181640625 0.982421875 0.18359375 0.98046875 0.1796875 0.9765625 0.181640625 0.974609375 0.181640625 0.97265625
1 0.02734375 0.96875 0.0234375 0.97265625 0.0234375 0.974609375 0.02734375 0.978515625 0.0234375 0.982421875 0.025390625 0.98046875 0.02734375 0.98046875 0.029296875 0.982421875 0.03125 0.982421875 0.033203125 0.98046875 0.03515625 0.98046875 0.03515625 0.974609375 0.033203125 0.97265625 0.033203125 0.970703125 0.03125 0.96875 0.029296875 0.970703125
1 0.4375 0.958984375 0.4375 0.9609375 0.439453125 0.962890625 0.439453125 0.96484375 0.439453125 0.962890625 0.44140625 0.9609375 0.4453125 0.9609375 0.447265625 0.962890625 0.443359375 0.966796875 0.4453125 0.96875 0.4453125 0.97265625 0.44921875 0.9765625 0.44921875 0.978515625 0.4453125 0.982421875 0.447265625 0.98046875 0.44921875 0.982421875 0.447265625 0.98046875 0.44921875 0.978515625 0.45703125 0.978515625 0.458984375 0.98046875 0.45703125 0.982421875 0.458984375 0.98046875 0.45703125 0.978515625 0.45703125 0.9765625 0.458984375 0.974609375 0.458984375 0.96875 0.45703125 0.966796875 0.45703125 0.96484375 0.4609375 0.9609375 0.458984375 0.962890625 0.455078125 0.958984375 0.453125 0.958984375 0.451171875 0.9609375 0.453125 0.958984375 0.455078125 0.958984375 0.45703125 0.9609375 0.453125 0.96484375 0.44921875 0.96484375 0.4453125 0.9609375 0.44140625 0.9609375 0.439453125 0.962890625 0.4375 0.9609375
1 0.271484375 0.94140625 0.26953125 0.943359375 0.26953125 0.947265625 0.267578125 0.94921875 0.275390625 0.94921875 0.2734375 0.947265625 0.2734375 0.9453125 0.275390625 0.943359375 0.27734375 0.9453125 0.279296875 0.943359375 0.27734375 0.9453125 0.275390625 0.943359375 0.2734375 0.943359375
1 0.25 0.9375 0.25 0.939453125 0.248046875 0.94140625 0.24609375 0.94140625 0.248046875 0.943359375 0.248046875 0.9453125 0.25 0.947265625 0.25 0.94921875 0.25390625 0.953125 0.251953125 0.955078125 0.251953125 0.95703125 0.25390625 0.958984375 0.255859375 0.958984375 0.25390625 0.958984375 0.251953125 0.95703125 0.251953125 0.955078125 0.25390625 0.953125 0.255859375 0.955078125 0.259765625 0.955078125 0.263671875 0.951171875 0.263671875 0.947265625 0.265625 0.9453125 0.263671875 0.947265625 0.26171875 0.9453125 0.26171875 0.943359375 0.255859375 0.9375
1 0.013671875 0.8515625 0.01171875 0.853515625 0.01171875 0.857421875 0.0078125 0.861328125 0.009765625 0.859375 0.013671875 0.86328125 0.01171875 0.865234375 0.009765625 0.865234375 0.01171875 0.865234375 0.013671875 0.8671875 0.013671875 0.869140625 0.01171875 0.87109375 0.013671875 0.873046875 0.01171875 0.87109375 0.013671875 0.869140625 0.013671875 0.8671875 0.015625 0.865234375 0.013671875 0.86328125 0.017578125 0.859375 0.015625 0.857421875 0.017578125 0.85546875 0.021484375 0.85546875 0.017578125 0.85546875
1 0.02734375 0.693359375 0.0234375 0.697265625 0.021484375 0.6953125 0.025390625 0.69921875 0.025390625 0.70703125 0.015625 0.716796875 0.0234375 0.708984375 0.025390625 0.7109375 0.025390625 0.712890625 0.0234375 0.71484375 0.02734375 0.71484375 0.03125 0.71875 0.033203125 0.71875 0.03515625 0.720703125 0.037109375 0.71875 0.037109375 0.716796875 0.041015625 0.712890625 0.0390625 0.71484375 0.037109375 0.712890625 0.037109375 0.70703125 0.041015625 0.703125 0.04296875 0.705078125 0.044921875 0.703125 0.04296875 0.705078125 0.041015625 0.703125 0.0390625 0.705078125 0.037109375 0.705078125 0.03515625 0.703125 0.037109375 0.701171875 0.037109375 0.69921875 0.03515625 0.697265625 0.037109375 0.69921875 0.037109375 0.701171875 0.03515625 0.703125 0.03125 0.69921875 0.029296875 0.69921875 0.025390625 0.6953125 0.02734375 0.693359375 0.029296875 0.693359375 0.03125 0.6953125 0.029296875 0.693359375
