0 0.9921875 0.564453125 0.9921875 0.56640625 0.994140625 0.568359375 0.994140625 0.5703125 0.99609375 0.5703125 0.998046875 0.572265625 0.99609375 0.5703125 0.998046875 0.568359375 0.998046875 0.56640625 0.99609375 0.56640625 0.994140625 0.564453125
0 0.724609375 0.533203125 0.7265625 0.53515625 0.7265625 0.537109375 0.724609375 0.5390625 0.7265625 0.541015625 0.72265625 0.544921875 0.7265625 0.541015625 0.728515625 0.54296875 0.73046875 0.54296875 0.73046875 0.53515625 0.7265625 0.53515625
0 0.515625 0.46875 0.513671875 0.470703125 0.51171875 0.470703125 0.513671875 0.47265625 0.515625 0.47265625 0.517578125 0.474609375 0.517578125 0.4765625 0.521484375 0.4765625 0.51953125 0.4765625 0.517578125 0.474609375 0.51953125 0.47265625 0.521484375 0.47265625 0.51953125 0.47265625 0.517578125 0.470703125 0.517578125 0.46875
0 0.8046875 0.443359375 0.798828125 0.44921875 0.80078125 0.451171875 0.802734375 0.44921875 0.8046875 0.44921875 0.806640625 0.451171875 0.806640625 0.44921875 0.80859375 0.447265625 0.810546875 0.447265625 0.80859375 0.447265625
0 0.373046875 0.3671875 0.375 0.3671875 0.376953125 0.369140625 0.376953125 0.37109375 0.375 0.373046875 0.373046875 0.37109375 0.37109375 0.373046875 0.37109375 0.375 0.375 0.37890625 0.373046875 0.380859375 0.375 0.3828125 0.375 0.384765625 0.376953125 0.38671875 0.375 0.388671875 0.376953125 0.38671875 0.375 0.384765625 0.375 0.3828125 0.376953125 0.380859375 0.37890625 0.380859375 0.376953125 0.380859375 0.375 0.37890625 0.37890625 0.375 0.380859375 0.376953125 0.37890625 0.375 0.37890625 0.373046875 0.376953125 0.37109375 0.376953125 0.3671875
0 0.412109375 0.302734375 0.41015625 0.3046875 0.412109375 0.306640625 0.408203125 0.310546875 0.41015625 0.3125 0.4140625 0.3125 0.4140625 0.30859375 0.41015625 0.3046875 0.412109375 0.302734375 0.4140625 0.302734375
0 0.2734375 0.302734375 0.27734375 0.306640625 0.27734375 0.30859375 0.275390625 0.310546875 0.2734375 0.30859375 0.271484375 0.310546875 0.2734375 0.30859375 0.275390625 0.310546875 0.27734375 0.30859375 0.283203125 0.30859375 0.28125 0.306640625 0.283203125 0.3046875 0.287109375 0.3046875 0.275390625 0.3046875
0 0.794921875 0.30078125 0.794921875 0.3046875 0.79296875 0.306640625 0.791015625 0.306640625 0.79296875 0.306640625 0.794921875 0.30859375 0.79296875 0.306640625 0.794921875 0.3046875 0.796875 0.3046875 0.798828125 0.306640625 0.80078125 0.3046875 0.802734375 0.306640625 0.80078125 0.3046875 0.80078125 0.30078125
0 0.8125 0.287109375 0.814453125 0.287109375 0.81640625 0.2890625 0.8125 0.29296875 0.8125 0.296875 0.814453125 0.298828125 0.814453125 0.30078125 0.810546875 0.3046875 0.8125 0.302734375 0.814453125 0.302734375 0.814453125 0.298828125 0.81640625 0.296875 0.81640625 0.29296875 0.8203125 0.2890625 0.818359375 0.291015625 0.814453125 0.287109375
0 0.958984375 0.265625 0.95703125 0.267578125 0.95703125 0.26953125 0.955078125 0.271484375 0.95703125 0.26953125 0.958984375 0.26953125 0.9609375 0.271484375 0.958984375 0.2734375 0.9609375 0.271484375 0.962890625 0.2734375 0.96484375 0.271484375 0.962890625 0.26953125 0.962890625 0.267578125 0.96484375 0.265625
0 0.3671875 0.109375 0.369140625 0.111328125 0.3671875 0.11328125 0.369140625 0.115234375 0.3671875 0.1171875 0.369140625 0.115234375 0.373046875 0.115234375 0.373046875 0.109375 0.37109375 0.111328125 0.369140625 0.111328125
1 0.9921875 0.564453125 0.9921875 0.56640625 0.994140625 0.568359375 0.994140625 0.5703125 0.99609375 0.5703125 0.998046875 0.572265625 0.99609375 0.5703125 0.998046875 0.568359375 0.998046875 0.56640625 0.99609375 0.56640625 0.994140625 0.564453125
1 0.724609375 0.533203125 0.7265625 0.53515625 0.7265625 0.537109375 0.724609375 0.5390625 0.7265625 0.541015625 0.72265625 0.544921875 0.7265625 0.541015625 0.728515625 0.54296875 0.73046875 0.54296875 0.73046875 0.53515625 0.7265625 0.53515625
1 0.515625 0.46875 0.513671875 0.470703125 0.51171875 0.470703125 0.513671875 0.47265625 0.515625 0.47265625 0.517578125 0.474609375 0.517578125 0.4765625 0.521484375 0.4765625 0.51953125 0.4765625 0.517578125 0.474609375 0.51953125 0.47265625 0.521484375 0.47265625 0.51953125 0.47265625 0.517578125 0.470703125 0.517578125 0.46875
1 0.8046875 0.443359375 0.798828125 0.44921875 0.80078125 0.451171875 0.802734375 0.44921875 0.8046875 0.44921875 0.806640625 0.451171875 0.806640625 0.44921875 0.80859375 0.447265625 0.810546875 0.447265625 0.80859375 0.447265625
1 0.373046875 0.3671875 0.375 0.3671875 0.376953125 0.369140625 0.376953125 0.37109375 0.375 0.373046875 0.373046875 0.37109375 0.37109375 0.373046875 0.37109375 0.375 0.375 0.37890625 0.373046875 0.380859375 0.375 0.3828125 0.375 0.384765625 0.376953125 0.38671875 0.375 0.388671875 0.376953125 0.38671875 0.375 0.384765625 0.375 0.3828125 0.376953125 0.380859375 0.37890625 0.380859375 0.376953125 0.380859375 0.375 0.37890625 0.37890625 0.375 0.380859375 0.376953125 0.37890625 0.375 0.37890625 0.373046875 0.376953125 0.37109375 0.376953125 0.3671875
1 0.412109375 0.302734375 0.41015625 0.3046875 0.412109375 0.306640625 0.408203125 0.310546875 0.41015625 0.3125 0.4140625 0.3125 0.4140625 0.30859375 0.41015625 0.3046875 0.412109375 0.302734375 0.4140625 0.302734375
1 0.2734375 0.302734375 0.27734375 0.306640625 0.27734375 0.30859375 0.275390625 0.310546875 0.2734375 0.30859375 0.271484375 0.310546875 0.2734375 0.30859375 0.275390625 0.310546875 0.27734375 0.30859375 0.283203125 0.30859375 0.28125 0.306640625 0.283203125 0.3046875 0.287109375 0.3046875 0.275390625 0.3046875
1 0.794921875 0.30078125 0.794921875 0.3046875 0.79296875 0.306640625 0.791015625 0.306640625 0.79296875 0.306640625 0.794921875 0.30859375 0.79296875 0.306640625 0.794921875 0.3046875 0.796875 0.3046875 0.798828125 0.306640625 0.80078125 0.3046875 0.802734375 0.306640625 0.80078125 0.3046875 0.80078125 0.30078125
1 0.8125 0.287109375 0.814453125 0.287109375 0.81640625 0.2890625 0.8125 0.29296875 0.8125 0.296875 0.814453125 0.298828125 0.814453125 0.30078125 0.810546875 0.3046875 0.8125 0.302734375 0.814453125 0.302734375 0.814453125 0.298828125 0.81640625 0.296875 0.81640625 0.29296875 0.8203125 0.2890625 0.818359375 0.291015625 0.814453125 0.287109375
1 0.958984375 0.265625 0.95703125 0.267578125 0.95703125 0.26953125 0.955078125 0.271484375 0.95703125 0.26953125 0.958984375 0.26953125 0.9609375 0.271484375 0.958984375 0.2734375 0.9609375 0.271484375 0.962890625 0.2734375 0.96484375 0.271484375 0.962890625 0.26953125 0.962890625 0.267578125 0.96484375 0.265625
1 0.3671875 0.109375 0.369140625 0.111328125 0.3671875 0.11328125 0.369140625 0.115234375 0.3671875 0.1171875 0.369140625 0.115234375 0.373046875 0.115234375 0.373046875 0.109375 0.37109375 0.111328125 0.369140625 0.111328125
