0 0.958984375 0.37109375 0.9609375 0.37109375 0.962890625 0.373046875 0.962890625 0.375 0.96484375 0.376953125 0.96484375 0.380859375 0.966796875 0.380859375 0.96484375 0.37890625 0.96484375 0.376953125 0.96875 0.373046875 0.970703125 0.373046875 0.96875 0.37109375
0 0.875 0.345703125 0.873046875 0.34765625 0.87109375 0.34765625 0.873046875 0.349609375 0.873046875 0.3515625 0.876953125 0.3515625 0.876953125 0.34765625
0 0.994140625 0.296875 0.9921875 0.298828125 0.99609375 0.302734375 0.99609375 0.3046875 0.99609375 0.302734375 0.998046875 0.30078125 0.998046875 0.296875
0 0.55078125 0.083984375 0.552734375 0.0859375 0.55078125 0.087890625 0.548828125 0.087890625 0.546875 0.0859375 0.548828125 0.087890625 0.546875 0.08984375 0.548828125 0.091796875 0.546875 0.08984375 0.548828125 0.087890625 0.55078125 0.087890625 0.5546875 0.091796875 0.552734375 0.09375 0.5546875 0.095703125 0.556640625 0.095703125 0.556640625 0.09375 0.560546875 0.08984375 0.55859375 0.087890625 0.5546875 0.087890625
0 0.25390625 0.017578125 0.251953125 0.01953125 0.25390625 0.021484375 0.25390625 0.0234375 0.255859375 0.0234375 0.2578125 0.025390625 0.255859375 0.02734375 0.2578125 0.02734375 0.259765625 0.029296875 0.2578125 0.02734375 0.259765625 0.025390625 0.2578125 0.0234375 0.259765625 0.021484375 0.26171875 0.021484375 0.263671875 0.01953125 0.26171875 0.017578125 0.263671875 0.01953125 0.26171875 0.021484375 0.2578125 0.021484375
1 0.958984375 0.37109375 0.9609375 0.37109375 0.962890625 0.373046875 0.962890625 0.375 0.96484375 0.376953125 0.96484375 0.380859375 0.966796875 0.380859375 0.96484375 0.37890625 0.96484375 0.376953125 0.96875 0.373046875 0.970703125 0.373046875 0.96875 0.37109375
1 0.875 0.345703125 0.873046875 0.34765625 0.87109375 0.34765625 0.873046875 0.349609375 0.873046875 0.3515625 0.876953125 0.3515625 0.876953125 0.34765625
1 0.994140625 0.296875 0.9921875 0.298828125 0.99609375 0.302734375 0.99609375 0.3046875 0.99609375 0.302734375 0.998046875 0.30078125 0.998046875 0.296875
1 0.55078125 0.083984375 0.552734375 0.0859375 0.55078125 0.087890625 0.548828125 0.087890625 0.546875 0.0859375 0.548828125 0.087890625 0.546875 0.08984375 0.548828125 0.091796875 0.546875 0.08984375 0.548828125 0.087890625 0.55078125 0.087890625 0.5546875 0.091796875 0.552734375 0.09375 0.5546875 0.095703125 0.556640625 0.095703125 0.556640625 0.09375 0.560546875 0.08984375 0.55859375 0.087890625 0.5546875 0.087890625
1 0.25390625 0.017578125 0.251953125 0.01953125 0.25390625 0.021484375 0.25390625 0.0234375 0.255859375 0.0234375 0.2578125 0.025390625 0.255859375 0.02734375 0.2578125 0.02734375 0.259765625 0.029296875 0.2578125 0.02734375 0.259765625 0.025390625 0.2578125 0.0234375 0.259765625 0.021484375 0.26171875 0.021484375 0.263671875 0.01953125 0.26171875 0.017578125 0.263671875 0.01953125 0.26171875 0.021484375 0.2578125 0.021484375
