0 0.994140625 0.4375 0.98828125 0.443359375 0.984375 0.443359375 0.984375 0.447265625 0.990234375 0.447265625 0.9921875 0.4453125 0.990234375 0.4453125 0.98828125 0.443359375
0 0.98828125 0.34765625 0.990234375 0.349609375 0.990234375 0.3515625 0.99609375 0.3515625 0.998046875 0.353515625 0.99609375 0.3515625 0.99609375 0.34765625 0.9921875 0.34765625 0.990234375 0.349609375
0 0.12890625 0.109375 0.126953125 0.111328125 0.130859375 0.115234375 0.126953125 0.119140625 0.125 0.119140625 0.1328125 0.119140625 0.134765625 0.12109375 0.134765625 0.119140625 0.1328125 0.1171875 0.134765625 0.115234375 0.130859375 0.115234375 0.126953125 0.111328125
0 0.703125 0.0625 0.703125 0.064453125 0.70703125 0.068359375 0.708984375 0.068359375 0.70703125 0.06640625 0.708984375 0.064453125 0.708984375 0.0625
0 0.845703125 0.03125 0.84375 0.033203125 0.845703125 0.03515625 0.845703125 0.037109375 0.84765625 0.03515625 0.849609375 0.03515625 0.853515625 0.0390625 0.8515625 0.041015625 0.853515625 0.04296875 0.8515625 0.041015625 0.853515625 0.0390625 0.8515625 0.037109375 0.853515625 0.03515625 0.853515625 0.033203125 0.85546875 0.03125 0.857421875 0.033203125 0.85546875 0.03125 0.853515625 0.033203125 0.8515625 0.03125
0 0.638671875 0.015625 0.63671875 0.017578125 0.638671875 0.01953125 0.63671875 0.021484375 0.634765625 0.021484375 0.6328125 0.01953125 0.6328125 0.0234375 0.634765625 0.025390625 0.6328125 0.02734375 0.634765625 0.025390625 0.638671875 0.025390625 0.638671875 0.0234375 0.63671875 0.021484375 0.638671875 0.01953125 0.63671875 0.017578125
1 0.994140625 0.4375 0.98828125 0.443359375 0.984375 0.443359375 0.984375 0.447265625 0.990234375 0.447265625 0.9921875 0.4453125 0.990234375 0.4453125 0.98828125 0.443359375
1 0.98828125 0.34765625 0.990234375 0.349609375 0.990234375 0.3515625 0.99609375 0.3515625 0.998046875 0.353515625 0.99609375 0.3515625 0.99609375 0.34765625 0.9921875 0.34765625 0.990234375 0.349609375
1 0.12890625 0.109375 0.126953125 0.111328125 0.130859375 0.115234375 0.126953125 0.119140625 0.125 0.119140625 0.1328125 0.119140625 0.134765625 0.12109375 0.134765625 0.119140625 0.1328125 0.1171875 0.134765625 0.115234375 0.130859375 0.115234375 0.126953125 0.111328125
1 0.703125 0.0625 0.703125 0.064453125 0.70703125 0.068359375 0.708984375 0.068359375 0.70703125 0.06640625 0.708984375 0.064453125 0.708984375 0.0625
1 0.845703125 0.03125 0.84375 0.033203125 0.845703125 0.03515625 0.845703125 0.037109375 0.84765625 0.03515625 0.849609375 0.03515625 0.853515625 0.0390625 0.8515625 0.041015625 0.853515625 0.04296875 0.8515625 0.041015625 0.853515625 0.0390625 0.8515625 0.037109375 0.853515625 0.03515625 0.853515625 0.033203125 0.85546875 0.03125 0.857421875 0.033203125 0.85546875 0.03125 0.853515625 0.033203125 0.8515625 0.03125
1 0.638671875 0.015625 0.63671875 0.017578125 0.638671875 0.01953125 0.63671875 0.021484375 0.634765625 0.021484375 0.6328125 0.01953125 0.6328125 0.0234375 0.634765625 0.025390625 0.6328125 0.02734375 0.634765625 0.025390625 0.638671875 0.025390625 0.638671875 0.0234375 0.63671875 0.021484375 0.638671875 0.01953125 0.63671875 0.017578125
