0 0.05078125 0.470703125 0.0546875 0.474609375 0.05078125 0.478515625 0.0546875 0.482421875 0.056640625 0.48046875 0.060546875 0.48046875 0.060546875 0.478515625 0.05859375 0.4765625 0.056640625 0.478515625 0.0546875 0.4765625 0.0546875 0.474609375 0.052734375 0.47265625 0.0546875 0.470703125 0.052734375 0.47265625
0 0.1328125 0.458984375 0.134765625 0.458984375 0.13671875 0.4609375 0.134765625 0.462890625 0.1328125 0.462890625 0.134765625 0.462890625 0.13671875 0.46484375 0.13671875 0.466796875 0.138671875 0.466796875 0.140625 0.46484375 0.142578125 0.46484375 0.140625 0.462890625 0.138671875 0.462890625 0.13671875 0.4609375 0.13671875 0.458984375
0 0.7734375 0.283203125 0.771484375 0.28515625 0.76953125 0.28515625 0.7734375 0.2890625 0.771484375 0.291015625 0.771484375 0.29296875 0.771484375 0.291015625 0.775390625 0.287109375 0.77734375 0.287109375 0.779296875 0.2890625 0.77734375 0.291015625 0.77734375 0.29296875 0.775390625 0.294921875 0.77734375 0.29296875 0.77734375 0.291015625 0.779296875 0.2890625 0.77734375 0.287109375 0.77734375 0.28515625 0.775390625 0.283203125
0 0.259765625 0.26953125 0.255859375 0.2734375 0.255859375 0.275390625 0.25390625 0.27734375 0.255859375 0.275390625 0.2578125 0.27734375 0.259765625 0.275390625 0.26171875 0.275390625 0.26171875 0.271484375
0 0.5546875 0.15625 0.556640625 0.158203125 0.5546875 0.16015625 0.5546875 0.162109375 0.55078125 0.166015625 0.548828125 0.166015625 0.546875 0.16796875 0.548828125 0.169921875 0.546875 0.16796875 0.548828125 0.166015625 0.55078125 0.166015625 0.552734375 0.16796875 0.5546875 0.16796875 0.556640625 0.166015625 0.55859375 0.166015625 0.560546875 0.16796875 0.5546875 0.162109375 0.5546875 0.16015625 0.556640625 0.158203125
0 0.677734375 0.140625 0.6796875 0.142578125 0.67578125 0.146484375 0.677734375 0.1484375 0.677734375 0.15234375 0.6796875 0.150390625 0.681640625 0.15234375 0.681640625 0.150390625 0.685546875 0.146484375 0.68359375 0.1484375 0.681640625 0.1484375 0.6796875 0.146484375 0.681640625 0.14453125 0.681640625 0.142578125 0.6796875 0.142578125
0 0.052734375 0.140625 0.0546875 0.140625 0.056640625 0.142578125 0.0546875 0.14453125 0.05078125 0.14453125 0.05078125 0.1484375 0.052734375 0.1484375 0.0546875 0.150390625 0.05859375 0.150390625 0.060546875 0.15234375 0.05859375 0.154296875 0.060546875 0.15234375 0.05859375 0.150390625 0.060546875 0.1484375 0.05859375 0.150390625 0.056640625 0.1484375 0.056640625 0.146484375 0.05859375 0.14453125 0.0546875 0.140625
1 0.05078125 0.470703125 0.0546875 0.474609375 0.05078125 0.478515625 0.0546875 0.482421875 0.056640625 0.48046875 0.060546875 0.48046875 0.060546875 0.478515625 0.05859375 0.4765625 0.056640625 0.478515625 0.0546875 0.4765625 0.0546875 0.474609375 0.052734375 0.47265625 0.0546875 0.470703125 0.052734375 0.47265625
1 0.1328125 0.458984375 0.134765625 0.458984375 0.13671875 0.4609375 0.134765625 0.462890625 0.1328125 0.462890625 0.134765625 0.462890625 0.13671875 0.46484375 0.13671875 0.466796875 0.138671875 0.466796875 0.140625 0.46484375 0.142578125 0.46484375 0.140625 0.462890625 0.138671875 0.462890625 0.13671875 0.4609375 0.13671875 0.458984375
1 0.7734375 0.283203125 0.771484375 0.28515625 0.76953125 0.28515625 0.7734375 0.2890625 0.771484375 0.291015625 0.771484375 0.29296875 0.771484375 0.291015625 0.775390625 0.287109375 0.77734375 0.287109375 0.779296875 0.2890625 0.77734375 0.291015625 0.77734375 0.29296875 0.775390625 0.294921875 0.77734375 0.29296875 0.77734375 0.291015625 0.779296875 0.2890625 0.77734375 0.287109375 0.77734375 0.28515625 0.775390625 0.283203125
1 0.259765625 0.26953125 0.255859375 0.2734375 0.255859375 0.275390625 0.25390625 0.27734375 0.255859375 0.275390625 0.2578125 0.27734375 0.259765625 0.275390625 0.26171875 0.275390625 0.26171875 0.271484375
1 0.5546875 0.15625 0.556640625 0.158203125 0.5546875 0.16015625 0.5546875 0.162109375 0.55078125 0.166015625 0.548828125 0.166015625 0.546875 0.16796875 0.548828125 0.169921875 0.546875 0.16796875 0.548828125 0.166015625 0.55078125 0.166015625 0.552734375 0.16796875 0.5546875 0.16796875 0.556640625 0.166015625 0.55859375 0.166015625 0.560546875 0.16796875 0.5546875 0.162109375 0.5546875 0.16015625 0.556640625 0.158203125
1 0.677734375 0.140625 0.6796875 0.142578125 0.67578125 0.146484375 0.677734375 0.1484375 0.677734375 0.15234375 0.6796875 0.150390625 0.681640625 0.15234375 0.681640625 0.150390625 0.685546875 0.146484375 0.68359375 0.1484375 0.681640625 0.1484375 0.6796875 0.146484375 0.681640625 0.14453125 0.681640625 0.142578125 0.6796875 0.142578125
1 0.052734375 0.140625 0.0546875 0.140625 0.056640625 0.142578125 0.0546875 0.14453125 0.05078125 0.14453125 0.05078125 0.1484375 0.052734375 0.1484375 0.0546875 0.150390625 0.05859375 0.150390625 0.060546875 0.15234375 0.05859375 0.154296875 0.060546875 0.15234375 0.05859375 0.150390625 0.060546875 0.1484375 0.05859375 0.150390625 0.056640625 0.1484375 0.056640625 0.146484375 0.05859375 0.14453125 0.0546875 0.140625
