0 0.990234375 0.361328125 0.990234375 0.36328125 0.98828125 0.365234375 0.990234375 0.3671875 0.990234375 0.373046875 0.998046875 0.373046875 0.998046875 0.3671875 0.994140625 0.36328125 0.9921875 0.365234375 0.990234375 0.36328125
0 0.75390625 0.359375 0.75390625 0.361328125 0.755859375 0.361328125 0.7578125 0.36328125 0.755859375 0.365234375 0.75390625 0.365234375 0.755859375 0.365234375 0.7578125 0.3671875 0.755859375 0.369140625 0.759765625 0.373046875 0.76171875 0.37109375 0.763671875 0.373046875 0.76171875 0.37109375 0.76171875 0.369140625 0.763671875 0.3671875 0.76171875 0.365234375 0.763671875 0.36328125 0.76171875 0.36328125 0.759765625 0.361328125 0.76171875 0.359375 0.7578125 0.36328125
0 0.966796875 0.21875 0.96484375 0.220703125 0.96875 0.224609375 0.966796875 0.2265625 0.962890625 0.2265625 0.9609375 0.224609375 0.96484375 0.228515625 0.96484375 0.23046875 0.962890625 0.232421875 0.9609375 0.23046875 0.958984375 0.232421875 0.9609375 0.23046875 0.962890625 0.232421875 0.96484375 0.23046875 0.966796875 0.23046875 0.96875 0.228515625 0.96875 0.224609375 0.970703125 0.22265625 0.97265625 0.22265625 0.970703125 0.22265625
0 0.1484375 0.189453125 0.1484375 0.19140625 0.15234375 0.1953125 0.1484375 0.19921875 0.14453125 0.1953125 0.14453125 0.201171875 0.146484375 0.203125 0.1484375 0.203125 0.1484375 0.19921875 0.150390625 0.197265625 0.15234375 0.19921875 0.15234375 0.201171875 0.15234375 0.19921875 0.150390625 0.197265625 0.15234375 0.1953125 0.1484375 0.19140625
0 0.67578125 0.099609375 0.673828125 0.1015625 0.67578125 0.103515625 0.67578125 0.10546875 0.677734375 0.107421875 0.6796875 0.10546875 0.681640625 0.10546875 0.681640625 0.103515625 0.68359375 0.1015625 0.685546875 0.103515625 0.681640625 0.099609375 0.6796875 0.1015625 0.677734375 0.1015625
1 0.990234375 0.361328125 0.990234375 0.36328125 0.98828125 0.365234375 0.990234375 0.3671875 0.990234375 0.373046875 0.998046875 0.373046875 0.998046875 0.3671875 0.994140625 0.36328125 0.9921875 0.365234375 0.990234375 0.36328125
1 0.75390625 0.359375 0.75390625 0.361328125 0.755859375 0.361328125 0.7578125 0.36328125 0.755859375 0.365234375 0.75390625 0.365234375 0.755859375 0.365234375 0.7578125 0.3671875 0.755859375 0.369140625 0.759765625 0.373046875 0.76171875 0.37109375 0.763671875 0.373046875 0.76171875 0.37109375 0.76171875 0.369140625 0.763671875 0.3671875 0.76171875 0.365234375 0.763671875 0.36328125 0.76171875 0.36328125 0.759765625 0.361328125 0.76171875 0.359375 0.7578125 0.36328125
1 0.966796875 0.21875 0.96484375 0.220703125 0.96875 0.224609375 0.966796875 0.2265625 0.962890625 0.2265625 0.9609375 0.224609375 0.96484375 0.228515625 0.96484375 0.23046875 0.962890625 0.232421875 0.9609375 0.23046875 0.958984375 0.232421875 0.9609375 0.23046875 0.962890625 0.232421875 0.96484375 0.23046875 0.966796875 0.23046875 0.96875 0.228515625 0.96875 0.224609375 0.970703125 0.22265625 0.97265625 0.22265625 0.970703125 0.22265625
1 0.1484375 0.189453125 0.1484375 0.19140625 0.15234375 0.1953125 0.1484375 0.19921875 0.14453125 0.1953125 0.14453125 0.201171875 0.146484375 0.203125 0.1484375 0.203125 0.1484375 0.19921875 0.150390625 0.197265625 0.15234375 0.19921875 0.15234375 0.201171875 0.15234375 0.19921875 0.150390625 0.197265625 0.15234375 0.1953125 0.1484375 0.19140625
1 0.67578125 0.099609375 0.673828125 0.1015625 0.67578125 0.103515625 0.67578125 0.10546875 0.677734375 0.107421875 0.6796875 0.10546875 0.681640625 0.10546875 0.681640625 0.103515625 0.68359375 0.1015625 0.685546875 0.103515625 0.681640625 0.099609375 0.6796875 0.1015625 0.677734375 0.1015625
