0 0.73828125 0.55859375 0.73828125 0.5625 0.734375 0.56640625 0.736328125 0.564453125 0.744140625 0.564453125 0.7421875 0.5625 0.7421875 0.560546875 0.740234375 0.55859375
0 0.546875 0.255859375 0.544921875 0.2578125 0.546875 0.255859375 0.548828125 0.255859375 0.55078125 0.2578125 0.546875 0.26171875 0.544921875 0.26171875 0.54296875 0.263671875 0.544921875 0.263671875 0.546875 0.265625 0.548828125 0.265625 0.55078125 0.267578125 0.552734375 0.265625 0.55078125 0.263671875 0.55078125 0.26171875 0.5546875 0.2578125 0.552734375 0.259765625 0.548828125 0.255859375
0 0.3828125 0.2109375 0.384765625 0.2109375 0.38671875 0.212890625 0.384765625 0.21484375 0.38671875 0.216796875 0.38671875 0.21875 0.388671875 0.220703125 0.388671875 0.21875 0.390625 0.216796875 0.392578125 0.216796875 0.390625 0.21484375 0.388671875 0.21484375 0.384765625 0.2109375
0 0.1328125 0.197265625 0.130859375 0.19921875 0.126953125 0.19921875 0.125 0.201171875 0.126953125 0.203125 0.126953125 0.205078125 0.12890625 0.203125 0.130859375 0.205078125 0.130859375 0.19921875
0 0.796875 0.1875 0.794921875 0.189453125 0.79296875 0.189453125 0.794921875 0.19140625 0.796875 0.19140625 0.798828125 0.193359375 0.798828125 0.1953125 0.802734375 0.1953125 0.80078125 0.1953125 0.798828125 0.193359375 0.80078125 0.19140625 0.802734375 0.19140625 0.80078125 0.19140625 0.798828125 0.189453125 0.798828125 0.1875
0 0.37890625 0.1875 0.380859375 0.189453125 0.37890625 0.19140625 0.376953125 0.19140625 0.376953125 0.1953125 0.375 0.197265625 0.376953125 0.1953125 0.37890625 0.1953125 0.380859375 0.197265625 0.37890625 0.19921875 0.380859375 0.19921875 0.380859375 0.19140625 0.3828125 0.189453125 0.384765625 0.19140625 0.3828125 0.189453125 0.380859375 0.189453125
0 0.42578125 0.146484375 0.42578125 0.154296875 0.427734375 0.154296875 0.4296875 0.15234375 0.431640625 0.15234375 0.43359375 0.154296875 0.4296875 0.150390625 0.4296875 0.1484375 0.427734375 0.1484375
0 0.859375 0.140625 0.857421875 0.142578125 0.85546875 0.142578125 0.857421875 0.14453125 0.859375 0.14453125 0.861328125 0.146484375 0.861328125 0.1484375 0.865234375 0.1484375 0.86328125 0.1484375 0.861328125 0.146484375 0.86328125 0.14453125 0.865234375 0.14453125 0.86328125 0.14453125 0.861328125 0.142578125 0.861328125 0.140625
0 0.380859375 0.06640625 0.376953125 0.0703125 0.375 0.068359375 0.3828125 0.076171875 0.380859375 0.07421875 0.384765625 0.0703125 0.38671875 0.072265625 0.38671875 0.07421875 0.388671875 0.07421875 0.38671875 0.072265625 0.388671875 0.0703125 0.38671875 0.072265625 0.384765625 0.0703125 0.384765625 0.068359375 0.384765625 0.0703125 0.3828125 0.072265625 0.380859375 0.0703125
0 0.7109375 0.033203125 0.7109375 0.03515625 0.708984375 0.037109375 0.70703125 0.037109375 0.70703125 0.0390625 0.705078125 0.041015625 0.70703125 0.0390625 0.708984375 0.041015625 0.708984375 0.044921875 0.712890625 0.041015625 0.71484375 0.04296875 0.712890625 0.041015625 0.712890625 0.0390625 0.71484375 0.037109375 0.712890625 0.0390625 0.7109375 0.0390625 0.708984375 0.037109375 0.712890625 0.033203125
1 0.73828125 0.55859375 0.73828125 0.5625 0.734375 0.56640625 0.736328125 0.564453125 0.744140625 0.564453125 0.7421875 0.5625 0.7421875 0.560546875 0.740234375 0.55859375
1 0.546875 0.255859375 0.544921875 0.2578125 0.546875 0.255859375 0.548828125 0.255859375 0.55078125 0.2578125 0.546875 0.26171875 0.544921875 0.26171875 0.54296875 0.263671875 0.544921875 0.263671875 0.546875 0.265625 0.548828125 0.265625 0.55078125 0.267578125 0.552734375 0.265625 0.55078125 0.263671875 0.55078125 0.26171875 0.5546875 0.2578125 0.552734375 0.259765625 0.548828125 0.255859375
1 0.3828125 0.2109375 0.384765625 0.2109375 0.38671875 0.212890625 0.384765625 0.21484375 0.38671875 0.216796875 0.38671875 0.21875 0.388671875 0.220703125 0.388671875 0.21875 0.390625 0.216796875 0.392578125 0.216796875 0.390625 0.21484375 0.388671875 0.21484375 0.384765625 0.2109375
1 0.1328125 0.197265625 0.130859375 0.19921875 0.126953125 0.19921875 0.125 0.201171875 0.126953125 0.203125 0.126953125 0.205078125 0.12890625 0.203125 0.130859375 0.205078125 0.130859375 0.19921875
1 0.796875 0.1875 0.794921875 0.189453125 0.79296875 0.189453125 0.794921875 0.19140625 0.796875 0.19140625 0.798828125 0.193359375 0.798828125 0.1953125 0.802734375 0.1953125 0.80078125 0.1953125 0.798828125 0.193359375 0.80078125 0.19140625 0.802734375 0.19140625 0.80078125 0.19140625 0.798828125 0.189453125 0.798828125 0.1875
1 0.37890625 0.1875 0.380859375 0.189453125 0.37890625 0.19140625 0.376953125 0.19140625 0.376953125 0.1953125 0.375 0.197265625 0.376953125 0.1953125 0.37890625 0.1953125 0.380859375 0.197265625 0.37890625 0.19921875 0.380859375 0.19921875 0.380859375 0.19140625 0.3828125 0.189453125 0.384765625 0.19140625 0.3828125 0.189453125 0.380859375 0.189453125
1 0.42578125 0.146484375 0.42578125 0.154296875 0.427734375 0.154296875 0.4296875 0.15234375 0.431640625 0.15234375 0.43359375 0.154296875 0.4296875 0.150390625 0.4296875 0.1484375 0.427734375 0.1484375
1 0.859375 0.140625 0.857421875 0.142578125 0.85546875 0.142578125 0.857421875 0.14453125 0.859375 0.14453125 0.861328125 0.146484375 0.861328125 0.1484375 0.865234375 0.1484375 0.86328125 0.1484375 0.861328125 0.146484375 0.86328125 0.14453125 0.865234375 0.14453125 0.86328125 0.14453125 0.861328125 0.142578125 0.861328125 0.140625
1 0.380859375 0.06640625 0.376953125 0.0703125 0.375 0.068359375 0.3828125 0.076171875 0.380859375 0.07421875 0.384765625 0.0703125 0.38671875 0.072265625 0.38671875 0.07421875 0.388671875 0.07421875 0.38671875 0.072265625 0.388671875 0.0703125 0.38671875 0.072265625 0.384765625 0.0703125 0.384765625 0.068359375 0.384765625 0.0703125 0.3828125 0.072265625 0.380859375 0.0703125
1 0.7109375 0.033203125 0.7109375 0.03515625 0.708984375 0.037109375 0.70703125 0.037109375 0.70703125 0.0390625 0.705078125 0.041015625 0.70703125 0.0390625 0.708984375 0.041015625 0.708984375 0.044921875 0.712890625 0.041015625 0.71484375 0.04296875 0.712890625 0.041015625 0.712890625 0.0390625 0.71484375 0.037109375 0.712890625 0.0390625 0.7109375 0.0390625 0.708984375 0.037109375 0.712890625 0.033203125
