0 0.66796875 0.3515625 0.66796875 0.35546875 0.666015625 0.357421875 0.666015625 0.361328125 0.662109375 0.365234375 0.6640625 0.36328125 0.66796875 0.3671875 0.669921875 0.3671875 0.66796875 0.3671875 0.666015625 0.365234375 0.669921875 0.361328125 0.671875 0.36328125 0.673828125 0.361328125 0.677734375 0.361328125 0.673828125 0.361328125 0.66796875 0.35546875 0.66796875 0.353515625 0.669921875 0.3515625
0 0.767578125 0.25 0.76953125 0.251953125 0.771484375 0.251953125 0.7734375 0.25390625 0.771484375 0.255859375 0.7734375 0.2578125 0.775390625 0.255859375 0.775390625 0.25390625 0.77734375 0.251953125 0.779296875 0.251953125 0.775390625 0.251953125 0.7734375 0.25 0.771484375 0.251953125 0.76953125 0.251953125
0 0.044921875 0.21484375 0.04296875 0.216796875 0.044921875 0.21875 0.04296875 0.220703125 0.0390625 0.220703125 0.04296875 0.220703125 0.044921875 0.22265625 0.046875 0.220703125 0.05078125 0.224609375 0.052734375 0.224609375 0.05078125 0.224609375 0.048828125 0.22265625 0.05078125 0.220703125 0.048828125 0.21875 0.048828125 0.216796875 0.046875 0.21484375
0 0.181640625 0.064453125 0.181640625 0.06640625 0.1796875 0.068359375 0.181640625 0.068359375 0.18359375 0.0703125 0.181640625 0.072265625 0.18359375 0.07421875 0.181640625 0.076171875 0.185546875 0.072265625 0.185546875 0.06640625 0.18359375 0.06640625
0 0.548828125 0.048828125 0.548828125 0.056640625 0.55078125 0.0546875 0.556640625 0.060546875 0.552734375 0.056640625 0.556640625 0.052734375 0.5546875 0.05078125 0.5546875 0.048828125
0 0.333984375 0.0390625 0.3359375 0.041015625 0.33203125 0.044921875 0.330078125 0.04296875 0.33203125 0.044921875 0.33203125 0.046875 0.330078125 0.048828125 0.330078125 0.05078125 0.33203125 0.052734375 0.333984375 0.052734375 0.33203125 0.052734375 0.330078125 0.05078125 0.330078125 0.048828125 0.33203125 0.046875 0.333984375 0.048828125 0.337890625 0.048828125 0.341796875 0.044921875 0.33984375 0.04296875 0.341796875 0.041015625 0.33984375 0.0390625 0.337890625 0.041015625 0.3359375 0.041015625
1 0.66796875 0.3515625 0.66796875 0.35546875 0.666015625 0.357421875 0.666015625 0.361328125 0.662109375 0.365234375 0.6640625 0.36328125 0.66796875 0.3671875 0.669921875 0.3671875 0.66796875 0.3671875 0.666015625 0.365234375 0.669921875 0.361328125 0.671875 0.36328125 0.673828125 0.361328125 0.677734375 0.361328125 0.673828125 0.361328125 0.66796875 0.35546875 0.66796875 0.353515625 0.669921875 0.3515625
1 0.767578125 0.25 0.76953125 0.251953125 0.771484375 0.251953125 0.7734375 0.25390625 0.771484375 0.255859375 0.7734375 0.2578125 0.775390625 0.255859375 0.775390625 0.25390625 0.77734375 0.251953125 0.779296875 0.251953125 0.775390625 0.251953125 0.7734375 0.25 0.771484375 0.251953125 0.76953125 0.251953125
1 0.044921875 0.21484375 0.04296875 0.216796875 0.044921875 0.21875 0.04296875 0.220703125 0.0390625 0.220703125 0.04296875 0.220703125 0.044921875 0.22265625 0.046875 0.220703125 0.05078125 0.224609375 0.052734375 0.224609375 0.05078125 0.224609375 0.048828125 0.22265625 0.05078125 0.220703125 0.048828125 0.21875 0.048828125 0.216796875 0.046875 0.21484375
1 0.181640625 0.064453125 0.181640625 0.06640625 0.1796875 0.068359375 0.181640625 0.068359375 0.18359375 0.0703125 0.181640625 0.072265625 0.18359375 0.07421875 0.181640625 0.076171875 0.185546875 0.072265625 0.185546875 0.06640625 0.18359375 0.06640625
1 0.548828125 0.048828125 0.548828125 0.056640625 0.55078125 0.0546875 0.556640625 0.060546875 0.552734375 0.056640625 0.556640625 0.052734375 0.5546875 0.05078125 0.5546875 0.048828125
1 0.333984375 0.0390625 0.3359375 0.041015625 0.33203125 0.044921875 0.330078125 0.04296875 0.33203125 0.044921875 0.33203125 0.046875 0.330078125 0.048828125 0.330078125 0.05078125 0.33203125 0.052734375 0.333984375 0.052734375 0.33203125 0.052734375 0.330078125 0.05078125 0.330078125 0.048828125 0.33203125 0.046875 0.333984375 0.048828125 0.337890625 0.048828125 0.341796875 0.044921875 0.33984375 0.04296875 0.341796875 0.041015625 0.33984375 0.0390625 0.337890625 0.041015625 0.3359375 0.041015625
