0 0.25390625 0.427734375 0.251953125 0.4296875 0.25390625 0.431640625 0.25390625 0.43359375 0.255859375 0.435546875 0.2578125 0.43359375 0.259765625 0.43359375 0.259765625 0.431640625 0.26171875 0.4296875 0.263671875 0.431640625 0.259765625 0.427734375 0.2578125 0.4296875 0.255859375 0.4296875
0 0.65234375 0.26953125 0.654296875 0.271484375 0.654296875 0.2734375 0.650390625 0.27734375 0.65234375 0.27734375 0.654296875 0.279296875 0.65625 0.27734375 0.65625 0.2734375 0.654296875 0.271484375 0.65625 0.26953125 0.654296875 0.271484375
0 0.359375 0.126953125 0.361328125 0.12890625 0.361328125 0.134765625 0.36328125 0.13671875 0.36328125 0.138671875 0.36328125 0.13671875 0.365234375 0.134765625 0.3671875 0.13671875 0.365234375 0.134765625 0.365234375 0.1328125 0.369140625 0.12890625 0.3671875 0.126953125 0.369140625 0.12890625 0.3671875 0.130859375 0.365234375 0.130859375 0.36328125 0.12890625 0.36328125 0.126953125 0.361328125 0.12890625
0 0.109375 0.048828125 0.107421875 0.05078125 0.107421875 0.052734375 0.103515625 0.056640625 0.10546875 0.056640625 0.107421875 0.05859375 0.111328125 0.05859375 0.11328125 0.060546875 0.11328125 0.05078125 0.111328125 0.052734375 0.109375 0.052734375 0.107421875 0.05078125
0 0.890625 0.03125 0.888671875 0.033203125 0.890625 0.03515625 0.890625 0.037109375 0.892578125 0.0390625 0.890625 0.041015625 0.888671875 0.041015625 0.88671875 0.04296875 0.8828125 0.04296875 0.88671875 0.04296875 0.890625 0.046875 0.890625 0.048828125 0.89453125 0.044921875 0.896484375 0.046875 0.896484375 0.048828125 0.89453125 0.05078125 0.896484375 0.048828125 0.896484375 0.046875 0.89453125 0.044921875 0.896484375 0.04296875 0.89453125 0.044921875 0.890625 0.041015625 0.892578125 0.0390625 0.89453125 0.0390625 0.892578125 0.0390625 0.890625 0.037109375 0.890625 0.03515625 0.892578125 0.033203125
1 0.25390625 0.427734375 0.251953125 0.4296875 0.25390625 0.431640625 0.25390625 0.43359375 0.255859375 0.435546875 0.2578125 0.43359375 0.259765625 0.43359375 0.259765625 0.431640625 0.26171875 0.4296875 0.263671875 0.431640625 0.259765625 0.427734375 0.2578125 0.4296875 0.255859375 0.4296875
1 0.65234375 0.26953125 0.654296875 0.271484375 0.654296875 0.2734375 0.650390625 0.27734375 0.65234375 0.27734375 0.654296875 0.279296875 0.65625 0.27734375 0.65625 0.2734375 0.654296875 0.271484375 0.65625 0.26953125 0.654296875 0.271484375
1 0.359375 0.126953125 0.361328125 0.12890625 0.361328125 0.134765625 0.36328125 0.13671875 0.36328125 0.138671875 0.36328125 0.13671875 0.365234375 0.134765625 0.3671875 0.13671875 0.365234375 0.134765625 0.365234375 0.1328125 0.369140625 0.12890625 0.3671875 0.126953125 0.369140625 0.12890625 0.3671875 0.130859375 0.365234375 0.130859375 0.36328125 0.12890625 0.36328125 0.126953125 0.361328125 0.12890625
1 0.109375 0.048828125 0.107421875 0.05078125 0.107421875 0.052734375 0.103515625 0.056640625 0.10546875 0.056640625 0.107421875 0.05859375 0.111328125 0.05859375 0.11328125 0.060546875 0.11328125 0.05078125 0.111328125 0.052734375 0.109375 0.052734375 0.107421875 0.05078125
1 0.890625 0.03125 0.888671875 0.033203125 0.890625 0.03515625 0.890625 0.037109375 0.892578125 0.0390625 0.890625 0.041015625 0.888671875 0.041015625 0.88671875 0.04296875 0.8828125 0.04296875 0.88671875 0.04296875 0.890625 0.046875 0.890625 0.048828125 0.89453125 0.044921875 0.896484375 0.046875 0.896484375 0.048828125 0.89453125 0.05078125 0.896484375 0.048828125 0.896484375 0.046875 0.89453125 0.044921875 0.896484375 0.04296875 0.89453125 0.044921875 0.890625 0.041015625 0.892578125 0.0390625 0.89453125 0.0390625 0.892578125 0.0390625 0.890625 0.037109375 0.890625 0.03515625 0.892578125 0.033203125
