0 0.00390625 0.18359375 0.001953125 0.185546875 0.0 0.185546875 0.0 0.189453125 0.001953125 0.189453125 0.005859375 0.193359375 0.009765625 0.193359375 0.01171875 0.19140625 0.013671875 0.193359375 0.013671875 0.1953125 0.013671875 0.193359375 0.01171875 0.19140625 0.01171875 0.189453125 0.01171875 0.19140625 0.009765625 0.193359375 0.005859375 0.193359375 0.00390625 0.19140625 0.0078125 0.1875
0 0.2109375 0.171875 0.20703125 0.17578125 0.205078125 0.173828125 0.20703125 0.17578125 0.20703125 0.177734375 0.205078125 0.1796875 0.205078125 0.18359375 0.203125 0.185546875 0.205078125 0.18359375 0.20703125 0.18359375 0.208984375 0.181640625 0.2109375 0.181640625 0.212890625 0.18359375 0.2109375 0.185546875 0.212890625 0.18359375 0.208984375 0.1796875 0.208984375 0.177734375 0.20703125 0.17578125
0 0.708984375 0.140625 0.70703125 0.142578125 0.703125 0.142578125 0.703125 0.14453125 0.705078125 0.146484375 0.705078125 0.1484375 0.708984375 0.14453125 0.712890625 0.1484375 0.708984375 0.14453125 0.7109375 0.142578125
0 0.302734375 0.048828125 0.30078125 0.05078125 0.298828125 0.05078125 0.298828125 0.0546875 0.30078125 0.056640625 0.3046875 0.052734375 0.3046875 0.05078125 0.306640625 0.048828125 0.3046875 0.05078125
0 0.037109375 0.01953125 0.033203125 0.0234375 0.03125 0.021484375 0.0390625 0.029296875 0.037109375 0.02734375 0.041015625 0.0234375 0.04296875 0.025390625 0.04296875 0.02734375 0.044921875 0.02734375 0.04296875 0.025390625 0.044921875 0.0234375 0.04296875 0.025390625 0.041015625 0.0234375 0.041015625 0.021484375 0.041015625 0.0234375 0.0390625 0.025390625 0.037109375 0.0234375
1 0.00390625 0.18359375 0.001953125 0.185546875 0.0 0.185546875 0.0 0.189453125 0.001953125 0.189453125 0.005859375 0.193359375 0.009765625 0.193359375 0.01171875 0.19140625 0.013671875 0.193359375 0.013671875 0.1953125 0.013671875 0.193359375 0.01171875 0.19140625 0.01171875 0.189453125 0.01171875 0.19140625 0.009765625 0.193359375 0.005859375 0.193359375 0.00390625 0.19140625 0.0078125 0.1875
1 0.2109375 0.171875 0.20703125 0.17578125 0.205078125 0.173828125 0.20703125 0.17578125 0.20703125 0.177734375 0.205078125 0.1796875 0.205078125 0.18359375 0.203125 0.185546875 0.205078125 0.18359375 0.20703125 0.18359375 0.208984375 0.181640625 0.2109375 0.181640625 0.212890625 0.18359375 0.2109375 0.185546875 0.212890625 0.18359375 0.208984375 0.1796875 0.208984375 0.177734375 0.20703125 0.17578125
1 0.708984375 0.140625 0.70703125 0.142578125 0.703125 0.142578125 0.703125 0.14453125 0.705078125 0.146484375 0.705078125 0.1484375 0.708984375 0.14453125 0.712890625 0.1484375 0.708984375 0.14453125 0.7109375 0.142578125
1 0.302734375 0.048828125 0.30078125 0.05078125 0.298828125 0.05078125 0.298828125 0.0546875 0.30078125 0.056640625 0.3046875 0.052734375 0.3046875 0.05078125 0.306640625 0.048828125 0.3046875 0.05078125
1 0.037109375 0.01953125 0.033203125 0.0234375 0.03125 0.021484375 0.0390625 0.029296875 0.037109375 0.02734375 0.041015625 0.0234375 0.04296875 0.025390625 0.04296875 0.02734375 0.044921875 0.02734375 0.04296875 0.025390625 0.044921875 0.0234375 0.04296875 0.025390625 0.041015625 0.0234375 0.041015625 0.021484375 0.041015625 0.0234375 0.0390625 0.025390625 0.037109375 0.0234375
