0 0.970703125 0.75 0.97265625 0.751953125 0.97265625 0.755859375 0.970703125 0.7578125 0.97265625 0.755859375 0.974609375 0.7578125 0.9765625 0.755859375 0.978515625 0.755859375 0.978515625 0.75390625 0.98046875 0.751953125 0.978515625 0.75390625 0.974609375 0.75 0.97265625 0.751953125
0 0.890625 0.693359375 0.892578125 0.693359375 0.89453125 0.6953125 0.890625 0.69921875 0.888671875 0.697265625 0.88671875 0.69921875 0.8828125 0.69921875 0.88671875 0.69921875 0.890625 0.703125 0.892578125 0.703125 0.89453125 0.705078125 0.896484375 0.703125 0.89453125 0.701171875 0.89453125 0.69921875 0.8984375 0.6953125 0.896484375 0.697265625 0.892578125 0.693359375
0 0.05078125 0.53125 0.048828125 0.533203125 0.048828125 0.53515625 0.046875 0.537109375 0.048828125 0.5390625 0.048828125 0.541015625 0.05078125 0.54296875 0.052734375 0.54296875 0.0546875 0.541015625 0.056640625 0.541015625 0.052734375 0.537109375 0.0546875 0.53515625 0.0546875 0.533203125 0.0546875 0.53515625 0.05078125 0.5390625 0.048828125 0.5390625 0.046875 0.537109375 0.048828125 0.53515625 0.048828125 0.533203125
0 0.927734375 0.515625 0.927734375 0.517578125 0.92578125 0.51953125 0.92578125 0.521484375 0.927734375 0.5234375 0.93359375 0.517578125 0.935546875 0.51953125 0.93359375 0.517578125 0.935546875 0.515625 0.93359375 0.517578125 0.931640625 0.515625
0 0.55078125 0.376953125 0.548828125 0.37890625 0.548828125 0.380859375 0.546875 0.3828125 0.55078125 0.3828125 0.5546875 0.38671875 0.55078125 0.3828125 0.556640625 0.376953125 0.5546875 0.37890625 0.552734375 0.37890625
0 0.6796875 0.296875 0.681640625 0.298828125 0.6796875 0.30078125 0.681640625 0.30078125 0.68359375 0.302734375 0.68359375 0.3046875 0.681640625 0.306640625 0.68359375 0.3046875 0.685546875 0.306640625 0.68359375 0.3046875 0.685546875 0.302734375 0.685546875 0.298828125 0.68359375 0.296875
0 0.76171875 0.2578125 0.76171875 0.26171875 0.759765625 0.263671875 0.759765625 0.265625 0.7578125 0.267578125 0.759765625 0.265625 0.763671875 0.26953125 0.76171875 0.271484375 0.759765625 0.271484375 0.76171875 0.271484375 0.763671875 0.2734375 0.763671875 0.275390625 0.76171875 0.27734375 0.763671875 0.279296875 0.76171875 0.27734375 0.763671875 0.275390625 0.763671875 0.2734375 0.765625 0.271484375 0.763671875 0.26953125 0.767578125 0.265625 0.765625 0.265625 0.76171875 0.26171875 0.76171875 0.259765625 0.763671875 0.2578125
0 0.7578125 0.22265625 0.7578125 0.2265625 0.755859375 0.228515625 0.75390625 0.2265625 0.75390625 0.224609375 0.75390625 0.2265625 0.751953125 0.228515625 0.75 0.2265625 0.751953125 0.228515625 0.75 0.23046875 0.751953125 0.23046875 0.751953125 0.228515625 0.75390625 0.2265625 0.7578125 0.23046875 0.755859375 0.232421875 0.763671875 0.224609375 0.76171875 0.2265625
0 0.203125 0.21875 0.205078125 0.220703125 0.203125 0.22265625 0.203125 0.224609375 0.205078125 0.2265625 0.201171875 0.23046875 0.197265625 0.2265625 0.1953125 0.2265625 0.197265625 0.2265625 0.19921875 0.228515625 0.197265625 0.23046875 0.19921875 0.232421875 0.19921875 0.234375 0.201171875 0.236328125 0.203125 0.234375 0.205078125 0.236328125 0.205078125 0.23828125 0.203125 0.240234375 0.201171875 0.240234375 0.205078125 0.240234375 0.205078125 0.236328125 0.20703125 0.234375 0.20703125 0.232421875 0.208984375 0.23046875 0.20703125 0.232421875 0.203125 0.228515625 0.205078125 0.2265625 0.20703125 0.2265625 0.205078125 0.2265625 0.203125 0.224609375 0.203125 0.22265625 0.205078125 0.220703125
0 0.60546875 0.1953125 0.60546875 0.19921875 0.603515625 0.201171875 0.603515625 0.203125 0.6015625 0.205078125 0.603515625 0.203125 0.607421875 0.20703125 0.60546875 0.208984375 0.603515625 0.208984375 0.60546875 0.208984375 0.607421875 0.2109375 0.607421875 0.212890625 0.60546875 0.21484375 0.607421875 0.216796875 0.60546875 0.21484375 0.607421875 0.212890625 0.607421875 0.2109375 0.609375 0.208984375 0.607421875 0.20703125 0.611328125 0.203125 0.609375 0.203125 0.60546875 0.19921875 0.60546875 0.197265625 0.607421875 0.1953125
0 0.9609375 0.111328125 0.958984375 0.11328125 0.958984375 0.1171875 0.9609375 0.119140625 0.958984375 0.12109375 0.95703125 0.12109375 0.958984375 0.12109375 0.9609375 0.119140625 0.962890625 0.12109375 0.962890625 0.123046875 0.962890625 0.12109375 0.9609375 0.119140625 0.96484375 0.115234375 0.966796875 0.1171875 0.96484375 0.115234375 0.96484375 0.11328125 0.962890625 0.11328125
1 0.970703125 0.75 0.97265625 0.751953125 0.97265625 0.755859375 0.970703125 0.7578125 0.97265625 0.755859375 0.974609375 0.7578125 0.9765625 0.755859375 0.978515625 0.755859375 0.978515625 0.75390625 0.98046875 0.751953125 0.978515625 0.75390625 0.974609375 0.75 0.97265625 0.751953125
1 0.890625 0.693359375 0.892578125 0.693359375 0.89453125 0.6953125 0.890625 0.69921875 0.888671875 0.697265625 0.88671875 0.69921875 0.8828125 0.69921875 0.88671875 0.69921875 0.890625 0.703125 0.892578125 0.703125 0.89453125 0.705078125 0.896484375 0.703125 0.89453125 0.701171875 0.89453125 0.69921875 0.8984375 0.6953125 0.896484375 0.697265625 0.892578125 0.693359375
1 0.05078125 0.53125 0.048828125 0.533203125 0.048828125 0.53515625 0.046875 0.537109375 0.048828125 0.5390625 0.048828125 0.541015625 0.05078125 0.54296875 0.052734375 0.54296875 0.0546875 0.541015625 0.056640625 0.541015625 0.052734375 0.537109375 0.0546875 0.53515625 0.0546875 0.533203125 0.0546875 0.53515625 0.05078125 0.5390625 0.048828125 0.5390625 0.046875 0.537109375 0.048828125 0.53515625 0.048828125 0.533203125
1 0.927734375 0.515625 0.927734375 0.517578125 0.92578125 0.51953125 0.92578125 0.521484375 0.927734375 0.5234375 0.93359375 0.517578125 0.935546875 0.51953125 0.93359375 0.517578125 0.935546875 0.515625 0.93359375 0.517578125 0.931640625 0.515625
1 0.55078125 0.376953125 0.548828125 0.37890625 0.548828125 0.380859375 0.546875 0.3828125 0.55078125 0.3828125 0.5546875 0.38671875 0.55078125 0.3828125 0.556640625 0.376953125 0.5546875 0.37890625 0.552734375 0.37890625
1 0.6796875 0.296875 0.681640625 0.298828125 0.6796875 0.30078125 0.681640625 0.30078125 0.68359375 0.302734375 0.68359375 0.3046875 0.681640625 0.306640625 0.68359375 0.3046875 0.685546875 0.306640625 0.68359375 0.3046875 0.685546875 0.302734375 0.685546875 0.298828125 0.68359375 0.296875
1 0.76171875 0.2578125 0.76171875 0.26171875 0.759765625 0.263671875 0.759765625 0.265625 0.7578125 0.267578125 0.759765625 0.265625 0.763671875 0.26953125 0.76171875 0.271484375 0.759765625 0.271484375 0.76171875 0.271484375 0.763671875 0.2734375 0.763671875 0.275390625 0.76171875 0.27734375 0.763671875 0.279296875 0.76171875 0.27734375 0.763671875 0.275390625 0.763671875 0.2734375 0.765625 0.271484375 0.763671875 0.26953125 0.767578125 0.265625 0.765625 0.265625 0.76171875 0.26171875 0.76171875 0.259765625 0.763671875 0.2578125
1 0.7578125 0.22265625 0.7578125 0.2265625 0.755859375 0.228515625 0.75390625 0.2265625 0.75390625 0.224609375 0.75390625 0.2265625 0.751953125 0.228515625 0.75 0.2265625 0.751953125 0.228515625 0.75 0.23046875 0.751953125 0.23046875 0.751953125 0.228515625 0.75390625 0.2265625 0.7578125 0.23046875 0.755859375 0.232421875 0.763671875 0.224609375 0.76171875 0.2265625
1 0.203125 0.21875 0.205078125 0.220703125 0.203125 0.22265625 0.203125 0.224609375 0.205078125 0.2265625 0.201171875 0.23046875 0.197265625 0.2265625 0.1953125 0.2265625 0.197265625 0.2265625 0.19921875 0.228515625 0.197265625 0.23046875 0.19921875 0.232421875 0.19921875 0.234375 0.201171875 0.236328125 0.203125 0.234375 0.205078125 0.236328125 0.205078125 0.23828125 0.203125 0.240234375 0.201171875 0.240234375 0.205078125 0.240234375 0.205078125 0.236328125 0.20703125 0.234375 0.20703125 0.232421875 0.208984375 0.23046875 0.20703125 0.232421875 0.203125 0.228515625 0.205078125 0.2265625 0.20703125 0.2265625 0.205078125 0.2265625 0.203125 0.224609375 0.203125 0.22265625 0.205078125 0.220703125
1 0.60546875 0.1953125 0.60546875 0.19921875 0.603515625 0.201171875 0.603515625 0.203125 0.6015625 0.205078125 0.603515625 0.203125 0.607421875 0.20703125 0.60546875 0.208984375 0.603515625 0.208984375 0.60546875 0.208984375 0.607421875 0.2109375 0.607421875 0.212890625 0.60546875 0.21484375 0.607421875 0.216796875 0.60546875 0.21484375 0.607421875 0.212890625 0.607421875 0.2109375 0.609375 0.208984375 0.607421875 0.20703125 0.611328125 0.203125 0.609375 0.203125 0.60546875 0.19921875 0.60546875 0.197265625 0.607421875 0.1953125
1 0.9609375 0.111328125 0.958984375 0.11328125 0.958984375 0.1171875 0.9609375 0.119140625 0.958984375 0.12109375 0.95703125 0.12109375 0.958984375 0.12109375 0.9609375 0.119140625 0.962890625 0.12109375 0.962890625 0.123046875 0.962890625 0.12109375 0.9609375 0.119140625 0.96484375 0.115234375 0.966796875 0.1171875 0.96484375 0.115234375 0.96484375 0.11328125 0.962890625 0.11328125
