0 0.154296875 0.4375 0.15234375 0.439453125 0.1484375 0.439453125 0.15234375 0.439453125 0.154296875 0.44140625 0.15625 0.44140625 0.158203125 0.443359375 0.158203125 0.4453125 0.162109375 0.4453125 0.16015625 0.4453125 0.158203125 0.443359375 0.16015625 0.44140625 0.162109375 0.44140625 0.16015625 0.44140625 0.158203125 0.439453125 0.158203125 0.4375
0 0.572265625 0.421875 0.5703125 0.423828125 0.568359375 0.423828125 0.5703125 0.42578125 0.568359375 0.427734375 0.56640625 0.427734375 0.56640625 0.4296875 0.564453125 0.431640625 0.56640625 0.43359375 0.5703125 0.4296875 0.57421875 0.4296875 0.576171875 0.431640625 0.57421875 0.43359375 0.576171875 0.431640625 0.57421875 0.4296875 0.572265625 0.4296875 0.5703125 0.427734375 0.572265625 0.42578125 0.5703125 0.423828125
0 0.53125 0.40234375 0.53125 0.404296875 0.529296875 0.40625 0.52734375 0.40625 0.52734375 0.41015625 0.529296875 0.412109375 0.53125 0.412109375 0.533203125 0.41015625 0.533203125 0.404296875
0 0.666015625 0.34765625 0.6640625 0.349609375 0.662109375 0.349609375 0.66015625 0.3515625 0.658203125 0.3515625 0.66015625 0.3515625 0.662109375 0.353515625 0.66015625 0.35546875 0.662109375 0.357421875 0.666015625 0.357421875 0.669921875 0.353515625 0.669921875 0.3515625 0.66796875 0.3515625 0.669921875 0.353515625 0.66796875 0.35546875 0.666015625 0.35546875 0.6640625 0.353515625 0.662109375 0.353515625 0.66015625 0.3515625 0.662109375 0.349609375 0.6640625 0.349609375
0 0.515625 0.25 0.513671875 0.251953125 0.515625 0.25390625 0.515625 0.255859375 0.517578125 0.2578125 0.515625 0.259765625 0.513671875 0.259765625 0.51171875 0.26171875 0.5078125 0.26171875 0.51171875 0.26171875 0.513671875 0.263671875 0.513671875 0.265625 0.51171875 0.267578125 0.5078125 0.267578125 0.51171875 0.267578125 0.513671875 0.26953125 0.515625 0.26953125 0.517578125 0.271484375 0.515625 0.2734375 0.515625 0.275390625 0.513671875 0.27734375 0.515625 0.279296875 0.517578125 0.27734375 0.515625 0.275390625 0.515625 0.2734375 0.517578125 0.271484375 0.51953125 0.271484375 0.517578125 0.271484375 0.515625 0.26953125 0.51953125 0.265625 0.521484375 0.267578125 0.51953125 0.265625 0.51953125 0.263671875 0.521484375 0.26171875 0.51953125 0.263671875 0.515625 0.259765625 0.517578125 0.2578125 0.51953125 0.2578125 0.517578125 0.2578125 0.515625 0.255859375 0.515625 0.25390625 0.517578125 0.251953125
0 0.8671875 0.224609375 0.865234375 0.2265625 0.8671875 0.228515625 0.865234375 0.23046875 0.86328125 0.23046875 0.861328125 0.232421875 0.86328125 0.23046875 0.865234375 0.23046875 0.8671875 0.232421875 0.869140625 0.23046875 0.873046875 0.23046875 0.87109375 0.23046875 0.869140625 0.228515625 0.869140625 0.2265625
0 0.69921875 0.193359375 0.697265625 0.1953125 0.6953125 0.1953125 0.693359375 0.197265625 0.697265625 0.201171875 0.69921875 0.19921875 0.701171875 0.19921875 0.701171875 0.193359375
0 0.005859375 0.099609375 0.0078125 0.099609375 0.009765625 0.1015625 0.0078125 0.103515625 0.0078125 0.107421875 0.013671875 0.107421875 0.013671875 0.1015625 0.01171875 0.103515625 0.0078125 0.099609375
0 0.51953125 0.048828125 0.51953125 0.05078125 0.521484375 0.052734375 0.51953125 0.0546875 0.5234375 0.0546875 0.52734375 0.05859375 0.525390625 0.060546875 0.52734375 0.05859375 0.5234375 0.0546875 0.52734375 0.05078125 0.529296875 0.05078125 0.521484375 0.05078125
0 0.205078125 0.048828125 0.205078125 0.05078125 0.20703125 0.048828125 0.208984375 0.05078125 0.2109375 0.048828125 0.212890625 0.048828125 0.21484375 0.05078125 0.2109375 0.0546875 0.20703125 0.0546875 0.20703125 0.056640625 0.203125 0.060546875 0.205078125 0.05859375 0.212890625 0.05859375 0.216796875 0.0546875 0.21484375 0.052734375 0.21484375 0.05078125 0.212890625 0.048828125 0.2109375 0.048828125 0.208984375 0.05078125 0.20703125 0.048828125
1 0.154296875 0.4375 0.15234375 0.439453125 0.1484375 0.439453125 0.15234375 0.439453125 0.154296875 0.44140625 0.15625 0.44140625 0.158203125 0.443359375 0.158203125 0.4453125 0.162109375 0.4453125 0.16015625 0.4453125 0.158203125 0.443359375 0.16015625 0.44140625 0.162109375 0.44140625 0.16015625 0.44140625 0.158203125 0.439453125 0.158203125 0.4375
1 0.572265625 0.421875 0.5703125 0.423828125 0.568359375 0.423828125 0.5703125 0.42578125 0.568359375 0.427734375 0.56640625 0.427734375 0.56640625 0.4296875 0.564453125 0.431640625 0.56640625 0.43359375 0.5703125 0.4296875 0.57421875 0.4296875 0.576171875 0.431640625 0.57421875 0.43359375 0.576171875 0.431640625 0.57421875 0.4296875 0.572265625 0.4296875 0.5703125 0.427734375 0.572265625 0.42578125 0.5703125 0.423828125
1 0.53125 0.40234375 0.53125 0.404296875 0.529296875 0.40625 0.52734375 0.40625 0.52734375 0.41015625 0.529296875 0.412109375 0.53125 0.412109375 0.533203125 0.41015625 0.533203125 0.404296875
1 0.666015625 0.34765625 0.6640625 0.349609375 0.662109375 0.349609375 0.66015625 0.3515625 0.658203125 0.3515625 0.66015625 0.3515625 0.662109375 0.353515625 0.66015625 0.35546875 0.662109375 0.357421875 0.666015625 0.357421875 0.669921875 0.353515625 0.669921875 0.3515625 0.66796875 0.3515625 0.669921875 0.353515625 0.66796875 0.35546875 0.666015625 0.35546875 0.6640625 0.353515625 0.662109375 0.353515625 0.66015625 0.3515625 0.662109375 0.349609375 0.6640625 0.349609375
1 0.515625 0.25 0.513671875 0.251953125 0.515625 0.25390625 0.515625 0.255859375 0.517578125 0.2578125 0.515625 0.259765625 0.513671875 0.259765625 0.51171875 0.26171875 0.5078125 0.26171875 0.51171875 0.26171875 0.513671875 0.263671875 0.513671875 0.265625 0.51171875 0.267578125 0.5078125 0.267578125 0.51171875 0.267578125 0.513671875 0.26953125 0.515625 0.26953125 0.517578125 0.271484375 0.515625 0.2734375 0.515625 0.275390625 0.513671875 0.27734375 0.515625 0.279296875 0.517578125 0.27734375 0.515625 0.275390625 0.515625 0.2734375 0.517578125 0.271484375 0.51953125 0.271484375 0.517578125 0.271484375 0.515625 0.26953125 0.51953125 0.265625 0.521484375 0.267578125 0.51953125 0.265625 0.51953125 0.263671875 0.521484375 0.26171875 0.51953125 0.263671875 0.515625 0.259765625 0.517578125 0.2578125 0.51953125 0.2578125 0.517578125 0.2578125 0.515625 0.255859375 0.515625 0.25390625 0.517578125 0.251953125
1 0.8671875 0.224609375 0.865234375 0.2265625 0.8671875 0.228515625 0.865234375 0.23046875 0.86328125 0.23046875 0.861328125 0.232421875 0.86328125 0.23046875 0.865234375 0.23046875 0.8671875 0.232421875 0.869140625 0.23046875 0.873046875 0.23046875 0.87109375 0.23046875 0.869140625 0.228515625 0.869140625 0.2265625
1 0.69921875 0.193359375 0.697265625 0.1953125 0.6953125 0.1953125 0.693359375 0.197265625 0.697265625 0.201171875 0.69921875 0.19921875 0.701171875 0.19921875 0.701171875 0.193359375
1 0.005859375 0.099609375 0.0078125 0.099609375 0.009765625 0.1015625 0.0078125 0.103515625 0.0078125 0.107421875 0.013671875 0.107421875 0.013671875 0.1015625 0.01171875 0.103515625 0.0078125 0.099609375
1 0.51953125 0.048828125 0.51953125 0.05078125 0.521484375 0.052734375 0.51953125 0.0546875 0.5234375 0.0546875 0.52734375 0.05859375 0.525390625 0.060546875 0.52734375 0.05859375 0.5234375 0.0546875 0.52734375 0.05078125 0.529296875 0.05078125 0.521484375 0.05078125
1 0.205078125 0.048828125 0.205078125 0.05078125 0.20703125 0.048828125 0.208984375 0.05078125 0.2109375 0.048828125 0.212890625 0.048828125 0.21484375 0.05078125 0.2109375 0.0546875 0.20703125 0.0546875 0.20703125 0.056640625 0.203125 0.060546875 0.205078125 0.05859375 0.212890625 0.05859375 0.216796875 0.0546875 0.21484375 0.052734375 0.21484375 0.05078125 0.212890625 0.048828125 0.2109375 0.048828125 0.208984375 0.05078125 0.20703125 0.048828125
