0 0.87890625 0.640625 0.876953125 0.642578125 0.876953125 0.64453125 0.875 0.646484375 0.876953125 0.6484375 0.876953125 0.650390625 0.87890625 0.65234375 0.880859375 0.65234375 0.8828125 0.650390625 0.884765625 0.650390625 0.880859375 0.646484375 0.8828125 0.64453125 0.8828125 0.642578125 0.8828125 0.64453125 0.87890625 0.6484375 0.876953125 0.6484375 0.875 0.646484375 0.876953125 0.64453125 0.876953125 0.642578125
0 0.759765625 0.09375 0.76171875 0.095703125 0.759765625 0.09765625 0.76171875 0.099609375 0.759765625 0.1015625 0.7578125 0.1015625 0.759765625 0.103515625 0.759765625 0.10546875 0.76171875 0.103515625 0.763671875 0.103515625 0.763671875 0.09765625
0 0.8515625 0.080078125 0.8515625 0.08203125 0.849609375 0.083984375 0.84765625 0.083984375 0.84765625 0.0859375 0.845703125 0.087890625 0.84765625 0.0859375 0.849609375 0.087890625 0.849609375 0.091796875 0.853515625 0.087890625 0.85546875 0.08984375 0.853515625 0.087890625 0.853515625 0.0859375 0.85546875 0.083984375 0.853515625 0.0859375 0.8515625 0.0859375 0.849609375 0.083984375 0.853515625 0.080078125
0 0.462890625 0.078125 0.4609375 0.080078125 0.462890625 0.08203125 0.462890625 0.083984375 0.46484375 0.083984375 0.466796875 0.0859375 0.46484375 0.083984375 0.466796875 0.08203125 0.466796875 0.080078125 0.46484375 0.078125
0 0.4296875 0.037109375 0.427734375 0.0390625 0.4296875 0.041015625 0.427734375 0.04296875 0.4296875 0.04296875 0.431640625 0.044921875 0.435546875 0.041015625 0.43359375 0.0390625 0.43359375 0.037109375 0.43359375 0.0390625 0.431640625 0.041015625 0.4296875 0.0390625
1 0.87890625 0.640625 0.876953125 0.642578125 0.876953125 0.64453125 0.875 0.646484375 0.876953125 0.6484375 0.876953125 0.650390625 0.87890625 0.65234375 0.880859375 0.65234375 0.8828125 0.650390625 0.884765625 0.650390625 0.880859375 0.646484375 0.8828125 0.64453125 0.8828125 0.642578125 0.8828125 0.64453125 0.87890625 0.6484375 0.876953125 0.6484375 0.875 0.646484375 0.876953125 0.64453125 0.876953125 0.642578125
1 0.759765625 0.09375 0.76171875 0.095703125 0.759765625 0.09765625 0.76171875 0.099609375 0.759765625 0.1015625 0.7578125 0.1015625 0.759765625 0.103515625 0.759765625 0.10546875 0.76171875 0.103515625 0.763671875 0.103515625 0.763671875 0.09765625
1 0.8515625 0.080078125 0.8515625 0.08203125 0.849609375 0.083984375 0.84765625 0.083984375 0.84765625 0.0859375 0.845703125 0.087890625 0.84765625 0.0859375 0.849609375 0.087890625 0.849609375 0.091796875 0.853515625 0.087890625 0.85546875 0.08984375 0.853515625 0.087890625 0.853515625 0.0859375 0.85546875 0.083984375 0.853515625 0.0859375 0.8515625 0.0859375 0.849609375 0.083984375 0.853515625 0.080078125
1 0.462890625 0.078125 0.4609375 0.080078125 0.462890625 0.08203125 0.462890625 0.083984375 0.46484375 0.083984375 0.466796875 0.0859375 0.46484375 0.083984375 0.466796875 0.08203125 0.466796875 0.080078125 0.46484375 0.078125
1 0.4296875 0.037109375 0.427734375 0.0390625 0.4296875 0.041015625 0.427734375 0.04296875 0.4296875 0.04296875 0.431640625 0.044921875 0.435546875 0.041015625 0.43359375 0.0390625 0.43359375 0.037109375 0.43359375 0.0390625 0.431640625 0.041015625 0.4296875 0.0390625
