0 0.884765625 0.9375 0.8828125 0.939453125 0.8828125 0.947265625 0.884765625 0.947265625 0.88671875 0.94921875 0.890625 0.94921875 0.892578125 0.947265625 0.89453125 0.947265625 0.89453125 0.939453125 0.892578125 0.939453125 0.890625 0.9375
0 0.146484375 0.908203125 0.14453125 0.91015625 0.14453125 0.91796875 0.146484375 0.919921875 0.150390625 0.919921875 0.15234375 0.91796875 0.154296875 0.91796875 0.154296875 0.91015625 0.15234375 0.91015625 0.150390625 0.908203125
0 0.783203125 0.90625 0.78125 0.908203125 0.78125 0.9140625 0.783203125 0.916015625 0.783203125 0.91796875 0.78515625 0.91796875 0.787109375 0.919921875 0.79296875 0.919921875 0.79296875 0.908203125 0.791015625 0.90625
0 0.865234375 0.8828125 0.86328125 0.884765625 0.861328125 0.884765625 0.861328125 0.8984375 0.865234375 0.8984375 0.8671875 0.900390625 0.869140625 0.900390625 0.87109375 0.8984375 0.876953125 0.8984375 0.876953125 0.884765625 0.875 0.8828125
0 0.228515625 0.859375 0.2265625 0.861328125 0.224609375 0.861328125 0.224609375 0.869140625 0.2265625 0.869140625 0.228515625 0.87109375 0.232421875 0.87109375 0.234375 0.869140625 0.234375 0.861328125 0.232421875 0.859375
0 0.591796875 0.853515625 0.591796875 0.865234375 0.59765625 0.865234375 0.599609375 0.86328125 0.599609375 0.85546875 0.59765625 0.853515625
0 0.1328125 0.845703125 0.130859375 0.84765625 0.130859375 0.853515625 0.138671875 0.853515625 0.138671875 0.84765625 0.13671875 0.845703125
0 0.025390625 0.69921875 0.0234375 0.701171875 0.0234375 0.705078125 0.025390625 0.70703125 0.025390625 0.708984375 0.033203125 0.708984375 0.033203125 0.701171875 0.03125 0.701171875 0.029296875 0.69921875
0 0.546875 0.6328125 0.544921875 0.634765625 0.544921875 0.64453125 0.5546875 0.64453125 0.556640625 0.642578125 0.556640625 0.634765625 0.5546875 0.6328125
0 0.703125 0.490234375 0.701171875 0.4921875 0.701171875 0.498046875 0.703125 0.5 0.703125 0.501953125 0.71484375 0.501953125 0.71484375 0.4921875 0.712890625 0.490234375
0 0.115234375 0.462890625 0.115234375 0.46484375 0.11328125 0.466796875 0.11328125 0.47265625 0.123046875 0.47265625 0.125 0.470703125 0.125 0.466796875 0.123046875 0.46484375 0.123046875 0.462890625
0 0.849609375 0.447265625 0.84765625 0.44921875 0.84765625 0.453125 0.849609375 0.455078125 0.859375 0.455078125 0.859375 0.44921875 0.857421875 0.447265625
0 0.95703125 0.412109375 0.955078125 0.4140625 0.953125 0.4140625 0.953125 0.416015625 0.951171875 0.41796875 0.951171875 0.4296875 0.953125 0.431640625 0.953125 0.43359375 0.966796875 0.43359375 0.966796875 0.431640625 0.96875 0.4296875 0.96875 0.4140625 0.966796875 0.412109375
0 0.619140625 0.412109375 0.6171875 0.4140625 0.6171875 0.423828125 0.619140625 0.42578125 0.619140625 0.427734375 0.62890625 0.427734375 0.62890625 0.42578125 0.630859375 0.423828125 0.6328125 0.423828125 0.6328125 0.4140625 0.630859375 0.4140625 0.62890625 0.412109375
0 0.794921875 0.375 0.79296875 0.376953125 0.79296875 0.38671875 0.794921875 0.388671875 0.794921875 0.390625 0.802734375 0.390625 0.802734375 0.388671875 0.8046875 0.38671875 0.8046875 0.376953125 0.802734375 0.375
0 0.181640625 0.357421875 0.1796875 0.359375 0.1796875 0.3671875 0.181640625 0.369140625 0.189453125 0.369140625 0.19140625 0.3671875 0.19140625 0.359375 0.189453125 0.357421875
0 0.3828125 0.35546875 0.37890625 0.359375 0.376953125 0.359375 0.376953125 0.36328125 0.375 0.365234375 0.375 0.37890625 0.376953125 0.380859375 0.380859375 0.380859375 0.3828125 0.3828125 0.3828125 0.384765625 0.396484375 0.384765625 0.396484375 0.3828125 0.3984375 0.380859375 0.40234375 0.380859375 0.40234375 0.376953125 0.404296875 0.375 0.404296875 0.365234375 0.40234375 0.36328125 0.400390625 0.36328125 0.3984375 0.361328125 0.3984375 0.359375 0.396484375 0.357421875 0.39453125 0.357421875 0.392578125 0.35546875
0 0.236328125 0.302734375 0.236328125 0.3046875 0.234375 0.306640625 0.234375 0.318359375 0.236328125 0.3203125 0.251953125 0.3203125 0.251953125 0.31640625 0.25390625 0.314453125 0.25390625 0.30859375 0.25 0.3046875 0.25 0.302734375
0 0.125 0.30078125 0.123046875 0.302734375 0.12109375 0.302734375 0.12109375 0.310546875 0.123046875 0.310546875 0.126953125 0.314453125 0.130859375 0.314453125 0.1328125 0.3125 0.13671875 0.3125 0.13671875 0.302734375 0.134765625 0.30078125
0 0.8359375 0.158203125 0.8359375 0.16015625 0.833984375 0.162109375 0.83203125 0.162109375 0.83203125 0.173828125 0.833984375 0.173828125 0.8359375 0.17578125 0.8359375 0.177734375 0.837890625 0.1796875 0.845703125 0.1796875 0.84765625 0.177734375 0.8515625 0.177734375 0.8515625 0.17578125 0.853515625 0.173828125 0.853515625 0.162109375 0.8515625 0.16015625 0.8515625 0.158203125
0 0.703125 0.15625 0.701171875 0.158203125 0.701171875 0.16796875 0.712890625 0.16796875 0.712890625 0.158203125 0.7109375 0.15625
0 0.51953125 0.119140625 0.517578125 0.12109375 0.515625 0.12109375 0.515625 0.12890625 0.525390625 0.12890625 0.525390625 0.12109375 0.5234375 0.119140625
0 0.3515625 0.052734375 0.349609375 0.0546875 0.34375 0.0546875 0.34375 0.07421875 0.345703125 0.076171875 0.365234375 0.076171875 0.365234375 0.072265625 0.3671875 0.0703125 0.3671875 0.06640625 0.369140625 0.064453125 0.369140625 0.060546875 0.3671875 0.05859375 0.3671875 0.0546875 0.365234375 0.052734375
1 0.884765625 0.9375 0.8828125 0.939453125 0.8828125 0.947265625 0.884765625 0.947265625 0.88671875 0.94921875 0.890625 0.94921875 0.892578125 0.947265625 0.89453125 0.947265625 0.89453125 0.939453125 0.892578125 0.939453125 0.890625 0.9375
1 0.146484375 0.908203125 0.14453125 0.91015625 0.14453125 0.91796875 0.146484375 0.919921875 0.150390625 0.919921875 0.15234375 0.91796875 0.154296875 0.91796875 0.154296875 0.91015625 0.15234375 0.91015625 0.150390625 0.908203125
1 0.783203125 0.90625 0.78125 0.908203125 0.78125 0.9140625 0.783203125 0.916015625 0.783203125 0.91796875 0.78515625 0.91796875 0.787109375 0.919921875 0.79296875 0.919921875 0.79296875 0.908203125 0.791015625 0.90625
1 0.865234375 0.8828125 0.86328125 0.884765625 0.861328125 0.884765625 0.861328125 0.8984375 0.865234375 0.8984375 0.8671875 0.900390625 0.869140625 0.900390625 0.87109375 0.8984375 0.876953125 0.8984375 0.876953125 0.884765625 0.875 0.8828125
1 0.228515625 0.859375 0.2265625 0.861328125 0.224609375 0.861328125 0.224609375 0.869140625 0.2265625 0.869140625 0.228515625 0.87109375 0.232421875 0.87109375 0.234375 0.869140625 0.234375 0.861328125 0.232421875 0.859375
1 0.591796875 0.853515625 0.591796875 0.865234375 0.59765625 0.865234375 0.599609375 0.86328125 0.599609375 0.85546875 0.59765625 0.853515625
1 0.1328125 0.845703125 0.130859375 0.84765625 0.130859375 0.853515625 0.138671875 0.853515625 0.138671875 0.84765625 0.13671875 0.845703125
1 0.025390625 0.69921875 0.0234375 0.701171875 0.0234375 0.705078125 0.025390625 0.70703125 0.025390625 0.708984375 0.033203125 0.708984375 0.033203125 0.701171875 0.03125 0.701171875 0.029296875 0.69921875
1 0.546875 0.6328125 0.544921875 0.634765625 0.544921875 0.64453125 0.5546875 0.64453125 0.556640625 0.642578125 0.556640625 0.634765625 0.5546875 0.6328125
1 0.703125 0.490234375 0.701171875 0.4921875 0.701171875 0.498046875 0.703125 0.5 0.703125 0.501953125 0.71484375 0.501953125 0.71484375 0.4921875 0.712890625 0.490234375
1 0.115234375 0.462890625 0.115234375 0.46484375 0.11328125 0.466796875 0.11328125 0.47265625 0.123046875 0.47265625 0.125 0.470703125 0.125 0.466796875 0.123046875 0.46484375 0.123046875 0.462890625
1 0.849609375 0.447265625 0.84765625 0.44921875 0.84765625 0.453125 0.849609375 0.455078125 0.859375 0.455078125 0.859375 0.44921875 0.857421875 0.447265625
1 0.95703125 0.412109375 0.955078125 0.4140625 0.953125 0.4140625 0.953125 0.416015625 0.951171875 0.41796875 0.951171875 0.4296875 0.953125 0.431640625 0.953125 0.43359375 0.966796875 0.43359375 0.966796875 0.431640625 0.96875 0.4296875 0.96875 0.4140625 0.966796875 0.412109375
1 0.619140625 0.412109375 0.6171875 0.4140625 0.6171875 0.423828125 0.619140625 0.42578125 0.619140625 0.427734375 0.62890625 0.427734375 0.62890625 0.42578125 0.630859375 0.423828125 0.6328125 0.423828125 0.6328125 0.4140625 0.630859375 0.4140625 0.62890625 0.412109375
1 0.794921875 0.375 0.79296875 0.376953125 0.79296875 0.38671875 0.794921875 0.388671875 0.794921875 0.390625 0.802734375 0.390625 0.802734375 0.388671875 0.8046875 0.38671875 0.8046875 0.376953125 0.802734375 0.375
1 0.181640625 0.357421875 0.1796875 0.359375 0.1796875 0.3671875 0.181640625 0.369140625 0.189453125 0.369140625 0.19140625 0.3671875 0.19140625 0.359375 0.189453125 0.357421875
1 0.3828125 0.35546875 0.37890625 0.359375 0.376953125 0.359375 0.376953125 0.36328125 0.375 0.365234375 0.375 0.37890625 0.376953125 0.380859375 0.380859375 0.380859375 0.3828125 0.3828125 0.3828125 0.384765625 0.396484375 0.384765625 0.396484375 0.3828125 0.3984375 0.380859375 0.40234375 0.380859375 0.40234375 0.376953125 0.404296875 0.375 0.404296875 0.365234375 0.40234375 0.36328125 0.400390625 0.36328125 0.3984375 0.361328125 0.3984375 0.359375 0.396484375 0.357421875 0.39453125 0.357421875 0.392578125 0.35546875
1 0.236328125 0.302734375 0.236328125 0.3046875 0.234375 0.306640625 0.234375 0.318359375 0.236328125 0.3203125 0.251953125 0.3203125 0.251953125 0.31640625 0.25390625 0.314453125 0.25390625 0.30859375 0.25 0.3046875 0.25 0.302734375
1 0.125 0.30078125 0.123046875 0.302734375 0.12109375 0.302734375 0.12109375 0.310546875 0.123046875 0.310546875 0.126953125 0.314453125 0.130859375 0.314453125 0.1328125 0.3125 0.13671875 0.3125 0.13671875 0.302734375 0.134765625 0.30078125
1 0.8359375 0.158203125 0.8359375 0.16015625 0.833984375 0.162109375 0.83203125 0.162109375 0.83203125 0.173828125 0.833984375 0.173828125 0.8359375 0.17578125 0.8359375 0.177734375 0.837890625 0.1796875 0.845703125 0.1796875 0.84765625 0.177734375 0.8515625 0.177734375 0.8515625 0.17578125 0.853515625 0.173828125 0.853515625 0.162109375 0.8515625 0.16015625 0.8515625 0.158203125
1 0.703125 0.15625 0.701171875 0.158203125 0.701171875 0.16796875 0.712890625 0.16796875 0.712890625 0.158203125 0.7109375 0.15625
1 0.51953125 0.119140625 0.517578125 0.12109375 0.515625 0.12109375 0.515625 0.12890625 0.525390625 0.12890625 0.525390625 0.12109375 0.5234375 0.119140625
1 0.3515625 0.052734375 0.349609375 0.0546875 0.34375 0.0546875 0.34375 0.07421875 0.345703125 0.076171875 0.365234375 0.076171875 0.365234375 0.072265625 0.3671875 0.0703125 0.3671875 0.06640625 0.369140625 0.064453125 0.369140625 0.060546875 0.3671875 0.05859375 0.3671875 0.0546875 0.365234375 0.052734375
