0 0.44921875 0.892578125 0.447265625 0.89453125 0.447265625 0.896484375 0.4453125 0.8984375 0.4453125 0.900390625 0.443359375 0.90234375 0.443359375 0.904296875 0.44140625 0.90625 0.44140625 0.921875 0.443359375 0.921875 0.44921875 0.927734375 0.451171875 0.927734375 0.453125 0.9296875 0.45703125 0.9296875 0.458984375 0.927734375 0.4609375 0.927734375 0.462890625 0.92578125 0.46484375 0.92578125 0.466796875 0.923828125 0.470703125 0.923828125 0.47265625 0.921875 0.474609375 0.921875 0.474609375 0.919921875 0.4765625 0.91796875 0.4765625 0.9140625 0.478515625 0.912109375 0.478515625 0.90625 0.4765625 0.904296875 0.4765625 0.90234375 0.474609375 0.900390625 0.474609375 0.8984375 0.47265625 0.8984375 0.470703125 0.896484375 0.466796875 0.896484375 0.46484375 0.89453125 0.45703125 0.89453125 0.455078125 0.892578125
0 0.240234375 0.3203125 0.23828125 0.322265625 0.236328125 0.322265625 0.234375 0.32421875 0.234375 0.328125 0.236328125 0.330078125 0.236328125 0.33203125 0.23828125 0.333984375 0.23828125 0.3359375 0.2421875 0.33984375 0.255859375 0.33984375 0.2578125 0.337890625 0.2578125 0.3359375 0.259765625 0.333984375 0.259765625 0.328125 0.2578125 0.326171875 0.2578125 0.32421875 0.255859375 0.322265625 0.255859375 0.3203125
0 0.291015625 0.291015625 0.2890625 0.29296875 0.2890625 0.294921875 0.287109375 0.296875 0.287109375 0.302734375 0.2890625 0.3046875 0.2890625 0.306640625 0.291015625 0.30859375 0.29296875 0.30859375 0.294921875 0.310546875 0.302734375 0.310546875 0.3046875 0.30859375 0.306640625 0.30859375 0.30859375 0.306640625 0.30859375 0.3046875 0.306640625 0.302734375 0.306640625 0.294921875 0.3046875 0.29296875 0.302734375 0.29296875 0.30078125 0.291015625
0 0.259765625 0.28515625 0.255859375 0.2890625 0.255859375 0.29296875 0.25390625 0.294921875 0.255859375 0.296875 0.255859375 0.298828125 0.2578125 0.30078125 0.2578125 0.302734375 0.259765625 0.302734375 0.26171875 0.3046875 0.271484375 0.3046875 0.2734375 0.302734375 0.275390625 0.302734375 0.275390625 0.30078125 0.27734375 0.298828125 0.27734375 0.294921875 0.275390625 0.29296875 0.275390625 0.291015625 0.2734375 0.2890625 0.2734375 0.287109375 0.271484375 0.287109375 0.26953125 0.28515625
0 0.966796875 0.23828125 0.96484375 0.240234375 0.96484375 0.24609375 0.966796875 0.24609375 0.96875 0.248046875 0.970703125 0.24609375 0.970703125 0.244140625 0.97265625 0.2421875 0.97265625 0.240234375 0.970703125 0.23828125
1 0.44921875 0.892578125 0.447265625 0.89453125 0.447265625 0.896484375 0.4453125 0.8984375 0.4453125 0.900390625 0.443359375 0.90234375 0.443359375 0.904296875 0.44140625 0.90625 0.44140625 0.921875 0.443359375 0.921875 0.44921875 0.927734375 0.451171875 0.927734375 0.453125 0.9296875 0.45703125 0.9296875 0.458984375 0.927734375 0.4609375 0.927734375 0.462890625 0.92578125 0.46484375 0.92578125 0.466796875 0.923828125 0.470703125 0.923828125 0.47265625 0.921875 0.474609375 0.921875 0.474609375 0.919921875 0.4765625 0.91796875 0.4765625 0.9140625 0.478515625 0.912109375 0.478515625 0.90625 0.4765625 0.904296875 0.4765625 0.90234375 0.474609375 0.900390625 0.474609375 0.8984375 0.47265625 0.8984375 0.470703125 0.896484375 0.466796875 0.896484375 0.46484375 0.89453125 0.45703125 0.89453125 0.455078125 0.892578125
1 0.240234375 0.3203125 0.23828125 0.322265625 0.236328125 0.322265625 0.234375 0.32421875 0.234375 0.328125 0.236328125 0.330078125 0.236328125 0.33203125 0.23828125 0.333984375 0.23828125 0.3359375 0.2421875 0.33984375 0.255859375 0.33984375 0.2578125 0.337890625 0.2578125 0.3359375 0.259765625 0.333984375 0.259765625 0.328125 0.2578125 0.326171875 0.2578125 0.32421875 0.255859375 0.322265625 0.255859375 0.3203125
1 0.291015625 0.291015625 0.2890625 0.29296875 0.2890625 0.294921875 0.287109375 0.296875 0.287109375 0.302734375 0.2890625 0.3046875 0.2890625 0.306640625 0.291015625 0.30859375 0.29296875 0.30859375 0.294921875 0.310546875 0.302734375 0.310546875 0.3046875 0.30859375 0.306640625 0.30859375 0.30859375 0.306640625 0.30859375 0.3046875 0.306640625 0.302734375 0.306640625 0.294921875 0.3046875 0.29296875 0.302734375 0.29296875 0.30078125 0.291015625
1 0.259765625 0.28515625 0.255859375 0.2890625 0.255859375 0.29296875 0.25390625 0.294921875 0.255859375 0.296875 0.255859375 0.298828125 0.2578125 0.30078125 0.2578125 0.302734375 0.259765625 0.302734375 0.26171875 0.3046875 0.271484375 0.3046875 0.2734375 0.302734375 0.275390625 0.302734375 0.275390625 0.30078125 0.27734375 0.298828125 0.27734375 0.294921875 0.275390625 0.29296875 0.275390625 0.291015625 0.2734375 0.2890625 0.2734375 0.287109375 0.271484375 0.287109375 0.26953125 0.28515625
1 0.966796875 0.23828125 0.96484375 0.240234375 0.96484375 0.24609375 0.966796875 0.24609375 0.96875 0.248046875 0.970703125 0.24609375 0.970703125 0.244140625 0.97265625 0.2421875 0.97265625 0.240234375 0.970703125 0.23828125
