0 0.966796875 0.986328125 0.966796875 0.990234375 0.96484375 0.9921875 0.96484375 0.99609375 0.966796875 0.998046875 0.970703125 0.998046875 0.97265625 0.99609375 0.97265625 0.98828125 0.970703125 0.986328125
0 0.68359375 0.943359375 0.681640625 0.9453125 0.681640625 0.947265625 0.68359375 0.94921875 0.68359375 0.953125 0.69140625 0.953125 0.69140625 0.951171875 0.693359375 0.94921875 0.693359375 0.9453125 0.69140625 0.943359375
0 0.76171875 0.73828125 0.76171875 0.740234375 0.759765625 0.7421875 0.759765625 0.74609375 0.76171875 0.748046875 0.76953125 0.748046875 0.771484375 0.74609375 0.771484375 0.7421875 0.76953125 0.740234375 0.76953125 0.73828125
0 0.70703125 0.712890625 0.705078125 0.71484375 0.705078125 0.724609375 0.70703125 0.7265625 0.70703125 0.728515625 0.720703125 0.728515625 0.720703125 0.7265625 0.72265625 0.724609375 0.72265625 0.71484375 0.720703125 0.712890625
0 0.580078125 0.68359375 0.580078125 0.685546875 0.576171875 0.689453125 0.576171875 0.705078125 0.578125 0.70703125 0.587890625 0.70703125 0.58984375 0.705078125 0.59375 0.705078125 0.59375 0.701171875 0.595703125 0.69921875 0.595703125 0.693359375 0.59375 0.69140625 0.59375 0.6875 0.591796875 0.6875 0.58984375 0.685546875 0.58984375 0.68359375
0 0.626953125 0.62890625 0.626953125 0.630859375 0.625 0.6328125 0.623046875 0.6328125 0.623046875 0.646484375 0.625 0.646484375 0.626953125 0.6484375 0.626953125 0.65234375 0.6484375 0.65234375 0.650390625 0.650390625 0.650390625 0.6328125 0.6484375 0.630859375 0.6484375 0.62890625
0 0.947265625 0.5859375 0.9453125 0.587890625 0.943359375 0.587890625 0.943359375 0.58984375 0.94140625 0.591796875 0.94140625 0.59765625 0.943359375 0.599609375 0.943359375 0.6015625 0.951171875 0.6015625 0.951171875 0.599609375 0.953125 0.59765625 0.953125 0.587890625 0.951171875 0.5859375
0 0.6640625 0.396484375 0.662109375 0.3984375 0.662109375 0.40625 0.6640625 0.408203125 0.673828125 0.408203125 0.67578125 0.40625 0.6796875 0.40625 0.6796875 0.3984375 0.677734375 0.396484375
1 0.966796875 0.986328125 0.966796875 0.990234375 0.96484375 0.9921875 0.96484375 0.99609375 0.966796875 0.998046875 0.970703125 0.998046875 0.97265625 0.99609375 0.97265625 0.98828125 0.970703125 0.986328125
1 0.68359375 0.943359375 0.681640625 0.9453125 0.681640625 0.947265625 0.68359375 0.94921875 0.68359375 0.953125 0.69140625 0.953125 0.69140625 0.951171875 0.693359375 0.94921875 0.693359375 0.9453125 0.69140625 0.943359375
1 0.76171875 0.73828125 0.76171875 0.740234375 0.759765625 0.7421875 0.759765625 0.74609375 0.76171875 0.748046875 0.76953125 0.748046875 0.771484375 0.74609375 0.771484375 0.7421875 0.76953125 0.740234375 0.76953125 0.73828125
1 0.70703125 0.712890625 0.705078125 0.71484375 0.705078125 0.724609375 0.70703125 0.7265625 0.70703125 0.728515625 0.720703125 0.728515625 0.720703125 0.7265625 0.72265625 0.724609375 0.72265625 0.71484375 0.720703125 0.712890625
1 0.580078125 0.68359375 0.580078125 0.685546875 0.576171875 0.689453125 0.576171875 0.705078125 0.578125 0.70703125 0.587890625 0.70703125 0.58984375 0.705078125 0.59375 0.705078125 0.59375 0.701171875 0.595703125 0.69921875 0.595703125 0.693359375 0.59375 0.69140625 0.59375 0.6875 0.591796875 0.6875 0.58984375 0.685546875 0.58984375 0.68359375
1 0.626953125 0.62890625 0.626953125 0.630859375 0.625 0.6328125 0.623046875 0.6328125 0.623046875 0.646484375 0.625 0.646484375 0.626953125 0.6484375 0.626953125 0.65234375 0.6484375 0.65234375 0.650390625 0.650390625 0.650390625 0.6328125 0.6484375 0.630859375 0.6484375 0.62890625
1 0.947265625 0.5859375 0.9453125 0.587890625 0.943359375 0.587890625 0.943359375 0.58984375 0.94140625 0.591796875 0.94140625 0.59765625 0.943359375 0.599609375 0.943359375 0.6015625 0.951171875 0.6015625 0.951171875 0.599609375 0.953125 0.59765625 0.953125 0.587890625 0.951171875 0.5859375
1 0.6640625 0.396484375 0.662109375 0.3984375 0.662109375 0.40625 0.6640625 0.408203125 0.673828125 0.408203125 0.67578125 0.40625 0.6796875 0.40625 0.6796875 0.3984375 0.677734375 0.396484375
