0 0.42578125 0.921875 0.42578125 0.923828125 0.427734375 0.92578125 0.427734375 0.927734375 0.4296875 0.9296875 0.431640625 0.9296875 0.43359375 0.927734375 0.43359375 0.923828125 0.431640625 0.921875
0 0.771484375 0.775390625 0.76953125 0.77734375 0.767578125 0.77734375 0.765625 0.779296875 0.765625 0.78125 0.767578125 0.783203125 0.771484375 0.783203125 0.7734375 0.78125 0.775390625 0.78125 0.775390625 0.77734375 0.7734375 0.775390625
0 0.771484375 0.75 0.771484375 0.7578125 0.77734375 0.7578125 0.78125 0.75390625 0.78125 0.751953125 0.779296875 0.75
0 0.654296875 0.736328125 0.650390625 0.740234375 0.650390625 0.75 0.65234375 0.751953125 0.65234375 0.75390625 0.658203125 0.75390625 0.66015625 0.751953125 0.662109375 0.751953125 0.662109375 0.75 0.6640625 0.748046875 0.6640625 0.7421875 0.662109375 0.740234375 0.662109375 0.73828125 0.66015625 0.736328125
0 0.611328125 0.732421875 0.609375 0.734375 0.609375 0.73828125 0.611328125 0.740234375 0.615234375 0.740234375 0.615234375 0.73828125 0.6171875 0.736328125 0.6171875 0.734375 0.615234375 0.732421875
0 0.751953125 0.68359375 0.75 0.685546875 0.748046875 0.685546875 0.744140625 0.689453125 0.744140625 0.6953125 0.7421875 0.697265625 0.7421875 0.703125 0.744140625 0.705078125 0.75390625 0.705078125 0.7578125 0.701171875 0.7578125 0.6953125 0.759765625 0.693359375 0.759765625 0.689453125 0.7578125 0.6875 0.7578125 0.685546875 0.755859375 0.685546875 0.75390625 0.68359375
0 0.8671875 0.6015625 0.865234375 0.603515625 0.86328125 0.603515625 0.857421875 0.609375 0.857421875 0.61328125 0.85546875 0.615234375 0.85546875 0.619140625 0.859375 0.623046875 0.87109375 0.623046875 0.873046875 0.62109375 0.875 0.62109375 0.87890625 0.6171875 0.87890625 0.607421875 0.876953125 0.60546875 0.876953125 0.603515625 0.875 0.603515625 0.873046875 0.6015625
0 0.84375 0.58203125 0.841796875 0.583984375 0.83984375 0.583984375 0.8359375 0.587890625 0.83203125 0.587890625 0.828125 0.591796875 0.828125 0.599609375 0.830078125 0.6015625 0.8359375 0.6015625 0.837890625 0.603515625 0.845703125 0.603515625 0.84765625 0.6015625 0.849609375 0.6015625 0.8515625 0.599609375 0.8515625 0.59765625 0.853515625 0.595703125 0.853515625 0.587890625 0.84765625 0.58203125
0 0.974609375 0.56640625 0.97265625 0.568359375 0.970703125 0.568359375 0.966796875 0.572265625 0.966796875 0.58203125 0.96875 0.583984375 0.96875 0.5859375 0.970703125 0.587890625 0.978515625 0.587890625 0.98046875 0.5859375 0.986328125 0.5859375 0.98828125 0.583984375 0.98828125 0.580078125 0.990234375 0.578125 0.990234375 0.572265625 0.986328125 0.568359375 0.984375 0.568359375 0.982421875 0.56640625
0 0.896484375 0.171875 0.89453125 0.173828125 0.892578125 0.173828125 0.888671875 0.177734375 0.888671875 0.18359375 0.890625 0.185546875 0.890625 0.1875 0.892578125 0.189453125 0.89453125 0.189453125 0.896484375 0.19140625 0.904296875 0.19140625 0.90625 0.189453125 0.908203125 0.189453125 0.908203125 0.181640625 0.90625 0.1796875 0.90625 0.177734375 0.90234375 0.173828125 0.900390625 0.173828125 0.8984375 0.171875
0 0.41796875 0.08203125 0.416015625 0.083984375 0.4140625 0.083984375 0.41015625 0.087890625 0.41015625 0.09375 0.4140625 0.09375 0.416015625 0.095703125 0.419921875 0.095703125 0.423828125 0.091796875 0.423828125 0.087890625 0.421875 0.0859375 0.421875 0.08203125
0 0.275390625 0.01953125 0.2734375 0.021484375 0.271484375 0.021484375 0.271484375 0.033203125 0.2734375 0.03515625 0.28125 0.03515625 0.283203125 0.033203125 0.287109375 0.033203125 0.2890625 0.03125 0.2890625 0.029296875 0.291015625 0.02734375 0.291015625 0.0234375 0.287109375 0.01953125
1 0.42578125 0.921875 0.42578125 0.923828125 0.427734375 0.92578125 0.427734375 0.927734375 0.4296875 0.9296875 0.431640625 0.9296875 0.43359375 0.927734375 0.43359375 0.923828125 0.431640625 0.921875
1 0.771484375 0.775390625 0.76953125 0.77734375 0.767578125 0.77734375 0.765625 0.779296875 0.765625 0.78125 0.767578125 0.783203125 0.771484375 0.783203125 0.7734375 0.78125 0.775390625 0.78125 0.775390625 0.77734375 0.7734375 0.775390625
1 0.771484375 0.75 0.771484375 0.7578125 0.77734375 0.7578125 0.78125 0.75390625 0.78125 0.751953125 0.779296875 0.75
1 0.654296875 0.736328125 0.650390625 0.740234375 0.650390625 0.75 0.65234375 0.751953125 0.65234375 0.75390625 0.658203125 0.75390625 0.66015625 0.751953125 0.662109375 0.751953125 0.662109375 0.75 0.6640625 0.748046875 0.6640625 0.7421875 0.662109375 0.740234375 0.662109375 0.73828125 0.66015625 0.736328125
1 0.611328125 0.732421875 0.609375 0.734375 0.609375 0.73828125 0.611328125 0.740234375 0.615234375 0.740234375 0.615234375 0.73828125 0.6171875 0.736328125 0.6171875 0.734375 0.615234375 0.732421875
1 0.751953125 0.68359375 0.75 0.685546875 0.748046875 0.685546875 0.744140625 0.689453125 0.744140625 0.6953125 0.7421875 0.697265625 0.7421875 0.703125 0.744140625 0.705078125 0.75390625 0.705078125 0.7578125 0.701171875 0.7578125 0.6953125 0.759765625 0.693359375 0.759765625 0.689453125 0.7578125 0.6875 0.7578125 0.685546875 0.755859375 0.685546875 0.75390625 0.68359375
1 0.8671875 0.6015625 0.865234375 0.603515625 0.86328125 0.603515625 0.857421875 0.609375 0.857421875 0.61328125 0.85546875 0.615234375 0.85546875 0.619140625 0.859375 0.623046875 0.87109375 0.623046875 0.873046875 0.62109375 0.875 0.62109375 0.87890625 0.6171875 0.87890625 0.607421875 0.876953125 0.60546875 0.876953125 0.603515625 0.875 0.603515625 0.873046875 0.6015625
1 0.84375 0.58203125 0.841796875 0.583984375 0.83984375 0.583984375 0.8359375 0.587890625 0.83203125 0.587890625 0.828125 0.591796875 0.828125 0.599609375 0.830078125 0.6015625 0.8359375 0.6015625 0.837890625 0.603515625 0.845703125 0.603515625 0.84765625 0.6015625 0.849609375 0.6015625 0.8515625 0.599609375 0.8515625 0.59765625 0.853515625 0.595703125 0.853515625 0.587890625 0.84765625 0.58203125
1 0.974609375 0.56640625 0.97265625 0.568359375 0.970703125 0.568359375 0.966796875 0.572265625 0.966796875 0.58203125 0.96875 0.583984375 0.96875 0.5859375 0.970703125 0.587890625 0.978515625 0.587890625 0.98046875 0.5859375 0.986328125 0.5859375 0.98828125 0.583984375 0.98828125 0.580078125 0.990234375 0.578125 0.990234375 0.572265625 0.986328125 0.568359375 0.984375 0.568359375 0.982421875 0.56640625
1 0.896484375 0.171875 0.89453125 0.173828125 0.892578125 0.173828125 0.888671875 0.177734375 0.888671875 0.18359375 0.890625 0.185546875 0.890625 0.1875 0.892578125 0.189453125 0.89453125 0.189453125 0.896484375 0.19140625 0.904296875 0.19140625 0.90625 0.189453125 0.908203125 0.189453125 0.908203125 0.181640625 0.90625 0.1796875 0.90625 0.177734375 0.90234375 0.173828125 0.900390625 0.173828125 0.8984375 0.171875
1 0.41796875 0.08203125 0.416015625 0.083984375 0.4140625 0.083984375 0.41015625 0.087890625 0.41015625 0.09375 0.4140625 0.09375 0.416015625 0.095703125 0.419921875 0.095703125 0.423828125 0.091796875 0.423828125 0.087890625 0.421875 0.0859375 0.421875 0.08203125
1 0.275390625 0.01953125 0.2734375 0.021484375 0.271484375 0.021484375 0.271484375 0.033203125 0.2734375 0.03515625 0.28125 0.03515625 0.283203125 0.033203125 0.287109375 0.033203125 0.2890625 0.03125 0.2890625 0.029296875 0.291015625 0.02734375 0.291015625 0.0234375 0.287109375 0.01953125
