0 0.462890625 0.84375 0.4609375 0.845703125 0.458984375 0.845703125 0.455078125 0.849609375 0.455078125 0.85546875 0.45703125 0.857421875 0.45703125 0.859375 0.458984375 0.859375 0.4609375 0.861328125 0.462890625 0.859375 0.46484375 0.859375 0.46875 0.85546875 0.46875 0.853515625 0.470703125 0.8515625 0.470703125 0.84765625 0.46875 0.845703125 0.466796875 0.845703125 0.46484375 0.84375
0 0.869140625 0.62890625 0.865234375 0.6328125 0.865234375 0.63671875 0.8671875 0.638671875 0.875 0.638671875 0.876953125 0.63671875 0.876953125 0.6328125 0.873046875 0.62890625
0 0.1171875 0.1796875 0.115234375 0.181640625 0.11328125 0.181640625 0.11328125 0.18359375 0.111328125 0.185546875 0.111328125 0.189453125 0.11328125 0.19140625 0.119140625 0.19140625 0.123046875 0.1875 0.123046875 0.185546875 0.12109375 0.18359375 0.12109375 0.181640625 0.119140625 0.1796875
0 0.166015625 0.162109375 0.162109375 0.166015625 0.162109375 0.169921875 0.1640625 0.171875 0.1640625 0.17578125 0.169921875 0.181640625 0.17578125 0.181640625 0.177734375 0.18359375 0.1796875 0.181640625 0.181640625 0.181640625 0.18359375 0.1796875 0.18359375 0.1640625 0.181640625 0.162109375 0.177734375 0.162109375 0.17578125 0.1640625 0.173828125 0.162109375
0 0.73046875 0.134765625 0.728515625 0.13671875 0.728515625 0.142578125 0.734375 0.142578125 0.736328125 0.140625 0.736328125 0.134765625
0 0.12109375 0.107421875 0.119140625 0.109375 0.1171875 0.109375 0.1171875 0.111328125 0.115234375 0.11328125 0.115234375 0.1171875 0.119140625 0.12109375 0.123046875 0.12109375 0.125 0.119140625 0.125 0.1171875 0.126953125 0.115234375 0.125 0.11328125 0.125 0.111328125
1 0.462890625 0.84375 0.4609375 0.845703125 0.458984375 0.845703125 0.455078125 0.849609375 0.455078125 0.85546875 0.45703125 0.857421875 0.45703125 0.859375 0.458984375 0.859375 0.4609375 0.861328125 0.462890625 0.859375 0.46484375 0.859375 0.46875 0.85546875 0.46875 0.853515625 0.470703125 0.8515625 0.470703125 0.84765625 0.46875 0.845703125 0.466796875 0.845703125 0.46484375 0.84375
1 0.869140625 0.62890625 0.865234375 0.6328125 0.865234375 0.63671875 0.8671875 0.638671875 0.875 0.638671875 0.876953125 0.63671875 0.876953125 0.6328125 0.873046875 0.62890625
1 0.1171875 0.1796875 0.115234375 0.181640625 0.11328125 0.181640625 0.11328125 0.18359375 0.111328125 0.185546875 0.111328125 0.189453125 0.11328125 0.19140625 0.119140625 0.19140625 0.123046875 0.1875 0.123046875 0.185546875 0.12109375 0.18359375 0.12109375 0.181640625 0.119140625 0.1796875
1 0.166015625 0.162109375 0.162109375 0.166015625 0.162109375 0.169921875 0.1640625 0.171875 0.1640625 0.17578125 0.169921875 0.181640625 0.17578125 0.181640625 0.177734375 0.18359375 0.1796875 0.181640625 0.181640625 0.181640625 0.18359375 0.1796875 0.18359375 0.1640625 0.181640625 0.162109375 0.177734375 0.162109375 0.17578125 0.1640625 0.173828125 0.162109375
1 0.73046875 0.134765625 0.728515625 0.13671875 0.728515625 0.142578125 0.734375 0.142578125 0.736328125 0.140625 0.736328125 0.134765625
1 0.12109375 0.107421875 0.119140625 0.109375 0.1171875 0.109375 0.1171875 0.111328125 0.115234375 0.11328125 0.115234375 0.1171875 0.119140625 0.12109375 0.123046875 0.12109375 0.125 0.119140625 0.125 0.1171875 0.126953125 0.115234375 0.125 0.11328125 0.125 0.111328125
