0 0.255859375 0.916015625 0.255859375 0.919921875 0.2578125 0.921875 0.26171875 0.921875 0.263671875 0.919921875 0.263671875 0.916015625
0 0.85546875 0.826171875 0.853515625 0.828125 0.853515625 0.8359375 0.85546875 0.837890625 0.85546875 0.83984375 0.859375 0.84375 0.86328125 0.84375 0.86328125 0.841796875 0.865234375 0.83984375 0.865234375 0.83203125 0.86328125 0.830078125 0.86328125 0.828125 0.861328125 0.826171875
0 0.203125 0.771484375 0.201171875 0.7734375 0.201171875 0.775390625 0.19921875 0.77734375 0.19921875 0.779296875 0.201171875 0.78125 0.201171875 0.783203125 0.203125 0.78515625 0.208984375 0.78515625 0.212890625 0.78125 0.212890625 0.779296875 0.21484375 0.77734375 0.212890625 0.775390625 0.212890625 0.7734375 0.2109375 0.7734375 0.208984375 0.771484375
0 0.21875 0.748046875 0.21484375 0.751953125 0.21484375 0.763671875 0.21875 0.767578125 0.22265625 0.767578125 0.2265625 0.763671875 0.2265625 0.76171875 0.228515625 0.759765625 0.228515625 0.755859375 0.2265625 0.75390625 0.2265625 0.751953125 0.22265625 0.748046875
0 0.08984375 0.7421875 0.087890625 0.744140625 0.087890625 0.748046875 0.091796875 0.751953125 0.09375 0.751953125 0.095703125 0.75 0.09765625 0.75 0.09765625 0.744140625 0.095703125 0.7421875
0 0.96875 0.7265625 0.96484375 0.73046875 0.96484375 0.734375 0.966796875 0.736328125 0.974609375 0.736328125 0.974609375 0.732421875 0.97265625 0.73046875 0.97265625 0.728515625 0.970703125 0.7265625
0 0.9921875 0.71484375 0.984375 0.72265625 0.984375 0.7265625 0.986328125 0.728515625 0.986328125 0.73046875 0.994140625 0.73046875 0.99609375 0.728515625 0.99609375 0.7265625 0.998046875 0.724609375 0.998046875 0.720703125 0.99609375 0.71875 0.99609375 0.716796875 0.994140625 0.71484375
0 0.1328125 0.65234375 0.125 0.66015625 0.125 0.662109375 0.123046875 0.6640625 0.123046875 0.666015625 0.125 0.66796875 0.125 0.673828125 0.126953125 0.67578125 0.138671875 0.67578125 0.140625 0.673828125 0.140625 0.671875 0.1484375 0.6640625 0.1484375 0.658203125 0.146484375 0.65625 0.146484375 0.654296875 0.14453125 0.654296875 0.142578125 0.65234375
0 0.96875 0.39453125 0.96484375 0.3984375 0.96484375 0.404296875 0.966796875 0.40625 0.974609375 0.40625 0.978515625 0.40234375 0.978515625 0.396484375 0.9765625 0.39453125
0 0.19921875 0.0 0.197265625 0.001953125 0.1953125 0.001953125 0.1953125 0.009765625 0.197265625 0.009765625 0.19921875 0.01171875 0.201171875 0.01171875 0.205078125 0.0078125 0.205078125 0.00390625 0.203125 0.001953125 0.201171875 0.001953125
1 0.255859375 0.916015625 0.255859375 0.919921875 0.2578125 0.921875 0.26171875 0.921875 0.263671875 0.919921875 0.263671875 0.916015625
1 0.85546875 0.826171875 0.853515625 0.828125 0.853515625 0.8359375 0.85546875 0.837890625 0.85546875 0.83984375 0.859375 0.84375 0.86328125 0.84375 0.86328125 0.841796875 0.865234375 0.83984375 0.865234375 0.83203125 0.86328125 0.830078125 0.86328125 0.828125 0.861328125 0.826171875
1 0.203125 0.771484375 0.201171875 0.7734375 0.201171875 0.775390625 0.19921875 0.77734375 0.19921875 0.779296875 0.201171875 0.78125 0.201171875 0.783203125 0.203125 0.78515625 0.208984375 0.78515625 0.212890625 0.78125 0.212890625 0.779296875 0.21484375 0.77734375 0.212890625 0.775390625 0.212890625 0.7734375 0.2109375 0.7734375 0.208984375 0.771484375
1 0.21875 0.748046875 0.21484375 0.751953125 0.21484375 0.763671875 0.21875 0.767578125 0.22265625 0.767578125 0.2265625 0.763671875 0.2265625 0.76171875 0.228515625 0.759765625 0.228515625 0.755859375 0.2265625 0.75390625 0.2265625 0.751953125 0.22265625 0.748046875
1 0.08984375 0.7421875 0.087890625 0.744140625 0.087890625 0.748046875 0.091796875 0.751953125 0.09375 0.751953125 0.095703125 0.75 0.09765625 0.75 0.09765625 0.744140625 0.095703125 0.7421875
1 0.96875 0.7265625 0.96484375 0.73046875 0.96484375 0.734375 0.966796875 0.736328125 0.974609375 0.736328125 0.974609375 0.732421875 0.97265625 0.73046875 0.97265625 0.728515625 0.970703125 0.7265625
1 0.9921875 0.71484375 0.984375 0.72265625 0.984375 0.7265625 0.986328125 0.728515625 0.986328125 0.73046875 0.994140625 0.73046875 0.99609375 0.728515625 0.99609375 0.7265625 0.998046875 0.724609375 0.998046875 0.720703125 0.99609375 0.71875 0.99609375 0.716796875 0.994140625 0.71484375
1 0.1328125 0.65234375 0.125 0.66015625 0.125 0.662109375 0.123046875 0.6640625 0.123046875 0.666015625 0.125 0.66796875 0.125 0.673828125 0.126953125 0.67578125 0.138671875 0.67578125 0.140625 0.673828125 0.140625 0.671875 0.1484375 0.6640625 0.1484375 0.658203125 0.146484375 0.65625 0.146484375 0.654296875 0.14453125 0.654296875 0.142578125 0.65234375
1 0.96875 0.39453125 0.96484375 0.3984375 0.96484375 0.404296875 0.966796875 0.40625 0.974609375 0.40625 0.978515625 0.40234375 0.978515625 0.396484375 0.9765625 0.39453125
1 0.19921875 0.0 0.197265625 0.001953125 0.1953125 0.001953125 0.1953125 0.009765625 0.197265625 0.009765625 0.19921875 0.01171875 0.201171875 0.01171875 0.205078125 0.0078125 0.205078125 0.00390625 0.203125 0.001953125 0.201171875 0.001953125
