0 0.20703125 0.908203125 0.203125 0.912109375 0.203125 0.916015625 0.205078125 0.91796875 0.20703125 0.91796875 0.208984375 0.919921875 0.2109375 0.919921875 0.216796875 0.9140625 0.216796875 0.912109375 0.212890625 0.908203125
0 0.064453125 0.5859375 0.060546875 0.58984375 0.060546875 0.591796875 0.064453125 0.595703125 0.06640625 0.595703125 0.06640625 0.59375 0.068359375 0.591796875 0.068359375 0.587890625 0.06640625 0.5859375
0 0.201171875 0.51953125 0.201171875 0.5234375 0.19921875 0.525390625 0.19921875 0.529296875 0.203125 0.533203125 0.208984375 0.533203125 0.21484375 0.52734375 0.21484375 0.521484375 0.212890625 0.51953125
0 0.0078125 0.470703125 0.005859375 0.47265625 0.00390625 0.47265625 0.001953125 0.474609375 0.001953125 0.4765625 0.0 0.478515625 0.0 0.490234375 0.001953125 0.4921875 0.00390625 0.4921875 0.005859375 0.494140625 0.009765625 0.494140625 0.01171875 0.4921875 0.013671875 0.4921875 0.015625 0.490234375 0.015625 0.48828125 0.017578125 0.486328125 0.017578125 0.4765625 0.013671875 0.47265625 0.01171875 0.47265625 0.009765625 0.470703125
0 0.01953125 0.3984375 0.015625 0.40234375 0.015625 0.412109375 0.017578125 0.4140625 0.02734375 0.4140625 0.033203125 0.408203125 0.033203125 0.40234375 0.029296875 0.3984375
0 0.421875 0.37109375 0.419921875 0.373046875 0.41796875 0.373046875 0.416015625 0.375 0.4140625 0.375 0.4140625 0.376953125 0.412109375 0.37890625 0.412109375 0.3828125 0.41015625 0.384765625 0.41015625 0.388671875 0.412109375 0.390625 0.412109375 0.39453125 0.41796875 0.400390625 0.419921875 0.400390625 0.421875 0.40234375 0.423828125 0.40234375 0.42578125 0.404296875 0.435546875 0.404296875 0.4375 0.40234375 0.439453125 0.40234375 0.443359375 0.3984375 0.443359375 0.396484375 0.4453125 0.39453125 0.4453125 0.392578125 0.447265625 0.390625 0.447265625 0.380859375 0.4453125 0.37890625 0.4453125 0.376953125 0.44140625 0.373046875 0.439453125 0.373046875 0.4375 0.37109375
0 0.45703125 0.34375 0.455078125 0.345703125 0.455078125 0.349609375 0.458984375 0.353515625 0.46484375 0.353515625 0.466796875 0.3515625 0.466796875 0.349609375 0.462890625 0.345703125 0.4609375 0.345703125 0.458984375 0.34375
1 0.20703125 0.908203125 0.203125 0.912109375 0.203125 0.916015625 0.205078125 0.91796875 0.20703125 0.91796875 0.208984375 0.919921875 0.2109375 0.919921875 0.216796875 0.9140625 0.216796875 0.912109375 0.212890625 0.908203125
1 0.064453125 0.5859375 0.060546875 0.58984375 0.060546875 0.591796875 0.064453125 0.595703125 0.06640625 0.595703125 0.06640625 0.59375 0.068359375 0.591796875 0.068359375 0.587890625 0.06640625 0.5859375
1 0.201171875 0.51953125 0.201171875 0.5234375 0.19921875 0.525390625 0.19921875 0.529296875 0.203125 0.533203125 0.208984375 0.533203125 0.21484375 0.52734375 0.21484375 0.521484375 0.212890625 0.51953125
1 0.0078125 0.470703125 0.005859375 0.47265625 0.00390625 0.47265625 0.001953125 0.474609375 0.001953125 0.4765625 0.0 0.478515625 0.0 0.490234375 0.001953125 0.4921875 0.00390625 0.4921875 0.005859375 0.494140625 0.009765625 0.494140625 0.01171875 0.4921875 0.013671875 0.4921875 0.015625 0.490234375 0.015625 0.48828125 0.017578125 0.486328125 0.017578125 0.4765625 0.013671875 0.47265625 0.01171875 0.47265625 0.009765625 0.470703125
1 0.01953125 0.3984375 0.015625 0.40234375 0.015625 0.412109375 0.017578125 0.4140625 0.02734375 0.4140625 0.033203125 0.408203125 0.033203125 0.40234375 0.029296875 0.3984375
1 0.421875 0.37109375 0.419921875 0.373046875 0.41796875 0.373046875 0.416015625 0.375 0.4140625 0.375 0.4140625 0.376953125 0.412109375 0.37890625 0.412109375 0.3828125 0.41015625 0.384765625 0.41015625 0.388671875 0.412109375 0.390625 0.412109375 0.39453125 0.41796875 0.400390625 0.419921875 0.400390625 0.421875 0.40234375 0.423828125 0.40234375 0.42578125 0.404296875 0.435546875 0.404296875 0.4375 0.40234375 0.439453125 0.40234375 0.443359375 0.3984375 0.443359375 0.396484375 0.4453125 0.39453125 0.4453125 0.392578125 0.447265625 0.390625 0.447265625 0.380859375 0.4453125 0.37890625 0.4453125 0.376953125 0.44140625 0.373046875 0.439453125 0.373046875 0.4375 0.37109375
1 0.45703125 0.34375 0.455078125 0.345703125 0.455078125 0.349609375 0.458984375 0.353515625 0.46484375 0.353515625 0.466796875 0.3515625 0.466796875 0.349609375 0.462890625 0.345703125 0.4609375 0.345703125 0.458984375 0.34375
