0 0.16015625 0.9765625 0.16015625 0.986328125 0.16796875 0.986328125 0.169921875 0.984375 0.169921875 0.98046875 0.16796875 0.978515625 0.16796875 0.9765625
0 0.755859375 0.94921875 0.75390625 0.951171875 0.751953125 0.951171875 0.751953125 0.958984375 0.75390625 0.958984375 0.755859375 0.9609375 0.76171875 0.9609375 0.763671875 0.958984375 0.765625 0.958984375 0.765625 0.951171875 0.763671875 0.951171875 0.76171875 0.94921875
0 0.201171875 0.94921875 0.201171875 0.958984375 0.203125 0.9609375 0.2109375 0.9609375 0.212890625 0.958984375 0.212890625 0.951171875 0.2109375 0.94921875
0 0.091796875 0.943359375 0.091796875 0.955078125 0.099609375 0.955078125 0.1015625 0.953125 0.1015625 0.943359375
0 0.29296875 0.89453125 0.291015625 0.896484375 0.2890625 0.896484375 0.2890625 0.8984375 0.287109375 0.900390625 0.287109375 0.904296875 0.28515625 0.90625 0.283203125 0.90625 0.283203125 0.9140625 0.28515625 0.9140625 0.287109375 0.916015625 0.287109375 0.91796875 0.2890625 0.919921875 0.291015625 0.919921875 0.29296875 0.921875 0.29296875 0.923828125 0.294921875 0.92578125 0.310546875 0.92578125 0.3125 0.923828125 0.314453125 0.923828125 0.314453125 0.919921875 0.31640625 0.91796875 0.31640625 0.900390625 0.314453125 0.8984375 0.314453125 0.896484375 0.3125 0.896484375 0.310546875 0.89453125
0 0.861328125 0.861328125 0.861328125 0.86328125 0.859375 0.865234375 0.859375 0.880859375 0.86328125 0.880859375 0.865234375 0.8828125 0.876953125 0.8828125 0.87890625 0.880859375 0.880859375 0.880859375 0.880859375 0.865234375 0.87890625 0.865234375 0.876953125 0.86328125 0.876953125 0.861328125
0 0.017578125 0.859375 0.017578125 0.869140625 0.01953125 0.87109375 0.02734375 0.87109375 0.029296875 0.869140625 0.029296875 0.861328125 0.02734375 0.859375
0 0.109375 0.853515625 0.107421875 0.85546875 0.103515625 0.85546875 0.103515625 0.86328125 0.10546875 0.865234375 0.11328125 0.865234375 0.115234375 0.86328125 0.115234375 0.85546875 0.111328125 0.85546875
0 0.544921875 0.845703125 0.54296875 0.84765625 0.54296875 0.853515625 0.544921875 0.85546875 0.544921875 0.857421875 0.552734375 0.857421875 0.552734375 0.853515625 0.5546875 0.8515625 0.5546875 0.849609375 0.552734375 0.84765625 0.552734375 0.845703125
0 0.197265625 0.845703125 0.1953125 0.84765625 0.1953125 0.865234375 0.20703125 0.865234375 0.208984375 0.86328125 0.2109375 0.86328125 0.2109375 0.859375 0.212890625 0.857421875 0.212890625 0.849609375 0.2109375 0.84765625 0.208984375 0.84765625 0.20703125 0.845703125
0 0.794921875 0.79296875 0.794921875 0.794921875 0.79296875 0.796875 0.79296875 0.802734375 0.794921875 0.8046875 0.798828125 0.8046875 0.80078125 0.802734375 0.802734375 0.802734375 0.802734375 0.79296875
0 0.591796875 0.76171875 0.591796875 0.767578125 0.59375 0.76953125 0.59375 0.771484375 0.603515625 0.771484375 0.603515625 0.763671875 0.6015625 0.76171875
0 0.41796875 0.677734375 0.41796875 0.6796875 0.416015625 0.681640625 0.416015625 0.685546875 0.41796875 0.6875 0.41796875 0.69140625 0.419921875 0.69140625 0.421875 0.693359375 0.427734375 0.693359375 0.4296875 0.69140625 0.43359375 0.69140625 0.43359375 0.681640625 0.431640625 0.6796875 0.431640625 0.677734375
0 0.091796875 0.431640625 0.091796875 0.43359375 0.08984375 0.435546875 0.08984375 0.4453125 0.091796875 0.447265625 0.099609375 0.447265625 0.1015625 0.4453125 0.1015625 0.44140625 0.103515625 0.439453125 0.103515625 0.4375 0.099609375 0.43359375 0.099609375 0.431640625
0 0.52734375 0.42578125 0.52734375 0.427734375 0.525390625 0.4296875 0.525390625 0.439453125 0.52734375 0.44140625 0.537109375 0.44140625 0.537109375 0.4296875 0.53515625 0.427734375 0.53515625 0.42578125
0 0.775390625 0.4140625 0.775390625 0.416015625 0.7734375 0.41796875 0.7734375 0.421875 0.775390625 0.423828125 0.783203125 0.423828125 0.78515625 0.421875 0.78515625 0.4140625
0 0.32421875 0.3984375 0.322265625 0.400390625 0.322265625 0.40234375 0.32421875 0.404296875 0.328125 0.404296875 0.328125 0.3984375
0 0.091796875 0.337890625 0.091796875 0.34765625 0.09375 0.34765625 0.095703125 0.349609375 0.1015625 0.349609375 0.103515625 0.34765625 0.103515625 0.33984375 0.1015625 0.337890625
0 0.73046875 0.326171875 0.728515625 0.328125 0.7265625 0.328125 0.7265625 0.330078125 0.724609375 0.33203125 0.724609375 0.3359375 0.7265625 0.337890625 0.736328125 0.337890625 0.736328125 0.333984375 0.73828125 0.33203125 0.73828125 0.328125 0.736328125 0.326171875
0 0.576171875 0.251953125 0.576171875 0.263671875 0.5859375 0.263671875 0.5859375 0.25390625 0.583984375 0.251953125
0 0.361328125 0.208984375 0.359375 0.2109375 0.359375 0.21484375 0.361328125 0.216796875 0.37109375 0.216796875 0.37109375 0.2109375 0.369140625 0.2109375 0.3671875 0.208984375
0 0.927734375 0.203125 0.92578125 0.205078125 0.921875 0.205078125 0.921875 0.212890625 0.923828125 0.212890625 0.92578125 0.21484375 0.9296875 0.21484375 0.931640625 0.212890625 0.931640625 0.205078125 0.9296875 0.203125
0 0.326171875 0.197265625 0.32421875 0.19921875 0.32421875 0.208984375 0.333984375 0.208984375 0.333984375 0.19921875 0.33203125 0.19921875 0.330078125 0.197265625
0 0.283203125 0.185546875 0.28125 0.1875 0.28125 0.201171875 0.283203125 0.203125 0.29296875 0.203125 0.294921875 0.201171875 0.296875 0.201171875 0.296875 0.1875 0.294921875 0.1875 0.29296875 0.185546875
0 0.013671875 0.138671875 0.013671875 0.142578125 0.01171875 0.14453125 0.01171875 0.146484375 0.013671875 0.1484375 0.021484375 0.1484375 0.0234375 0.146484375 0.0234375 0.142578125 0.021484375 0.140625 0.021484375 0.138671875
0 0.21875 0.087890625 0.216796875 0.08984375 0.212890625 0.08984375 0.212890625 0.09765625 0.21484375 0.099609375 0.224609375 0.099609375 0.224609375 0.08984375 0.22265625 0.087890625
1 0.16015625 0.9765625 0.16015625 0.986328125 0.16796875 0.986328125 0.169921875 0.984375 0.169921875 0.98046875 0.16796875 0.978515625 0.16796875 0.9765625
1 0.755859375 0.94921875 0.75390625 0.951171875 0.751953125 0.951171875 0.751953125 0.958984375 0.75390625 0.958984375 0.755859375 0.9609375 0.76171875 0.9609375 0.763671875 0.958984375 0.765625 0.958984375 0.765625 0.951171875 0.763671875 0.951171875 0.76171875 0.94921875
1 0.201171875 0.94921875 0.201171875 0.958984375 0.203125 0.9609375 0.2109375 0.9609375 0.212890625 0.958984375 0.212890625 0.951171875 0.2109375 0.94921875
1 0.091796875 0.943359375 0.091796875 0.955078125 0.099609375 0.955078125 0.1015625 0.953125 0.1015625 0.943359375
1 0.29296875 0.89453125 0.291015625 0.896484375 0.2890625 0.896484375 0.2890625 0.8984375 0.287109375 0.900390625 0.287109375 0.904296875 0.28515625 0.90625 0.283203125 0.90625 0.283203125 0.9140625 0.28515625 0.9140625 0.287109375 0.916015625 0.287109375 0.91796875 0.2890625 0.919921875 0.291015625 0.919921875 0.29296875 0.921875 0.29296875 0.923828125 0.294921875 0.92578125 0.310546875 0.92578125 0.3125 0.923828125 0.314453125 0.923828125 0.314453125 0.919921875 0.31640625 0.91796875 0.31640625 0.900390625 0.314453125 0.8984375 0.314453125 0.896484375 0.3125 0.896484375 0.310546875 0.89453125
1 0.861328125 0.861328125 0.861328125 0.86328125 0.859375 0.865234375 0.859375 0.880859375 0.86328125 0.880859375 0.865234375 0.8828125 0.876953125 0.8828125 0.87890625 0.880859375 0.880859375 0.880859375 0.880859375 0.865234375 0.87890625 0.865234375 0.876953125 0.86328125 0.876953125 0.861328125
1 0.017578125 0.859375 0.017578125 0.869140625 0.01953125 0.87109375 0.02734375 0.87109375 0.029296875 0.869140625 0.029296875 0.861328125 0.02734375 0.859375
1 0.109375 0.853515625 0.107421875 0.85546875 0.103515625 0.85546875 0.103515625 0.86328125 0.10546875 0.865234375 0.11328125 0.865234375 0.115234375 0.86328125 0.115234375 0.85546875 0.111328125 0.85546875
1 0.544921875 0.845703125 0.54296875 0.84765625 0.54296875 0.853515625 0.544921875 0.85546875 0.544921875 0.857421875 0.552734375 0.857421875 0.552734375 0.853515625 0.5546875 0.8515625 0.5546875 0.849609375 0.552734375 0.84765625 0.552734375 0.845703125
1 0.197265625 0.845703125 0.1953125 0.84765625 0.1953125 0.865234375 0.20703125 0.865234375 0.208984375 0.86328125 0.2109375 0.86328125 0.2109375 0.859375 0.212890625 0.857421875 0.212890625 0.849609375 0.2109375 0.84765625 0.208984375 0.84765625 0.20703125 0.845703125
1 0.794921875 0.79296875 0.794921875 0.794921875 0.79296875 0.796875 0.79296875 0.802734375 0.794921875 0.8046875 0.798828125 0.8046875 0.80078125 0.802734375 0.802734375 0.802734375 0.802734375 0.79296875
1 0.591796875 0.76171875 0.591796875 0.767578125 0.59375 0.76953125 0.59375 0.771484375 0.603515625 0.771484375 0.603515625 0.763671875 0.6015625 0.76171875
1 0.41796875 0.677734375 0.41796875 0.6796875 0.416015625 0.681640625 0.416015625 0.685546875 0.41796875 0.6875 0.41796875 0.69140625 0.419921875 0.69140625 0.421875 0.693359375 0.427734375 0.693359375 0.4296875 0.69140625 0.43359375 0.69140625 0.43359375 0.681640625 0.431640625 0.6796875 0.431640625 0.677734375
1 0.091796875 0.431640625 0.091796875 0.43359375 0.08984375 0.435546875 0.08984375 0.4453125 0.091796875 0.447265625 0.099609375 0.447265625 0.1015625 0.4453125 0.1015625 0.44140625 0.103515625 0.439453125 0.103515625 0.4375 0.099609375 0.43359375 0.099609375 0.431640625
1 0.52734375 0.42578125 0.52734375 0.427734375 0.525390625 0.4296875 0.525390625 0.439453125 0.52734375 0.44140625 0.537109375 0.44140625 0.537109375 0.4296875 0.53515625 0.427734375 0.53515625 0.42578125
1 0.775390625 0.4140625 0.775390625 0.416015625 0.7734375 0.41796875 0.7734375 0.421875 0.775390625 0.423828125 0.783203125 0.423828125 0.78515625 0.421875 0.78515625 0.4140625
1 0.32421875 0.3984375 0.322265625 0.400390625 0.322265625 0.40234375 0.32421875 0.404296875 0.328125 0.404296875 0.328125 0.3984375
1 0.091796875 0.337890625 0.091796875 0.34765625 0.09375 0.34765625 0.095703125 0.349609375 0.1015625 0.349609375 0.103515625 0.34765625 0.103515625 0.33984375 0.1015625 0.337890625
1 0.73046875 0.326171875 0.728515625 0.328125 0.7265625 0.328125 0.7265625 0.330078125 0.724609375 0.33203125 0.724609375 0.3359375 0.7265625 0.337890625 0.736328125 0.337890625 0.736328125 0.333984375 0.73828125 0.33203125 0.73828125 0.328125 0.736328125 0.326171875
1 0.576171875 0.251953125 0.576171875 0.263671875 0.5859375 0.263671875 0.5859375 0.25390625 0.583984375 0.251953125
1 0.361328125 0.208984375 0.359375 0.2109375 0.359375 0.21484375 0.361328125 0.216796875 0.37109375 0.216796875 0.37109375 0.2109375 0.369140625 0.2109375 0.3671875 0.208984375
1 0.927734375 0.203125 0.92578125 0.205078125 0.921875 0.205078125 0.921875 0.212890625 0.923828125 0.212890625 0.92578125 0.21484375 0.9296875 0.21484375 0.931640625 0.212890625 0.931640625 0.205078125 0.9296875 0.203125
1 0.326171875 0.197265625 0.32421875 0.19921875 0.32421875 0.208984375 0.333984375 0.208984375 0.333984375 0.19921875 0.33203125 0.19921875 0.330078125 0.197265625
1 0.283203125 0.185546875 0.28125 0.1875 0.28125 0.201171875 0.283203125 0.203125 0.29296875 0.203125 0.294921875 0.201171875 0.296875 0.201171875 0.296875 0.1875 0.294921875 0.1875 0.29296875 0.185546875
1 0.013671875 0.138671875 0.013671875 0.142578125 0.01171875 0.14453125 0.01171875 0.146484375 0.013671875 0.1484375 0.021484375 0.1484375 0.0234375 0.146484375 0.0234375 0.142578125 0.021484375 0.140625 0.021484375 0.138671875
1 0.21875 0.087890625 0.216796875 0.08984375 0.212890625 0.08984375 0.212890625 0.09765625 0.21484375 0.099609375 0.224609375 0.099609375 0.224609375 0.08984375 0.22265625 0.087890625
