0 0.548828125 0.9765625 0.546875 0.978515625 0.55078125 0.982421875 0.5546875 0.982421875 0.556640625 0.98046875 0.556640625 0.9765625
0 0.76171875 0.89453125 0.759765625 0.896484375 0.759765625 0.904296875 0.76171875 0.90625 0.76171875 0.908203125 0.763671875 0.91015625 0.76953125 0.91015625 0.771484375 0.908203125 0.771484375 0.90625 0.7734375 0.904296875 0.7734375 0.8984375 0.775390625 0.896484375 0.7734375 0.89453125
0 0.302734375 0.888671875 0.302734375 0.8984375 0.3046875 0.900390625 0.306640625 0.900390625 0.30859375 0.8984375 0.310546875 0.8984375 0.3125 0.896484375 0.3125 0.890625 0.310546875 0.890625 0.30859375 0.888671875
0 0.263671875 0.876953125 0.26171875 0.87890625 0.26171875 0.880859375 0.267578125 0.88671875 0.271484375 0.88671875 0.271484375 0.884765625 0.2734375 0.8828125 0.2734375 0.880859375 0.271484375 0.87890625 0.271484375 0.876953125
0 0.298828125 0.771484375 0.296875 0.7734375 0.294921875 0.7734375 0.29296875 0.775390625 0.29296875 0.779296875 0.296875 0.783203125 0.298828125 0.783203125 0.30078125 0.78515625 0.3046875 0.78515625 0.306640625 0.783203125 0.306640625 0.77734375 0.3046875 0.775390625 0.3046875 0.7734375 0.302734375 0.7734375 0.30078125 0.771484375
0 0.55859375 0.7265625 0.556640625 0.728515625 0.552734375 0.728515625 0.552734375 0.73046875 0.55078125 0.732421875 0.55078125 0.736328125 0.552734375 0.73828125 0.55859375 0.73828125 0.560546875 0.736328125 0.560546875 0.728515625
0 0.310546875 0.62890625 0.30859375 0.630859375 0.3046875 0.630859375 0.302734375 0.6328125 0.302734375 0.63671875 0.30078125 0.638671875 0.30078125 0.650390625 0.302734375 0.65234375 0.302734375 0.65625 0.3046875 0.658203125 0.306640625 0.658203125 0.30859375 0.66015625 0.310546875 0.66015625 0.31640625 0.666015625 0.328125 0.666015625 0.330078125 0.6640625 0.33203125 0.6640625 0.33203125 0.662109375 0.333984375 0.66015625 0.333984375 0.654296875 0.3359375 0.65234375 0.3359375 0.64453125 0.333984375 0.642578125 0.333984375 0.63671875 0.33203125 0.634765625 0.33203125 0.6328125 0.330078125 0.6328125 0.328125 0.630859375 0.322265625 0.630859375 0.3203125 0.62890625
0 0.419921875 0.615234375 0.41796875 0.6171875 0.416015625 0.6171875 0.4140625 0.619140625 0.41796875 0.623046875 0.421875 0.623046875 0.423828125 0.62109375 0.423828125 0.6171875 0.421875 0.615234375
0 0.453125 0.595703125 0.451171875 0.59765625 0.451171875 0.603515625 0.453125 0.60546875 0.458984375 0.60546875 0.4609375 0.603515625 0.4609375 0.59765625 0.458984375 0.595703125
0 0.486328125 0.58984375 0.48046875 0.595703125 0.48046875 0.59765625 0.486328125 0.603515625 0.48828125 0.603515625 0.490234375 0.6015625 0.4921875 0.6015625 0.494140625 0.599609375 0.494140625 0.591796875 0.4921875 0.58984375
0 0.4140625 0.55859375 0.412109375 0.560546875 0.412109375 0.568359375 0.416015625 0.572265625 0.41796875 0.572265625 0.419921875 0.5703125 0.421875 0.5703125 0.423828125 0.568359375 0.423828125 0.5625 0.419921875 0.55859375
0 0.708984375 0.552734375 0.708984375 0.5546875 0.70703125 0.556640625 0.70703125 0.55859375 0.712890625 0.564453125 0.71484375 0.564453125 0.716796875 0.5625 0.716796875 0.560546875 0.71875 0.55859375 0.71875 0.556640625 0.71484375 0.552734375
0 0.171875 0.544921875 0.16796875 0.548828125 0.16796875 0.556640625 0.169921875 0.55859375 0.169921875 0.560546875 0.171875 0.5625 0.17578125 0.5625 0.177734375 0.560546875 0.181640625 0.560546875 0.185546875 0.556640625 0.185546875 0.55078125 0.18359375 0.548828125 0.18359375 0.546875 0.181640625 0.544921875
0 0.568359375 0.541015625 0.568359375 0.55078125 0.57421875 0.55078125 0.576171875 0.548828125 0.576171875 0.54296875 0.57421875 0.541015625
0 0.4765625 0.533203125 0.474609375 0.53515625 0.47265625 0.53515625 0.470703125 0.537109375 0.470703125 0.5390625 0.474609375 0.54296875 0.4765625 0.54296875 0.478515625 0.541015625 0.478515625 0.5390625 0.48046875 0.537109375 0.48046875 0.53515625 0.478515625 0.533203125
0 0.517578125 0.517578125 0.515625 0.51953125 0.513671875 0.51953125 0.513671875 0.53125 0.515625 0.53125 0.517578125 0.533203125 0.5234375 0.533203125 0.5234375 0.53125 0.525390625 0.529296875 0.525390625 0.51953125 0.5234375 0.517578125
0 0.5703125 0.515625 0.568359375 0.517578125 0.568359375 0.521484375 0.5703125 0.5234375 0.572265625 0.5234375 0.57421875 0.521484375 0.57421875 0.517578125 0.572265625 0.515625
0 0.185546875 0.513671875 0.18359375 0.515625 0.18359375 0.521484375 0.185546875 0.5234375 0.1953125 0.5234375 0.1953125 0.517578125 0.19140625 0.513671875
0 0.19921875 0.5 0.197265625 0.501953125 0.197265625 0.50390625 0.19921875 0.505859375 0.19921875 0.5078125 0.203125 0.51171875 0.2109375 0.51171875 0.212890625 0.509765625 0.212890625 0.501953125 0.2109375 0.501953125 0.208984375 0.5
0 0.322265625 0.44140625 0.322265625 0.455078125 0.32421875 0.45703125 0.326171875 0.45703125 0.328125 0.458984375 0.330078125 0.458984375 0.33203125 0.45703125 0.333984375 0.45703125 0.3359375 0.455078125 0.3359375 0.4453125 0.333984375 0.4453125 0.33203125 0.443359375 0.330078125 0.443359375 0.328125 0.44140625
0 0.9296875 0.361328125 0.927734375 0.36328125 0.92578125 0.36328125 0.923828125 0.365234375 0.923828125 0.3671875 0.92578125 0.369140625 0.92578125 0.37109375 0.927734375 0.37109375 0.9296875 0.373046875 0.939453125 0.373046875 0.943359375 0.369140625 0.943359375 0.365234375 0.939453125 0.361328125
0 0.3203125 0.318359375 0.318359375 0.3203125 0.318359375 0.326171875 0.3203125 0.328125 0.328125 0.328125 0.330078125 0.326171875 0.330078125 0.3203125 0.328125 0.318359375
0 0.76953125 0.306640625 0.767578125 0.30859375 0.765625 0.30859375 0.765625 0.310546875 0.763671875 0.3125 0.763671875 0.31640625 0.765625 0.318359375 0.765625 0.322265625 0.76953125 0.326171875 0.771484375 0.326171875 0.7734375 0.328125 0.775390625 0.326171875 0.77734375 0.326171875 0.783203125 0.3203125 0.783203125 0.318359375 0.78515625 0.31640625 0.78515625 0.314453125 0.783203125 0.3125 0.783203125 0.30859375 0.78125 0.306640625
0 0.193359375 0.2734375 0.19140625 0.275390625 0.189453125 0.275390625 0.185546875 0.279296875 0.185546875 0.283203125 0.18359375 0.28515625 0.185546875 0.287109375 0.185546875 0.2890625 0.193359375 0.296875 0.201171875 0.296875 0.20703125 0.291015625 0.208984375 0.291015625 0.212890625 0.287109375 0.212890625 0.28515625 0.203125 0.275390625 0.201171875 0.275390625 0.19921875 0.2734375
0 0.572265625 0.267578125 0.5703125 0.26953125 0.568359375 0.26953125 0.568359375 0.2734375 0.5703125 0.2734375 0.572265625 0.275390625 0.57421875 0.275390625 0.578125 0.271484375 0.578125 0.26953125 0.576171875 0.267578125
0 0.70703125 0.20703125 0.70703125 0.208984375 0.705078125 0.2109375 0.705078125 0.21484375 0.708984375 0.21875 0.712890625 0.21875 0.71484375 0.216796875 0.716796875 0.216796875 0.716796875 0.208984375 0.71484375 0.20703125
0 0.642578125 0.201171875 0.638671875 0.205078125 0.638671875 0.208984375 0.642578125 0.212890625 0.650390625 0.212890625 0.65234375 0.2109375 0.65234375 0.205078125 0.6484375 0.201171875
1 0.548828125 0.9765625 0.546875 0.978515625 0.55078125 0.982421875 0.5546875 0.982421875 0.556640625 0.98046875 0.556640625 0.9765625
1 0.76171875 0.89453125 0.759765625 0.896484375 0.759765625 0.904296875 0.76171875 0.90625 0.76171875 0.908203125 0.763671875 0.91015625 0.76953125 0.91015625 0.771484375 0.908203125 0.771484375 0.90625 0.7734375 0.904296875 0.7734375 0.8984375 0.775390625 0.896484375 0.7734375 0.89453125
1 0.302734375 0.888671875 0.302734375 0.8984375 0.3046875 0.900390625 0.306640625 0.900390625 0.30859375 0.8984375 0.310546875 0.8984375 0.3125 0.896484375 0.3125 0.890625 0.310546875 0.890625 0.30859375 0.888671875
1 0.263671875 0.876953125 0.26171875 0.87890625 0.26171875 0.880859375 0.267578125 0.88671875 0.271484375 0.88671875 0.271484375 0.884765625 0.2734375 0.8828125 0.2734375 0.880859375 0.271484375 0.87890625 0.271484375 0.876953125
1 0.298828125 0.771484375 0.296875 0.7734375 0.294921875 0.7734375 0.29296875 0.775390625 0.29296875 0.779296875 0.296875 0.783203125 0.298828125 0.783203125 0.30078125 0.78515625 0.3046875 0.78515625 0.306640625 0.783203125 0.306640625 0.77734375 0.3046875 0.775390625 0.3046875 0.7734375 0.302734375 0.7734375 0.30078125 0.771484375
1 0.55859375 0.7265625 0.556640625 0.728515625 0.552734375 0.728515625 0.552734375 0.73046875 0.55078125 0.732421875 0.55078125 0.736328125 0.552734375 0.73828125 0.55859375 0.73828125 0.560546875 0.736328125 0.560546875 0.728515625
1 0.310546875 0.62890625 0.30859375 0.630859375 0.3046875 0.630859375 0.302734375 0.6328125 0.302734375 0.63671875 0.30078125 0.638671875 0.30078125 0.650390625 0.302734375 0.65234375 0.302734375 0.65625 0.3046875 0.658203125 0.306640625 0.658203125 0.30859375 0.66015625 0.310546875 0.66015625 0.31640625 0.666015625 0.328125 0.666015625 0.330078125 0.6640625 0.33203125 0.6640625 0.33203125 0.662109375 0.333984375 0.66015625 0.333984375 0.654296875 0.3359375 0.65234375 0.3359375 0.64453125 0.333984375 0.642578125 0.333984375 0.63671875 0.33203125 0.634765625 0.33203125 0.6328125 0.330078125 0.6328125 0.328125 0.630859375 0.322265625 0.630859375 0.3203125 0.62890625
1 0.419921875 0.615234375 0.41796875 0.6171875 0.416015625 0.6171875 0.4140625 0.619140625 0.41796875 0.623046875 0.421875 0.623046875 0.423828125 0.62109375 0.423828125 0.6171875 0.421875 0.615234375
1 0.453125 0.595703125 0.451171875 0.59765625 0.451171875 0.603515625 0.453125 0.60546875 0.458984375 0.60546875 0.4609375 0.603515625 0.4609375 0.59765625 0.458984375 0.595703125
1 0.486328125 0.58984375 0.48046875 0.595703125 0.48046875 0.59765625 0.486328125 0.603515625 0.48828125 0.603515625 0.490234375 0.6015625 0.4921875 0.6015625 0.494140625 0.599609375 0.494140625 0.591796875 0.4921875 0.58984375
1 0.4140625 0.55859375 0.412109375 0.560546875 0.412109375 0.568359375 0.416015625 0.572265625 0.41796875 0.572265625 0.419921875 0.5703125 0.421875 0.5703125 0.423828125 0.568359375 0.423828125 0.5625 0.419921875 0.55859375
1 0.708984375 0.552734375 0.708984375 0.5546875 0.70703125 0.556640625 0.70703125 0.55859375 0.712890625 0.564453125 0.71484375 0.564453125 0.716796875 0.5625 0.716796875 0.560546875 0.71875 0.55859375 0.71875 0.556640625 0.71484375 0.552734375
1 0.171875 0.544921875 0.16796875 0.548828125 0.16796875 0.556640625 0.169921875 0.55859375 0.169921875 0.560546875 0.171875 0.5625 0.17578125 0.5625 0.177734375 0.560546875 0.181640625 0.560546875 0.185546875 0.556640625 0.185546875 0.55078125 0.18359375 0.548828125 0.18359375 0.546875 0.181640625 0.544921875
1 0.568359375 0.541015625 0.568359375 0.55078125 0.57421875 0.55078125 0.576171875 0.548828125 0.576171875 0.54296875 0.57421875 0.541015625
1 0.4765625 0.533203125 0.474609375 0.53515625 0.47265625 0.53515625 0.470703125 0.537109375 0.470703125 0.5390625 0.474609375 0.54296875 0.4765625 0.54296875 0.478515625 0.541015625 0.478515625 0.5390625 0.48046875 0.537109375 0.48046875 0.53515625 0.478515625 0.533203125
1 0.517578125 0.517578125 0.515625 0.51953125 0.513671875 0.51953125 0.513671875 0.53125 0.515625 0.53125 0.517578125 0.533203125 0.5234375 0.533203125 0.5234375 0.53125 0.525390625 0.529296875 0.525390625 0.51953125 0.5234375 0.517578125
1 0.5703125 0.515625 0.568359375 0.517578125 0.568359375 0.521484375 0.5703125 0.5234375 0.572265625 0.5234375 0.57421875 0.521484375 0.57421875 0.517578125 0.572265625 0.515625
1 0.185546875 0.513671875 0.18359375 0.515625 0.18359375 0.521484375 0.185546875 0.5234375 0.1953125 0.5234375 0.1953125 0.517578125 0.19140625 0.513671875
1 0.19921875 0.5 0.197265625 0.501953125 0.197265625 0.50390625 0.19921875 0.505859375 0.19921875 0.5078125 0.203125 0.51171875 0.2109375 0.51171875 0.212890625 0.509765625 0.212890625 0.501953125 0.2109375 0.501953125 0.208984375 0.5
1 0.322265625 0.44140625 0.322265625 0.455078125 0.32421875 0.45703125 0.326171875 0.45703125 0.328125 0.458984375 0.330078125 0.458984375 0.33203125 0.45703125 0.333984375 0.45703125 0.3359375 0.455078125 0.3359375 0.4453125 0.333984375 0.4453125 0.33203125 0.443359375 0.330078125 0.443359375 0.328125 0.44140625
1 0.9296875 0.361328125 0.927734375 0.36328125 0.92578125 0.36328125 0.923828125 0.365234375 0.923828125 0.3671875 0.92578125 0.369140625 0.92578125 0.37109375 0.927734375 0.37109375 0.9296875 0.373046875 0.939453125 0.373046875 0.943359375 0.369140625 0.943359375 0.365234375 0.939453125 0.361328125
1 0.3203125 0.318359375 0.318359375 0.3203125 0.318359375 0.326171875 0.3203125 0.328125 0.328125 0.328125 0.330078125 0.326171875 0.330078125 0.3203125 0.328125 0.318359375
1 0.76953125 0.306640625 0.767578125 0.30859375 0.765625 0.30859375 0.765625 0.310546875 0.763671875 0.3125 0.763671875 0.31640625 0.765625 0.318359375 0.765625 0.322265625 0.76953125 0.326171875 0.771484375 0.326171875 0.7734375 0.328125 0.775390625 0.326171875 0.77734375 0.326171875 0.783203125 0.3203125 0.783203125 0.318359375 0.78515625 0.31640625 0.78515625 0.314453125 0.783203125 0.3125 0.783203125 0.30859375 0.78125 0.306640625
1 0.193359375 0.2734375 0.19140625 0.275390625 0.189453125 0.275390625 0.185546875 0.279296875 0.185546875 0.283203125 0.18359375 0.28515625 0.185546875 0.287109375 0.185546875 0.2890625 0.193359375 0.296875 0.201171875 0.296875 0.20703125 0.291015625 0.208984375 0.291015625 0.212890625 0.287109375 0.212890625 0.28515625 0.203125 0.275390625 0.201171875 0.275390625 0.19921875 0.2734375
1 0.572265625 0.267578125 0.5703125 0.26953125 0.568359375 0.26953125 0.568359375 0.2734375 0.5703125 0.2734375 0.572265625 0.275390625 0.57421875 0.275390625 0.578125 0.271484375 0.578125 0.26953125 0.576171875 0.267578125
1 0.70703125 0.20703125 0.70703125 0.208984375 0.705078125 0.2109375 0.705078125 0.21484375 0.708984375 0.21875 0.712890625 0.21875 0.71484375 0.216796875 0.716796875 0.216796875 0.716796875 0.208984375 0.71484375 0.20703125
1 0.642578125 0.201171875 0.638671875 0.205078125 0.638671875 0.208984375 0.642578125 0.212890625 0.650390625 0.212890625 0.65234375 0.2109375 0.65234375 0.205078125 0.6484375 0.201171875
