0 0.3984375 0.986328125 0.396484375 0.98828125 0.396484375 0.998046875 0.40625 0.998046875 0.40625 0.98828125 0.404296875 0.98828125 0.40234375 0.986328125
0 0.6640625 0.96875 0.662109375 0.970703125 0.66015625 0.970703125 0.66015625 0.978515625 0.662109375 0.978515625 0.6640625 0.98046875 0.673828125 0.98046875 0.673828125 0.970703125 0.671875 0.970703125 0.669921875 0.96875
0 0.76171875 0.931640625 0.759765625 0.93359375 0.7578125 0.93359375 0.7578125 0.94140625 0.759765625 0.94140625 0.76171875 0.943359375 0.767578125 0.943359375 0.76953125 0.94140625 0.771484375 0.94140625 0.771484375 0.93359375 0.76953125 0.93359375 0.767578125 0.931640625
0 0.744140625 0.90234375 0.744140625 0.904296875 0.7421875 0.90625 0.7421875 0.912109375 0.744140625 0.9140625 0.748046875 0.9140625 0.75 0.912109375 0.75390625 0.912109375 0.75390625 0.90625 0.751953125 0.904296875 0.751953125 0.90234375
0 0.072265625 0.865234375 0.072265625 0.87109375 0.080078125 0.87109375 0.08203125 0.869140625 0.08203125 0.8671875 0.080078125 0.865234375
0 0.533203125 0.859375 0.53125 0.861328125 0.53125 0.865234375 0.533203125 0.8671875 0.533203125 0.87109375 0.541015625 0.87109375 0.54296875 0.869140625 0.54296875 0.861328125 0.541015625 0.859375
0 0.572265625 0.615234375 0.572265625 0.630859375 0.57421875 0.6328125 0.583984375 0.6328125 0.5859375 0.630859375 0.5859375 0.619140625 0.583984375 0.6171875 0.583984375 0.615234375
0 0.505859375 0.61328125 0.50390625 0.615234375 0.501953125 0.615234375 0.501953125 0.623046875 0.50390625 0.623046875 0.5078125 0.626953125 0.515625 0.626953125 0.515625 0.615234375 0.513671875 0.615234375 0.51171875 0.61328125
0 0.283203125 0.603515625 0.283203125 0.61328125 0.291015625 0.61328125 0.29296875 0.611328125 0.29296875 0.603515625
0 0.931640625 0.53515625 0.9296875 0.537109375 0.927734375 0.537109375 0.927734375 0.5390625 0.92578125 0.541015625 0.92578125 0.546875 0.927734375 0.548828125 0.927734375 0.552734375 0.9375 0.552734375 0.939453125 0.55078125 0.94140625 0.55078125 0.94140625 0.548828125 0.943359375 0.546875 0.943359375 0.537109375 0.94140625 0.53515625
0 0.748046875 0.48046875 0.748046875 0.48828125 0.75 0.490234375 0.75390625 0.490234375 0.755859375 0.48828125 0.755859375 0.48046875
0 0.3515625 0.478515625 0.349609375 0.48046875 0.349609375 0.482421875 0.34765625 0.484375 0.34765625 0.490234375 0.359375 0.490234375 0.361328125 0.48828125 0.361328125 0.484375 0.359375 0.482421875 0.359375 0.478515625
0 0.623046875 0.431640625 0.623046875 0.43359375 0.62109375 0.435546875 0.62109375 0.439453125 0.623046875 0.44140625 0.630859375 0.44140625 0.6328125 0.439453125 0.6328125 0.435546875 0.630859375 0.43359375 0.630859375 0.431640625
0 0.2265625 0.380859375 0.224609375 0.3828125 0.22265625 0.3828125 0.22265625 0.390625 0.232421875 0.390625 0.232421875 0.3828125 0.23046875 0.380859375
0 0.640625 0.369140625 0.638671875 0.37109375 0.638671875 0.375 0.64453125 0.375 0.646484375 0.373046875 0.646484375 0.37109375 0.64453125 0.369140625
0 0.671875 0.203125 0.669921875 0.205078125 0.669921875 0.212890625 0.671875 0.21484375 0.6796875 0.21484375 0.681640625 0.212890625 0.681640625 0.205078125 0.6796875 0.203125
0 0.12109375 0.203125 0.12109375 0.212890625 0.123046875 0.212890625 0.125 0.21484375 0.130859375 0.21484375 0.1328125 0.212890625 0.134765625 0.212890625 0.134765625 0.205078125 0.1328125 0.205078125 0.130859375 0.203125
0 0.45703125 0.193359375 0.45703125 0.201171875 0.458984375 0.203125 0.46484375 0.203125 0.46484375 0.193359375
0 0.2109375 0.1796875 0.208984375 0.181640625 0.208984375 0.189453125 0.2109375 0.19140625 0.2109375 0.1953125 0.21875 0.1953125 0.21875 0.193359375 0.220703125 0.19140625 0.220703125 0.181640625 0.21875 0.1796875
0 0.533203125 0.11328125 0.53125 0.115234375 0.53125 0.1171875 0.533203125 0.119140625 0.537109375 0.119140625 0.537109375 0.11328125
0 0.962890625 0.09375 0.962890625 0.10546875 0.96484375 0.10546875 0.966796875 0.107421875 0.97265625 0.107421875 0.974609375 0.10546875 0.974609375 0.095703125 0.97265625 0.09375
0 0.818359375 0.0703125 0.818359375 0.080078125 0.826171875 0.080078125 0.826171875 0.078125 0.828125 0.076171875 0.828125 0.072265625 0.826171875 0.0703125
0 0.16796875 0.04296875 0.16796875 0.052734375 0.17578125 0.052734375 0.177734375 0.05078125 0.177734375 0.04296875
0 0.697265625 0.009765625 0.6953125 0.01171875 0.693359375 0.01171875 0.693359375 0.025390625 0.6953125 0.02734375 0.701171875 0.02734375 0.703125 0.025390625 0.705078125 0.025390625 0.705078125 0.01171875 0.703125 0.01171875 0.701171875 0.009765625
1 0.3984375 0.986328125 0.396484375 0.98828125 0.396484375 0.998046875 0.40625 0.998046875 0.40625 0.98828125 0.404296875 0.98828125 0.40234375 0.986328125
1 0.6640625 0.96875 0.662109375 0.970703125 0.66015625 0.970703125 0.66015625 0.978515625 0.662109375 0.978515625 0.6640625 0.98046875 0.673828125 0.98046875 0.673828125 0.970703125 0.671875 0.970703125 0.669921875 0.96875
1 0.76171875 0.931640625 0.759765625 0.93359375 0.7578125 0.93359375 0.7578125 0.94140625 0.759765625 0.94140625 0.76171875 0.943359375 0.767578125 0.943359375 0.76953125 0.94140625 0.771484375 0.94140625 0.771484375 0.93359375 0.76953125 0.93359375 0.767578125 0.931640625
1 0.744140625 0.90234375 0.744140625 0.904296875 0.7421875 0.90625 0.7421875 0.912109375 0.744140625 0.9140625 0.748046875 0.9140625 0.75 0.912109375 0.75390625 0.912109375 0.75390625 0.90625 0.751953125 0.904296875 0.751953125 0.90234375
1 0.072265625 0.865234375 0.072265625 0.87109375 0.080078125 0.87109375 0.08203125 0.869140625 0.08203125 0.8671875 0.080078125 0.865234375
1 0.533203125 0.859375 0.53125 0.861328125 0.53125 0.865234375 0.533203125 0.8671875 0.533203125 0.87109375 0.541015625 0.87109375 0.54296875 0.869140625 0.54296875 0.861328125 0.541015625 0.859375
1 0.572265625 0.615234375 0.572265625 0.630859375 0.57421875 0.6328125 0.583984375 0.6328125 0.5859375 0.630859375 0.5859375 0.619140625 0.583984375 0.6171875 0.583984375 0.615234375
1 0.505859375 0.61328125 0.50390625 0.615234375 0.501953125 0.615234375 0.501953125 0.623046875 0.50390625 0.623046875 0.5078125 0.626953125 0.515625 0.626953125 0.515625 0.615234375 0.513671875 0.615234375 0.51171875 0.61328125
1 0.283203125 0.603515625 0.283203125 0.61328125 0.291015625 0.61328125 0.29296875 0.611328125 0.29296875 0.603515625
1 0.931640625 0.53515625 0.9296875 0.537109375 0.927734375 0.537109375 0.927734375 0.5390625 0.92578125 0.541015625 0.92578125 0.546875 0.927734375 0.548828125 0.927734375 0.552734375 0.9375 0.552734375 0.939453125 0.55078125 0.94140625 0.55078125 0.94140625 0.548828125 0.943359375 0.546875 0.943359375 0.537109375 0.94140625 0.53515625
1 0.748046875 0.48046875 0.748046875 0.48828125 0.75 0.490234375 0.75390625 0.490234375 0.755859375 0.48828125 0.755859375 0.48046875
1 0.3515625 0.478515625 0.349609375 0.48046875 0.349609375 0.482421875 0.34765625 0.484375 0.34765625 0.490234375 0.359375 0.490234375 0.361328125 0.48828125 0.361328125 0.484375 0.359375 0.482421875 0.359375 0.478515625
1 0.623046875 0.431640625 0.623046875 0.43359375 0.62109375 0.435546875 0.62109375 0.439453125 0.623046875 0.44140625 0.630859375 0.44140625 0.6328125 0.439453125 0.6328125 0.435546875 0.630859375 0.43359375 0.630859375 0.431640625
1 0.2265625 0.380859375 0.224609375 0.3828125 0.22265625 0.3828125 0.22265625 0.390625 0.232421875 0.390625 0.232421875 0.3828125 0.23046875 0.380859375
1 0.640625 0.369140625 0.638671875 0.37109375 0.638671875 0.375 0.64453125 0.375 0.646484375 0.373046875 0.646484375 0.37109375 0.64453125 0.369140625
1 0.671875 0.203125 0.669921875 0.205078125 0.669921875 0.212890625 0.671875 0.21484375 0.6796875 0.21484375 0.681640625 0.212890625 0.681640625 0.205078125 0.6796875 0.203125
1 0.12109375 0.203125 0.12109375 0.212890625 0.123046875 0.212890625 0.125 0.21484375 0.130859375 0.21484375 0.1328125 0.212890625 0.134765625 0.212890625 0.134765625 0.205078125 0.1328125 0.205078125 0.130859375 0.203125
1 0.45703125 0.193359375 0.45703125 0.201171875 0.458984375 0.203125 0.46484375 0.203125 0.46484375 0.193359375
1 0.2109375 0.1796875 0.208984375 0.181640625 0.208984375 0.189453125 0.2109375 0.19140625 0.2109375 0.1953125 0.21875 0.1953125 0.21875 0.193359375 0.220703125 0.19140625 0.220703125 0.181640625 0.21875 0.1796875
1 0.533203125 0.11328125 0.53125 0.115234375 0.53125 0.1171875 0.533203125 0.119140625 0.537109375 0.119140625 0.537109375 0.11328125
1 0.962890625 0.09375 0.962890625 0.10546875 0.96484375 0.10546875 0.966796875 0.107421875 0.97265625 0.107421875 0.974609375 0.10546875 0.974609375 0.095703125 0.97265625 0.09375
1 0.818359375 0.0703125 0.818359375 0.080078125 0.826171875 0.080078125 0.826171875 0.078125 0.828125 0.076171875 0.828125 0.072265625 0.826171875 0.0703125
1 0.16796875 0.04296875 0.16796875 0.052734375 0.17578125 0.052734375 0.177734375 0.05078125 0.177734375 0.04296875
1 0.697265625 0.009765625 0.6953125 0.01171875 0.693359375 0.01171875 0.693359375 0.025390625 0.6953125 0.02734375 0.701171875 0.02734375 0.703125 0.025390625 0.705078125 0.025390625 0.705078125 0.01171875 0.703125 0.01171875 0.701171875 0.009765625
