0 0.71484375 0.205078125 0.71484375 0.208984375 0.712890625 0.2109375 0.712890625 0.21484375 0.71484375 0.216796875 0.72265625 0.216796875 0.724609375 0.21484375 0.724609375 0.20703125 0.72265625 0.205078125
0 0.611328125 0.173828125 0.609375 0.17578125 0.609375 0.19140625 0.62109375 0.19140625 0.623046875 0.189453125 0.625 0.189453125 0.625 0.1875 0.626953125 0.185546875 0.626953125 0.1796875 0.625 0.177734375 0.625 0.17578125 0.62109375 0.17578125 0.619140625 0.173828125
0 0.2421875 0.150390625 0.240234375 0.15234375 0.240234375 0.162109375 0.25 0.162109375 0.25 0.150390625
0 0.015625 0.126953125 0.015625 0.134765625 0.017578125 0.13671875 0.01953125 0.13671875 0.021484375 0.134765625 0.021484375 0.126953125
0 0.373046875 0.119140625 0.37109375 0.12109375 0.369140625 0.12109375 0.369140625 0.12890625 0.37109375 0.12890625 0.373046875 0.130859375 0.37890625 0.130859375 0.380859375 0.12890625 0.3828125 0.12890625 0.3828125 0.12109375 0.380859375 0.12109375 0.37890625 0.119140625
0 0.669921875 0.021484375 0.669921875 0.02734375 0.671875 0.029296875 0.6796875 0.029296875 0.6796875 0.021484375
0 0.5078125 0.005859375 0.5078125 0.0078125 0.505859375 0.009765625 0.505859375 0.013671875 0.5078125 0.015625 0.5078125 0.01953125 0.51171875 0.01953125 0.513671875 0.021484375 0.5234375 0.021484375 0.525390625 0.01953125 0.525390625 0.01171875 0.521484375 0.0078125 0.521484375 0.005859375
1 0.71484375 0.205078125 0.71484375 0.208984375 0.712890625 0.2109375 0.712890625 0.21484375 0.71484375 0.216796875 0.72265625 0.216796875 0.724609375 0.21484375 0.724609375 0.20703125 0.72265625 0.205078125
1 0.611328125 0.173828125 0.609375 0.17578125 0.609375 0.19140625 0.62109375 0.19140625 0.623046875 0.189453125 0.625 0.189453125 0.625 0.1875 0.626953125 0.185546875 0.626953125 0.1796875 0.625 0.177734375 0.625 0.17578125 0.62109375 0.17578125 0.619140625 0.173828125
1 0.2421875 0.150390625 0.240234375 0.15234375 0.240234375 0.162109375 0.25 0.162109375 0.25 0.150390625
1 0.015625 0.126953125 0.015625 0.134765625 0.017578125 0.13671875 0.01953125 0.13671875 0.021484375 0.134765625 0.021484375 0.126953125
1 0.373046875 0.119140625 0.37109375 0.12109375 0.369140625 0.12109375 0.369140625 0.12890625 0.37109375 0.12890625 0.373046875 0.130859375 0.37890625 0.130859375 0.380859375 0.12890625 0.3828125 0.12890625 0.3828125 0.12109375 0.380859375 0.12109375 0.37890625 0.119140625
1 0.669921875 0.021484375 0.669921875 0.02734375 0.671875 0.029296875 0.6796875 0.029296875 0.6796875 0.021484375
1 0.5078125 0.005859375 0.5078125 0.0078125 0.505859375 0.009765625 0.505859375 0.013671875 0.5078125 0.015625 0.5078125 0.01953125 0.51171875 0.01953125 0.513671875 0.021484375 0.5234375 0.021484375 0.525390625 0.01953125 0.525390625 0.01171875 0.521484375 0.0078125 0.521484375 0.005859375
