0 0.0703125 0.9296875 0.068359375 0.931640625 0.064453125 0.931640625 0.0625 0.93359375 0.0625 0.935546875 0.060546875 0.9375 0.060546875 0.951171875 0.0625 0.951171875 0.064453125 0.953125 0.06640625 0.953125 0.068359375 0.955078125 0.0703125 0.955078125 0.072265625 0.95703125 0.0859375 0.95703125 0.0859375 0.955078125 0.087890625 0.953125 0.087890625 0.951171875 0.08984375 0.94921875 0.08984375 0.9453125 0.087890625 0.943359375 0.087890625 0.9375 0.0859375 0.935546875 0.0859375 0.93359375 0.08203125 0.9296875
0 0.2109375 0.88671875 0.208984375 0.888671875 0.205078125 0.888671875 0.203125 0.890625 0.203125 0.89453125 0.201171875 0.896484375 0.201171875 0.90234375 0.203125 0.904296875 0.203125 0.908203125 0.205078125 0.91015625 0.2109375 0.91015625 0.212890625 0.908203125 0.21484375 0.908203125 0.21484375 0.90625 0.216796875 0.904296875 0.216796875 0.90234375 0.21875 0.900390625 0.21875 0.892578125 0.21484375 0.888671875 0.212890625 0.888671875
0 0.947265625 0.865234375 0.9453125 0.8671875 0.9453125 0.873046875 0.947265625 0.873046875 0.94921875 0.875 0.953125 0.87109375 0.953125 0.869140625 0.94921875 0.865234375
0 0.166015625 0.861328125 0.1640625 0.86328125 0.1640625 0.8671875 0.166015625 0.869140625 0.173828125 0.869140625 0.17578125 0.8671875 0.17578125 0.865234375 0.171875 0.861328125
0 0.400390625 0.53125 0.3984375 0.533203125 0.3984375 0.5390625 0.40234375 0.54296875 0.40625 0.5390625 0.40625 0.53515625 0.404296875 0.533203125 0.404296875 0.53125
0 0.849609375 0.5078125 0.84765625 0.509765625 0.84765625 0.51953125 0.849609375 0.521484375 0.8515625 0.521484375 0.85546875 0.517578125 0.85546875 0.51171875 0.8515625 0.5078125
0 0.59375 0.474609375 0.587890625 0.48046875 0.587890625 0.490234375 0.5859375 0.4921875 0.5859375 0.49609375 0.587890625 0.49609375 0.58984375 0.498046875 0.595703125 0.498046875 0.59765625 0.49609375 0.599609375 0.49609375 0.603515625 0.4921875 0.603515625 0.490234375 0.607421875 0.486328125 0.607421875 0.482421875 0.60546875 0.48046875 0.60546875 0.4765625 0.603515625 0.474609375
0 0.595703125 0.439453125 0.591796875 0.443359375 0.591796875 0.4453125 0.58984375 0.447265625 0.591796875 0.44921875 0.591796875 0.453125 0.59375 0.455078125 0.595703125 0.455078125 0.59765625 0.45703125 0.603515625 0.45703125 0.60546875 0.455078125 0.607421875 0.455078125 0.607421875 0.453125 0.609375 0.451171875 0.609375 0.443359375 0.607421875 0.44140625 0.607421875 0.439453125
0 0.7890625 0.4375 0.787109375 0.439453125 0.787109375 0.44140625 0.78515625 0.443359375 0.78515625 0.44921875 0.787109375 0.451171875 0.7890625 0.451171875 0.791015625 0.453125 0.79296875 0.453125 0.796875 0.44921875 0.796875 0.439453125 0.794921875 0.439453125 0.79296875 0.4375
1 0.0703125 0.9296875 0.068359375 0.931640625 0.064453125 0.931640625 0.0625 0.93359375 0.0625 0.935546875 0.060546875 0.9375 0.060546875 0.951171875 0.0625 0.951171875 0.064453125 0.953125 0.06640625 0.953125 0.068359375 0.955078125 0.0703125 0.955078125 0.072265625 0.95703125 0.0859375 0.95703125 0.0859375 0.955078125 0.087890625 0.953125 0.087890625 0.951171875 0.08984375 0.94921875 0.08984375 0.9453125 0.087890625 0.943359375 0.087890625 0.9375 0.0859375 0.935546875 0.0859375 0.93359375 0.08203125 0.9296875
1 0.2109375 0.88671875 0.208984375 0.888671875 0.205078125 0.888671875 0.203125 0.890625 0.203125 0.89453125 0.201171875 0.896484375 0.201171875 0.90234375 0.203125 0.904296875 0.203125 0.908203125 0.205078125 0.91015625 0.2109375 0.91015625 0.212890625 0.908203125 0.21484375 0.908203125 0.21484375 0.90625 0.216796875 0.904296875 0.216796875 0.90234375 0.21875 0.900390625 0.21875 0.892578125 0.21484375 0.888671875 0.212890625 0.888671875
1 0.947265625 0.865234375 0.9453125 0.8671875 0.9453125 0.873046875 0.947265625 0.873046875 0.94921875 0.875 0.953125 0.87109375 0.953125 0.869140625 0.94921875 0.865234375
1 0.166015625 0.861328125 0.1640625 0.86328125 0.1640625 0.8671875 0.166015625 0.869140625 0.173828125 0.869140625 0.17578125 0.8671875 0.17578125 0.865234375 0.171875 0.861328125
1 0.400390625 0.53125 0.3984375 0.533203125 0.3984375 0.5390625 0.40234375 0.54296875 0.40625 0.5390625 0.40625 0.53515625 0.404296875 0.533203125 0.404296875 0.53125
1 0.849609375 0.5078125 0.84765625 0.509765625 0.84765625 0.51953125 0.849609375 0.521484375 0.8515625 0.521484375 0.85546875 0.517578125 0.85546875 0.51171875 0.8515625 0.5078125
1 0.59375 0.474609375 0.587890625 0.48046875 0.587890625 0.490234375 0.5859375 0.4921875 0.5859375 0.49609375 0.587890625 0.49609375 0.58984375 0.498046875 0.595703125 0.498046875 0.59765625 0.49609375 0.599609375 0.49609375 0.603515625 0.4921875 0.603515625 0.490234375 0.607421875 0.486328125 0.607421875 0.482421875 0.60546875 0.48046875 0.60546875 0.4765625 0.603515625 0.474609375
1 0.595703125 0.439453125 0.591796875 0.443359375 0.591796875 0.4453125 0.58984375 0.447265625 0.591796875 0.44921875 0.591796875 0.453125 0.59375 0.455078125 0.595703125 0.455078125 0.59765625 0.45703125 0.603515625 0.45703125 0.60546875 0.455078125 0.607421875 0.455078125 0.607421875 0.453125 0.609375 0.451171875 0.609375 0.443359375 0.607421875 0.44140625 0.607421875 0.439453125
1 0.7890625 0.4375 0.787109375 0.439453125 0.787109375 0.44140625 0.78515625 0.443359375 0.78515625 0.44921875 0.787109375 0.451171875 0.7890625 0.451171875 0.791015625 0.453125 0.79296875 0.453125 0.796875 0.44921875 0.796875 0.439453125 0.794921875 0.439453125 0.79296875 0.4375
