0 0.314453125 0.79296875 0.314453125 0.798828125 0.318359375 0.798828125 0.3203125 0.796875 0.3203125 0.794921875 0.318359375 0.79296875
0 0.580078125 0.66015625 0.578125 0.662109375 0.576171875 0.662109375 0.576171875 0.669921875 0.578125 0.669921875 0.580078125 0.671875 0.58984375 0.671875 0.58984375 0.662109375 0.587890625 0.662109375 0.5859375 0.66015625
0 0.443359375 0.623046875 0.44140625 0.625 0.44140625 0.638671875 0.443359375 0.640625 0.453125 0.640625 0.453125 0.63671875 0.455078125 0.634765625 0.45703125 0.634765625 0.45703125 0.625 0.455078125 0.625 0.453125 0.623046875
0 0.228515625 0.599609375 0.2265625 0.6015625 0.224609375 0.6015625 0.224609375 0.603515625 0.22265625 0.60546875 0.22265625 0.609375 0.224609375 0.611328125 0.224609375 0.615234375 0.23828125 0.615234375 0.23828125 0.61328125 0.240234375 0.611328125 0.240234375 0.60546875 0.23828125 0.603515625 0.23828125 0.6015625 0.236328125 0.6015625 0.234375 0.599609375
0 0.349609375 0.591796875 0.34765625 0.59375 0.345703125 0.59375 0.345703125 0.60546875 0.35546875 0.60546875 0.357421875 0.603515625 0.359375 0.603515625 0.359375 0.59375 0.357421875 0.59375 0.35546875 0.591796875
0 0.755859375 0.525390625 0.755859375 0.537109375 0.7578125 0.5390625 0.76953125 0.5390625 0.76953125 0.52734375 0.767578125 0.52734375 0.765625 0.525390625
0 0.818359375 0.478515625 0.818359375 0.48828125 0.8203125 0.48828125 0.822265625 0.490234375 0.826171875 0.490234375 0.828125 0.48828125 0.828125 0.482421875 0.826171875 0.48046875 0.826171875 0.478515625
0 0.734375 0.380859375 0.732421875 0.3828125 0.732421875 0.384765625 0.73046875 0.38671875 0.728515625 0.38671875 0.7265625 0.388671875 0.7265625 0.40234375 0.728515625 0.404296875 0.728515625 0.408203125 0.73046875 0.408203125 0.734375 0.412109375 0.734375 0.4140625 0.736328125 0.4140625 0.73828125 0.416015625 0.748046875 0.416015625 0.75 0.4140625 0.75 0.412109375 0.751953125 0.41015625 0.75390625 0.41015625 0.75390625 0.40625 0.755859375 0.404296875 0.755859375 0.388671875 0.75390625 0.38671875 0.751953125 0.38671875 0.75 0.384765625 0.75 0.3828125 0.74609375 0.3828125 0.744140625 0.380859375
0 0.345703125 0.291015625 0.345703125 0.29296875 0.34375 0.294921875 0.34375 0.3046875 0.345703125 0.306640625 0.34765625 0.306640625 0.349609375 0.30859375 0.35546875 0.30859375 0.357421875 0.306640625 0.359375 0.306640625 0.361328125 0.3046875 0.361328125 0.296875 0.359375 0.294921875 0.359375 0.291015625
0 0.181640625 0.283203125 0.1796875 0.28515625 0.1796875 0.29296875 0.185546875 0.29296875 0.185546875 0.28515625 0.18359375 0.283203125
0 0.5703125 0.271484375 0.568359375 0.2734375 0.568359375 0.283203125 0.578125 0.283203125 0.580078125 0.28125 0.580078125 0.2734375 0.578125 0.271484375
0 0.333984375 0.2421875 0.333984375 0.24609375 0.33203125 0.248046875 0.33203125 0.25 0.333984375 0.251953125 0.3359375 0.251953125 0.337890625 0.25390625 0.341796875 0.25390625 0.34375 0.251953125 0.34375 0.2421875
0 0.515625 0.185546875 0.513671875 0.1875 0.513671875 0.19140625 0.51953125 0.19140625 0.51953125 0.1875 0.517578125 0.185546875
0 0.5390625 0.1796875 0.537109375 0.181640625 0.537109375 0.18359375 0.5390625 0.185546875 0.544921875 0.185546875 0.544921875 0.181640625 0.54296875 0.1796875
0 0.95703125 0.125 0.955078125 0.126953125 0.951171875 0.126953125 0.951171875 0.134765625 0.953125 0.13671875 0.95703125 0.13671875 0.958984375 0.134765625 0.962890625 0.134765625 0.962890625 0.126953125 0.9609375 0.125
0 0.240234375 0.052734375 0.23828125 0.0546875 0.236328125 0.0546875 0.236328125 0.056640625 0.234375 0.05859375 0.234375 0.0625 0.236328125 0.064453125 0.236328125 0.068359375 0.23828125 0.068359375 0.240234375 0.0703125 0.25 0.0703125 0.251953125 0.068359375 0.251953125 0.05859375 0.25 0.056640625 0.25 0.0546875 0.24609375 0.0546875 0.244140625 0.052734375
0 0.4296875 0.021484375 0.427734375 0.0234375 0.42578125 0.0234375 0.42578125 0.044921875 0.427734375 0.044921875 0.4296875 0.046875 0.447265625 0.046875 0.44921875 0.044921875 0.451171875 0.044921875 0.451171875 0.041015625 0.453125 0.0390625 0.453125 0.029296875 0.451171875 0.02734375 0.451171875 0.0234375 0.44921875 0.0234375 0.447265625 0.021484375
1 0.314453125 0.79296875 0.314453125 0.798828125 0.318359375 0.798828125 0.3203125 0.796875 0.3203125 0.794921875 0.318359375 0.79296875
1 0.580078125 0.66015625 0.578125 0.662109375 0.576171875 0.662109375 0.576171875 0.669921875 0.578125 0.669921875 0.580078125 0.671875 0.58984375 0.671875 0.58984375 0.662109375 0.587890625 0.662109375 0.5859375 0.66015625
1 0.443359375 0.623046875 0.44140625 0.625 0.44140625 0.638671875 0.443359375 0.640625 0.453125 0.640625 0.453125 0.63671875 0.455078125 0.634765625 0.45703125 0.634765625 0.45703125 0.625 0.455078125 0.625 0.453125 0.623046875
1 0.228515625 0.599609375 0.2265625 0.6015625 0.224609375 0.6015625 0.224609375 0.603515625 0.22265625 0.60546875 0.22265625 0.609375 0.224609375 0.611328125 0.224609375 0.615234375 0.23828125 0.615234375 0.23828125 0.61328125 0.240234375 0.611328125 0.240234375 0.60546875 0.23828125 0.603515625 0.23828125 0.6015625 0.236328125 0.6015625 0.234375 0.599609375
1 0.349609375 0.591796875 0.34765625 0.59375 0.345703125 0.59375 0.345703125 0.60546875 0.35546875 0.60546875 0.357421875 0.603515625 0.359375 0.603515625 0.359375 0.59375 0.357421875 0.59375 0.35546875 0.591796875
1 0.755859375 0.525390625 0.755859375 0.537109375 0.7578125 0.5390625 0.76953125 0.5390625 0.76953125 0.52734375 0.767578125 0.52734375 0.765625 0.525390625
1 0.818359375 0.478515625 0.818359375 0.48828125 0.8203125 0.48828125 0.822265625 0.490234375 0.826171875 0.490234375 0.828125 0.48828125 0.828125 0.482421875 0.826171875 0.48046875 0.826171875 0.478515625
1 0.734375 0.380859375 0.732421875 0.3828125 0.732421875 0.384765625 0.73046875 0.38671875 0.728515625 0.38671875 0.7265625 0.388671875 0.7265625 0.40234375 0.728515625 0.404296875 0.728515625 0.408203125 0.73046875 0.408203125 0.734375 0.412109375 0.734375 0.4140625 0.736328125 0.4140625 0.73828125 0.416015625 0.748046875 0.416015625 0.75 0.4140625 0.75 0.412109375 0.751953125 0.41015625 0.75390625 0.41015625 0.75390625 0.40625 0.755859375 0.404296875 0.755859375 0.388671875 0.75390625 0.38671875 0.751953125 0.38671875 0.75 0.384765625 0.75 0.3828125 0.74609375 0.3828125 0.744140625 0.380859375
1 0.345703125 0.291015625 0.345703125 0.29296875 0.34375 0.294921875 0.34375 0.3046875 0.345703125 0.306640625 0.34765625 0.306640625 0.349609375 0.30859375 0.35546875 0.30859375 0.357421875 0.306640625 0.359375 0.306640625 0.361328125 0.3046875 0.361328125 0.296875 0.359375 0.294921875 0.359375 0.291015625
1 0.181640625 0.283203125 0.1796875 0.28515625 0.1796875 0.29296875 0.185546875 0.29296875 0.185546875 0.28515625 0.18359375 0.283203125
1 0.5703125 0.271484375 0.568359375 0.2734375 0.568359375 0.283203125 0.578125 0.283203125 0.580078125 0.28125 0.580078125 0.2734375 0.578125 0.271484375
1 0.333984375 0.2421875 0.333984375 0.24609375 0.33203125 0.248046875 0.33203125 0.25 0.333984375 0.251953125 0.3359375 0.251953125 0.337890625 0.25390625 0.341796875 0.25390625 0.34375 0.251953125 0.34375 0.2421875
1 0.515625 0.185546875 0.513671875 0.1875 0.513671875 0.19140625 0.51953125 0.19140625 0.51953125 0.1875 0.517578125 0.185546875
1 0.5390625 0.1796875 0.537109375 0.181640625 0.537109375 0.18359375 0.5390625 0.185546875 0.544921875 0.185546875 0.544921875 0.181640625 0.54296875 0.1796875
1 0.95703125 0.125 0.955078125 0.126953125 0.951171875 0.126953125 0.951171875 0.134765625 0.953125 0.13671875 0.95703125 0.13671875 0.958984375 0.134765625 0.962890625 0.134765625 0.962890625 0.126953125 0.9609375 0.125
1 0.240234375 0.052734375 0.23828125 0.0546875 0.236328125 0.0546875 0.236328125 0.056640625 0.234375 0.05859375 0.234375 0.0625 0.236328125 0.064453125 0.236328125 0.068359375 0.23828125 0.068359375 0.240234375 0.0703125 0.25 0.0703125 0.251953125 0.068359375 0.251953125 0.05859375 0.25 0.056640625 0.25 0.0546875 0.24609375 0.0546875 0.244140625 0.052734375
1 0.4296875 0.021484375 0.427734375 0.0234375 0.42578125 0.0234375 0.42578125 0.044921875 0.427734375 0.044921875 0.4296875 0.046875 0.447265625 0.046875 0.44921875 0.044921875 0.451171875 0.044921875 0.451171875 0.041015625 0.453125 0.0390625 0.453125 0.029296875 0.451171875 0.02734375 0.451171875 0.0234375 0.44921875 0.0234375 0.447265625 0.021484375
