0 0.775390625 0.97265625 0.7734375 0.974609375 0.7734375 0.982421875 0.775390625 0.984375 0.783203125 0.984375 0.783203125 0.97265625
0 0.462890625 0.966796875 0.4609375 0.96875 0.458984375 0.96875 0.458984375 0.97265625 0.45703125 0.974609375 0.45703125 0.982421875 0.458984375 0.984375 0.458984375 0.986328125 0.470703125 0.986328125 0.47265625 0.984375 0.474609375 0.984375 0.4765625 0.982421875 0.4765625 0.97265625 0.474609375 0.970703125 0.474609375 0.96875 0.47265625 0.96875 0.470703125 0.966796875
0 0.41796875 0.962890625 0.41796875 0.96484375 0.416015625 0.966796875 0.416015625 0.970703125 0.41796875 0.97265625 0.42578125 0.97265625 0.427734375 0.970703125 0.427734375 0.96875 0.42578125 0.966796875 0.42578125 0.962890625
0 0.05078125 0.94921875 0.05078125 0.9609375 0.060546875 0.9609375 0.0625 0.958984375 0.064453125 0.958984375 0.064453125 0.955078125 0.0625 0.953125 0.0625 0.951171875 0.060546875 0.94921875
0 0.26953125 0.90625 0.26953125 0.91015625 0.271484375 0.912109375 0.2734375 0.912109375 0.275390625 0.91015625 0.275390625 0.908203125 0.2734375 0.90625
0 0.220703125 0.869140625 0.21875 0.87109375 0.216796875 0.87109375 0.21484375 0.873046875 0.21484375 0.880859375 0.216796875 0.8828125 0.224609375 0.8828125 0.2265625 0.880859375 0.2265625 0.873046875 0.224609375 0.87109375 0.22265625 0.87109375
0 0.236328125 0.830078125 0.236328125 0.83203125 0.234375 0.833984375 0.234375 0.837890625 0.232421875 0.83984375 0.232421875 0.84375 0.236328125 0.84765625 0.236328125 0.849609375 0.23828125 0.849609375 0.240234375 0.8515625 0.244140625 0.8515625 0.24609375 0.849609375 0.25 0.849609375 0.25 0.845703125 0.251953125 0.84375 0.251953125 0.833984375 0.25 0.83203125 0.25 0.830078125
0 0.62890625 0.791015625 0.62890625 0.80078125 0.630859375 0.80078125 0.6328125 0.802734375 0.638671875 0.802734375 0.640625 0.80078125 0.640625 0.796875 0.638671875 0.794921875 0.638671875 0.79296875 0.63671875 0.791015625
0 0.796875 0.75390625 0.794921875 0.755859375 0.79296875 0.755859375 0.791015625 0.7578125 0.791015625 0.76171875 0.79296875 0.763671875 0.79296875 0.765625 0.794921875 0.765625 0.796875 0.767578125 0.806640625 0.767578125 0.80859375 0.765625 0.80859375 0.76171875 0.806640625 0.759765625 0.806640625 0.755859375 0.8046875 0.755859375 0.802734375 0.75390625
0 0.125 0.7421875 0.123046875 0.744140625 0.12109375 0.744140625 0.12109375 0.75390625 0.123046875 0.75390625 0.125 0.755859375 0.130859375 0.755859375 0.1328125 0.75390625 0.134765625 0.75390625 0.134765625 0.744140625 0.1328125 0.744140625 0.130859375 0.7421875
0 0.423828125 0.71484375 0.423828125 0.716796875 0.421875 0.71875 0.421875 0.724609375 0.423828125 0.7265625 0.423828125 0.728515625 0.4375 0.728515625 0.4375 0.7265625 0.439453125 0.724609375 0.439453125 0.720703125 0.4375 0.71875 0.4375 0.71484375
0 0.763671875 0.6640625 0.76171875 0.666015625 0.76171875 0.6796875 0.771484375 0.6796875 0.771484375 0.67578125 0.7734375 0.673828125 0.7734375 0.666015625 0.771484375 0.6640625
0 0.22265625 0.642578125 0.22265625 0.64453125 0.220703125 0.646484375 0.220703125 0.650390625 0.22265625 0.65234375 0.2265625 0.65234375 0.228515625 0.650390625 0.23046875 0.650390625 0.23046875 0.642578125
0 0.435546875 0.615234375 0.43359375 0.6171875 0.43359375 0.630859375 0.435546875 0.6328125 0.44921875 0.6328125 0.44921875 0.6171875 0.4453125 0.6171875 0.443359375 0.615234375
0 0.052734375 0.56640625 0.05078125 0.568359375 0.05078125 0.580078125 0.052734375 0.58203125 0.052734375 0.583984375 0.060546875 0.583984375 0.060546875 0.58203125 0.0625 0.580078125 0.0625 0.578125 0.064453125 0.576171875 0.064453125 0.56640625
0 0.203125 0.54296875 0.201171875 0.544921875 0.19921875 0.544921875 0.19921875 0.546875 0.197265625 0.548828125 0.197265625 0.55859375 0.19921875 0.560546875 0.19921875 0.564453125 0.201171875 0.564453125 0.203125 0.56640625 0.212890625 0.56640625 0.212890625 0.5625 0.21484375 0.560546875 0.21484375 0.548828125 0.212890625 0.546875 0.212890625 0.544921875 0.2109375 0.544921875 0.208984375 0.54296875
1 0.775390625 0.97265625 0.7734375 0.974609375 0.7734375 0.982421875 0.775390625 0.984375 0.783203125 0.984375 0.783203125 0.97265625
1 0.462890625 0.966796875 0.4609375 0.96875 0.458984375 0.96875 0.458984375 0.97265625 0.45703125 0.974609375 0.45703125 0.982421875 0.458984375 0.984375 0.458984375 0.986328125 0.470703125 0.986328125 0.47265625 0.984375 0.474609375 0.984375 0.4765625 0.982421875 0.4765625 0.97265625 0.474609375 0.970703125 0.474609375 0.96875 0.47265625 0.96875 0.470703125 0.966796875
1 0.41796875 0.962890625 0.41796875 0.96484375 0.416015625 0.966796875 0.416015625 0.970703125 0.41796875 0.97265625 0.42578125 0.97265625 0.427734375 0.970703125 0.427734375 0.96875 0.42578125 0.966796875 0.42578125 0.962890625
1 0.05078125 0.94921875 0.05078125 0.9609375 0.060546875 0.9609375 0.0625 0.958984375 0.064453125 0.958984375 0.064453125 0.955078125 0.0625 0.953125 0.0625 0.951171875 0.060546875 0.94921875
1 0.26953125 0.90625 0.26953125 0.91015625 0.271484375 0.912109375 0.2734375 0.912109375 0.275390625 0.91015625 0.275390625 0.908203125 0.2734375 0.90625
1 0.220703125 0.869140625 0.21875 0.87109375 0.216796875 0.87109375 0.21484375 0.873046875 0.21484375 0.880859375 0.216796875 0.8828125 0.224609375 0.8828125 0.2265625 0.880859375 0.2265625 0.873046875 0.224609375 0.87109375 0.22265625 0.87109375
1 0.236328125 0.830078125 0.236328125 0.83203125 0.234375 0.833984375 0.234375 0.837890625 0.232421875 0.83984375 0.232421875 0.84375 0.236328125 0.84765625 0.236328125 0.849609375 0.23828125 0.849609375 0.240234375 0.8515625 0.244140625 0.8515625 0.24609375 0.849609375 0.25 0.849609375 0.25 0.845703125 0.251953125 0.84375 0.251953125 0.833984375 0.25 0.83203125 0.25 0.830078125
1 0.62890625 0.791015625 0.62890625 0.80078125 0.630859375 0.80078125 0.6328125 0.802734375 0.638671875 0.802734375 0.640625 0.80078125 0.640625 0.796875 0.638671875 0.794921875 0.638671875 0.79296875 0.63671875 0.791015625
1 0.796875 0.75390625 0.794921875 0.755859375 0.79296875 0.755859375 0.791015625 0.7578125 0.791015625 0.76171875 0.79296875 0.763671875 0.79296875 0.765625 0.794921875 0.765625 0.796875 0.767578125 0.806640625 0.767578125 0.80859375 0.765625 0.80859375 0.76171875 0.806640625 0.759765625 0.806640625 0.755859375 0.8046875 0.755859375 0.802734375 0.75390625
1 0.125 0.7421875 0.123046875 0.744140625 0.12109375 0.744140625 0.12109375 0.75390625 0.123046875 0.75390625 0.125 0.755859375 0.130859375 0.755859375 0.1328125 0.75390625 0.134765625 0.75390625 0.134765625 0.744140625 0.1328125 0.744140625 0.130859375 0.7421875
1 0.423828125 0.71484375 0.423828125 0.716796875 0.421875 0.71875 0.421875 0.724609375 0.423828125 0.7265625 0.423828125 0.728515625 0.4375 0.728515625 0.4375 0.7265625 0.439453125 0.724609375 0.439453125 0.720703125 0.4375 0.71875 0.4375 0.71484375
1 0.763671875 0.6640625 0.76171875 0.666015625 0.76171875 0.6796875 0.771484375 0.6796875 0.771484375 0.67578125 0.7734375 0.673828125 0.7734375 0.666015625 0.771484375 0.6640625
1 0.22265625 0.642578125 0.22265625 0.64453125 0.220703125 0.646484375 0.220703125 0.650390625 0.22265625 0.65234375 0.2265625 0.65234375 0.228515625 0.650390625 0.23046875 0.650390625 0.23046875 0.642578125
1 0.435546875 0.615234375 0.43359375 0.6171875 0.43359375 0.630859375 0.435546875 0.6328125 0.44921875 0.6328125 0.44921875 0.6171875 0.4453125 0.6171875 0.443359375 0.615234375
1 0.052734375 0.56640625 0.05078125 0.568359375 0.05078125 0.580078125 0.052734375 0.58203125 0.052734375 0.583984375 0.060546875 0.583984375 0.060546875 0.58203125 0.0625 0.580078125 0.0625 0.578125 0.064453125 0.576171875 0.064453125 0.56640625
1 0.203125 0.54296875 0.201171875 0.544921875 0.19921875 0.544921875 0.19921875 0.546875 0.197265625 0.548828125 0.197265625 0.55859375 0.19921875 0.560546875 0.19921875 0.564453125 0.201171875 0.564453125 0.203125 0.56640625 0.212890625 0.56640625 0.212890625 0.5625 0.21484375 0.560546875 0.21484375 0.548828125 0.212890625 0.546875 0.212890625 0.544921875 0.2109375 0.544921875 0.208984375 0.54296875
