0 0.150390625 0.873046875 0.150390625 0.875 0.1484375 0.876953125 0.1484375 0.8828125 0.150390625 0.884765625 0.150390625 0.88671875 0.158203125 0.88671875 0.158203125 0.884765625 0.16015625 0.8828125 0.16015625 0.873046875
0 0.470703125 0.833984375 0.46875 0.8359375 0.46484375 0.8359375 0.46484375 0.837890625 0.462890625 0.83984375 0.462890625 0.845703125 0.46484375 0.84765625 0.46484375 0.849609375 0.466796875 0.849609375 0.46875 0.8515625 0.474609375 0.8515625 0.4765625 0.849609375 0.478515625 0.849609375 0.478515625 0.8359375 0.4765625 0.8359375 0.474609375 0.833984375
0 0.095703125 0.697265625 0.095703125 0.69921875 0.09375 0.701171875 0.09375 0.7109375 0.095703125 0.712890625 0.10546875 0.712890625 0.107421875 0.7109375 0.109375 0.7109375 0.109375 0.697265625
0 0.45703125 0.693359375 0.455078125 0.6953125 0.453125 0.6953125 0.453125 0.705078125 0.455078125 0.705078125 0.45703125 0.70703125 0.462890625 0.70703125 0.46484375 0.705078125 0.466796875 0.705078125 0.466796875 0.703125 0.46875 0.701171875 0.46875 0.697265625 0.466796875 0.6953125 0.466796875 0.693359375
0 0.232421875 0.640625 0.232421875 0.650390625 0.2421875 0.650390625 0.2421875 0.6484375 0.244140625 0.646484375 0.244140625 0.642578125 0.2421875 0.640625
0 0.5859375 0.55078125 0.5859375 0.552734375 0.58203125 0.556640625 0.580078125 0.556640625 0.580078125 0.5703125 0.58203125 0.5703125 0.583984375 0.572265625 0.583984375 0.576171875 0.5859375 0.578125 0.603515625 0.578125 0.60546875 0.576171875 0.607421875 0.576171875 0.607421875 0.57421875 0.609375 0.572265625 0.609375 0.560546875 0.607421875 0.55859375 0.607421875 0.556640625 0.60546875 0.556640625 0.603515625 0.5546875 0.6015625 0.5546875 0.599609375 0.552734375 0.599609375 0.55078125
0 0.337890625 0.5078125 0.337890625 0.509765625 0.3359375 0.51171875 0.3359375 0.515625 0.337890625 0.517578125 0.345703125 0.517578125 0.34765625 0.515625 0.34765625 0.51171875 0.345703125 0.509765625 0.345703125 0.5078125
0 0.572265625 0.361328125 0.5703125 0.36328125 0.568359375 0.36328125 0.568359375 0.365234375 0.56640625 0.3671875 0.56640625 0.373046875 0.568359375 0.375 0.568359375 0.376953125 0.5703125 0.376953125 0.572265625 0.37890625 0.58203125 0.37890625 0.583984375 0.376953125 0.583984375 0.36328125 0.580078125 0.36328125 0.578125 0.361328125
0 0.2109375 0.361328125 0.208984375 0.36328125 0.208984375 0.365234375 0.2109375 0.3671875 0.21484375 0.3671875 0.21484375 0.361328125
1 0.150390625 0.873046875 0.150390625 0.875 0.1484375 0.876953125 0.1484375 0.8828125 0.150390625 0.884765625 0.150390625 0.88671875 0.158203125 0.88671875 0.158203125 0.884765625 0.16015625 0.8828125 0.16015625 0.873046875
1 0.470703125 0.833984375 0.46875 0.8359375 0.46484375 0.8359375 0.46484375 0.837890625 0.462890625 0.83984375 0.462890625 0.845703125 0.46484375 0.84765625 0.46484375 0.849609375 0.466796875 0.849609375 0.46875 0.8515625 0.474609375 0.8515625 0.4765625 0.849609375 0.478515625 0.849609375 0.478515625 0.8359375 0.4765625 0.8359375 0.474609375 0.833984375
1 0.095703125 0.697265625 0.095703125 0.69921875 0.09375 0.701171875 0.09375 0.7109375 0.095703125 0.712890625 0.10546875 0.712890625 0.107421875 0.7109375 0.109375 0.7109375 0.109375 0.697265625
1 0.45703125 0.693359375 0.455078125 0.6953125 0.453125 0.6953125 0.453125 0.705078125 0.455078125 0.705078125 0.45703125 0.70703125 0.462890625 0.70703125 0.46484375 0.705078125 0.466796875 0.705078125 0.466796875 0.703125 0.46875 0.701171875 0.46875 0.697265625 0.466796875 0.6953125 0.466796875 0.693359375
1 0.232421875 0.640625 0.232421875 0.650390625 0.2421875 0.650390625 0.2421875 0.6484375 0.244140625 0.646484375 0.244140625 0.642578125 0.2421875 0.640625
1 0.5859375 0.55078125 0.5859375 0.552734375 0.58203125 0.556640625 0.580078125 0.556640625 0.580078125 0.5703125 0.58203125 0.5703125 0.583984375 0.572265625 0.583984375 0.576171875 0.5859375 0.578125 0.603515625 0.578125 0.60546875 0.576171875 0.607421875 0.576171875 0.607421875 0.57421875 0.609375 0.572265625 0.609375 0.560546875 0.607421875 0.55859375 0.607421875 0.556640625 0.60546875 0.556640625 0.603515625 0.5546875 0.6015625 0.5546875 0.599609375 0.552734375 0.599609375 0.55078125
1 0.337890625 0.5078125 0.337890625 0.509765625 0.3359375 0.51171875 0.3359375 0.515625 0.337890625 0.517578125 0.345703125 0.517578125 0.34765625 0.515625 0.34765625 0.51171875 0.345703125 0.509765625 0.345703125 0.5078125
1 0.572265625 0.361328125 0.5703125 0.36328125 0.568359375 0.36328125 0.568359375 0.365234375 0.56640625 0.3671875 0.56640625 0.373046875 0.568359375 0.375 0.568359375 0.376953125 0.5703125 0.376953125 0.572265625 0.37890625 0.58203125 0.37890625 0.583984375 0.376953125 0.583984375 0.36328125 0.580078125 0.36328125 0.578125 0.361328125
1 0.2109375 0.361328125 0.208984375 0.36328125 0.208984375 0.365234375 0.2109375 0.3671875 0.21484375 0.3671875 0.21484375 0.361328125
