0 0.287109375 0.953125 0.28515625 0.955078125 0.28515625 0.9609375 0.287109375 0.9609375 0.2890625 0.962890625 0.29296875 0.962890625 0.294921875 0.9609375 0.296875 0.9609375 0.296875 0.958984375 0.291015625 0.953125
0 0.263671875 0.953125 0.263671875 0.958984375 0.265625 0.9609375 0.26953125 0.9609375 0.26953125 0.958984375 0.271484375 0.95703125 0.271484375 0.955078125 0.26953125 0.953125
0 0.181640625 0.90625 0.181640625 0.908203125 0.1796875 0.91015625 0.1796875 0.912109375 0.177734375 0.9140625 0.177734375 0.923828125 0.18359375 0.923828125 0.185546875 0.92578125 0.189453125 0.92578125 0.1953125 0.919921875 0.1953125 0.91015625 0.193359375 0.908203125 0.189453125 0.908203125 0.1875 0.90625
0 0.484375 0.90234375 0.482421875 0.904296875 0.48046875 0.904296875 0.48046875 0.90625 0.478515625 0.908203125 0.478515625 0.912109375 0.48046875 0.9140625 0.48046875 0.916015625 0.486328125 0.921875 0.48828125 0.921875 0.4921875 0.91796875 0.4921875 0.90625 0.48828125 0.90234375
0 0.173828125 0.890625 0.173828125 0.89453125 0.1796875 0.900390625 0.181640625 0.8984375 0.181640625 0.892578125 0.1796875 0.890625
0 0.4453125 0.861328125 0.44140625 0.865234375 0.44140625 0.869140625 0.443359375 0.87109375 0.447265625 0.87109375 0.44921875 0.869140625 0.44921875 0.865234375
0 0.419921875 0.8359375 0.41796875 0.837890625 0.41796875 0.83984375 0.421875 0.84375 0.423828125 0.84375 0.427734375 0.83984375 0.427734375 0.837890625 0.42578125 0.8359375
0 0.318359375 0.8203125 0.314453125 0.82421875 0.314453125 0.826171875 0.3125 0.828125 0.3125 0.8359375 0.3203125 0.8359375 0.322265625 0.833984375 0.322265625 0.83203125 0.32421875 0.830078125 0.32421875 0.82421875 0.322265625 0.822265625 0.3203125 0.822265625
0 0.25390625 0.796875 0.25390625 0.806640625 0.255859375 0.80859375 0.259765625 0.80859375 0.263671875 0.8046875 0.263671875 0.80078125 0.259765625 0.796875
0 0.19921875 0.791015625 0.197265625 0.79296875 0.197265625 0.798828125 0.203125 0.8046875 0.205078125 0.802734375 0.205078125 0.798828125 0.20703125 0.796875 0.20703125 0.79296875 0.205078125 0.791015625
0 0.23046875 0.783203125 0.224609375 0.7890625 0.224609375 0.796875 0.2265625 0.798828125 0.2265625 0.80078125 0.236328125 0.80078125 0.236328125 0.798828125 0.23828125 0.796875 0.23828125 0.79296875 0.240234375 0.791015625 0.240234375 0.787109375 0.23828125 0.78515625 0.236328125 0.78515625 0.234375 0.783203125
0 0.1953125 0.6875 0.193359375 0.689453125 0.193359375 0.69140625 0.1953125 0.693359375 0.1953125 0.6953125 0.19921875 0.6953125 0.201171875 0.693359375 0.201171875 0.689453125 0.19921875 0.6875
0 0.955078125 0.66796875 0.953125 0.669921875 0.951171875 0.669921875 0.947265625 0.673828125 0.947265625 0.677734375 0.951171875 0.681640625 0.9609375 0.681640625 0.962890625 0.6796875 0.962890625 0.669921875 0.9609375 0.66796875
0 0.296875 0.65234375 0.294921875 0.654296875 0.294921875 0.658203125 0.296875 0.66015625 0.296875 0.6640625 0.298828125 0.666015625 0.302734375 0.666015625 0.3046875 0.6640625 0.3046875 0.658203125 0.298828125 0.65234375
0 0.80078125 0.634765625 0.7890625 0.646484375 0.7890625 0.650390625 0.794921875 0.65625 0.794921875 0.658203125 0.798828125 0.662109375 0.80078125 0.662109375 0.802734375 0.6640625 0.8046875 0.6640625 0.806640625 0.666015625 0.818359375 0.666015625 0.8203125 0.6640625 0.822265625 0.6640625 0.822265625 0.662109375 0.82421875 0.66015625 0.82421875 0.65234375 0.826171875 0.650390625 0.82421875 0.6484375 0.82421875 0.646484375 0.8203125 0.642578125 0.8203125 0.640625 0.81640625 0.63671875 0.814453125 0.63671875 0.8125 0.634765625
0 0.421875 0.5703125 0.419921875 0.572265625 0.41796875 0.572265625 0.41796875 0.57421875 0.421875 0.578125 0.423828125 0.578125 0.42578125 0.576171875 0.42578125 0.572265625 0.423828125 0.5703125
0 0.751953125 0.556640625 0.75 0.55859375 0.75 0.564453125 0.751953125 0.56640625 0.755859375 0.56640625 0.759765625 0.5625 0.759765625 0.560546875 0.7578125 0.55859375 0.7578125 0.556640625
0 0.3359375 0.556640625 0.33203125 0.560546875 0.33203125 0.564453125 0.333984375 0.56640625 0.333984375 0.568359375 0.3359375 0.568359375 0.337890625 0.5703125 0.341796875 0.5703125 0.34375 0.568359375 0.34375 0.55859375 0.341796875 0.556640625
1 0.287109375 0.953125 0.28515625 0.955078125 0.28515625 0.9609375 0.287109375 0.9609375 0.2890625 0.962890625 0.29296875 0.962890625 0.294921875 0.9609375 0.296875 0.9609375 0.296875 0.958984375 0.291015625 0.953125
1 0.263671875 0.953125 0.263671875 0.958984375 0.265625 0.9609375 0.26953125 0.9609375 0.26953125 0.958984375 0.271484375 0.95703125 0.271484375 0.955078125 0.26953125 0.953125
1 0.181640625 0.90625 0.181640625 0.908203125 0.1796875 0.91015625 0.1796875 0.912109375 0.177734375 0.9140625 0.177734375 0.923828125 0.18359375 0.923828125 0.185546875 0.92578125 0.189453125 0.92578125 0.1953125 0.919921875 0.1953125 0.91015625 0.193359375 0.908203125 0.189453125 0.908203125 0.1875 0.90625
1 0.484375 0.90234375 0.482421875 0.904296875 0.48046875 0.904296875 0.48046875 0.90625 0.478515625 0.908203125 0.478515625 0.912109375 0.48046875 0.9140625 0.48046875 0.916015625 0.486328125 0.921875 0.48828125 0.921875 0.4921875 0.91796875 0.4921875 0.90625 0.48828125 0.90234375
1 0.173828125 0.890625 0.173828125 0.89453125 0.1796875 0.900390625 0.181640625 0.8984375 0.181640625 0.892578125 0.1796875 0.890625
1 0.4453125 0.861328125 0.44140625 0.865234375 0.44140625 0.869140625 0.443359375 0.87109375 0.447265625 0.87109375 0.44921875 0.869140625 0.44921875 0.865234375
1 0.419921875 0.8359375 0.41796875 0.837890625 0.41796875 0.83984375 0.421875 0.84375 0.423828125 0.84375 0.427734375 0.83984375 0.427734375 0.837890625 0.42578125 0.8359375
1 0.318359375 0.8203125 0.314453125 0.82421875 0.314453125 0.826171875 0.3125 0.828125 0.3125 0.8359375 0.3203125 0.8359375 0.322265625 0.833984375 0.322265625 0.83203125 0.32421875 0.830078125 0.32421875 0.82421875 0.322265625 0.822265625 0.3203125 0.822265625
1 0.25390625 0.796875 0.25390625 0.806640625 0.255859375 0.80859375 0.259765625 0.80859375 0.263671875 0.8046875 0.263671875 0.80078125 0.259765625 0.796875
1 0.19921875 0.791015625 0.197265625 0.79296875 0.197265625 0.798828125 0.203125 0.8046875 0.205078125 0.802734375 0.205078125 0.798828125 0.20703125 0.796875 0.20703125 0.79296875 0.205078125 0.791015625
1 0.23046875 0.783203125 0.224609375 0.7890625 0.224609375 0.796875 0.2265625 0.798828125 0.2265625 0.80078125 0.236328125 0.80078125 0.236328125 0.798828125 0.23828125 0.796875 0.23828125 0.79296875 0.240234375 0.791015625 0.240234375 0.787109375 0.23828125 0.78515625 0.236328125 0.78515625 0.234375 0.783203125
1 0.1953125 0.6875 0.193359375 0.689453125 0.193359375 0.69140625 0.1953125 0.693359375 0.1953125 0.6953125 0.19921875 0.6953125 0.201171875 0.693359375 0.201171875 0.689453125 0.19921875 0.6875
1 0.955078125 0.66796875 0.953125 0.669921875 0.951171875 0.669921875 0.947265625 0.673828125 0.947265625 0.677734375 0.951171875 0.681640625 0.9609375 0.681640625 0.962890625 0.6796875 0.962890625 0.669921875 0.9609375 0.66796875
1 0.296875 0.65234375 0.294921875 0.654296875 0.294921875 0.658203125 0.296875 0.66015625 0.296875 0.6640625 0.298828125 0.666015625 0.302734375 0.666015625 0.3046875 0.6640625 0.3046875 0.658203125 0.298828125 0.65234375
1 0.80078125 0.634765625 0.7890625 0.646484375 0.7890625 0.650390625 0.794921875 0.65625 0.794921875 0.658203125 0.798828125 0.662109375 0.80078125 0.662109375 0.802734375 0.6640625 0.8046875 0.6640625 0.806640625 0.666015625 0.818359375 0.666015625 0.8203125 0.6640625 0.822265625 0.6640625 0.822265625 0.662109375 0.82421875 0.66015625 0.82421875 0.65234375 0.826171875 0.650390625 0.82421875 0.6484375 0.82421875 0.646484375 0.8203125 0.642578125 0.8203125 0.640625 0.81640625 0.63671875 0.814453125 0.63671875 0.8125 0.634765625
1 0.421875 0.5703125 0.419921875 0.572265625 0.41796875 0.572265625 0.41796875 0.57421875 0.421875 0.578125 0.423828125 0.578125 0.42578125 0.576171875 0.42578125 0.572265625 0.423828125 0.5703125
1 0.751953125 0.556640625 0.75 0.55859375 0.75 0.564453125 0.751953125 0.56640625 0.755859375 0.56640625 0.759765625 0.5625 0.759765625 0.560546875 0.7578125 0.55859375 0.7578125 0.556640625
1 0.3359375 0.556640625 0.33203125 0.560546875 0.33203125 0.564453125 0.333984375 0.56640625 0.333984375 0.568359375 0.3359375 0.568359375 0.337890625 0.5703125 0.341796875 0.5703125 0.34375 0.568359375 0.34375 0.55859375 0.341796875 0.556640625
