0 0.470703125 0.943359375 0.46875 0.9453125 0.46875 0.958984375 0.484375 0.958984375 0.484375 0.951171875 0.486328125 0.94921875 0.486328125 0.9453125 0.484375 0.943359375
0 0.94140625 0.919921875 0.939453125 0.921875 0.9375 0.921875 0.9375 0.923828125 0.935546875 0.92578125 0.935546875 0.935546875 0.9375 0.9375 0.94921875 0.9375 0.951171875 0.935546875 0.953125 0.935546875 0.953125 0.92578125 0.951171875 0.92578125 0.94921875 0.923828125 0.94921875 0.921875 0.947265625 0.921875 0.9453125 0.919921875
0 0.359375 0.833984375 0.357421875 0.8359375 0.35546875 0.8359375 0.35546875 0.845703125 0.357421875 0.845703125 0.359375 0.84765625 0.365234375 0.84765625 0.3671875 0.845703125 0.369140625 0.845703125 0.369140625 0.841796875 0.37109375 0.83984375 0.37109375 0.8359375 0.369140625 0.833984375
0 0.580078125 0.744140625 0.580078125 0.74609375 0.578125 0.748046875 0.578125 0.7578125 0.580078125 0.759765625 0.59375 0.759765625 0.595703125 0.7578125 0.595703125 0.75 0.59375 0.748046875 0.591796875 0.748046875 0.58984375 0.74609375 0.58984375 0.744140625
0 0.53125 0.6015625 0.529296875 0.603515625 0.525390625 0.603515625 0.525390625 0.6171875 0.541015625 0.6171875 0.541015625 0.603515625 0.5390625 0.6015625
0 0.951171875 0.58984375 0.951171875 0.599609375 0.953125 0.599609375 0.955078125 0.6015625 0.958984375 0.6015625 0.9609375 0.599609375 0.9609375 0.58984375
0 0.310546875 0.58984375 0.30859375 0.591796875 0.306640625 0.591796875 0.306640625 0.6015625 0.30859375 0.6015625 0.310546875 0.603515625 0.310546875 0.60546875 0.322265625 0.60546875 0.322265625 0.603515625 0.32421875 0.6015625 0.32421875 0.591796875 0.322265625 0.58984375
0 0.70703125 0.521484375 0.705078125 0.5234375 0.705078125 0.52734375 0.7109375 0.52734375 0.7109375 0.5234375 0.708984375 0.521484375
0 0.53515625 0.521484375 0.533203125 0.5234375 0.53125 0.5234375 0.53125 0.53125 0.541015625 0.53125 0.541015625 0.5234375 0.5390625 0.521484375
0 0.94921875 0.478515625 0.947265625 0.48046875 0.947265625 0.490234375 0.94921875 0.4921875 0.958984375 0.4921875 0.9609375 0.490234375 0.9609375 0.484375 0.958984375 0.482421875 0.958984375 0.48046875 0.95703125 0.48046875 0.955078125 0.478515625
0 0.638671875 0.4609375 0.63671875 0.462890625 0.634765625 0.462890625 0.634765625 0.46484375 0.6328125 0.466796875 0.6328125 0.4765625 0.634765625 0.478515625 0.6484375 0.478515625 0.650390625 0.4765625 0.650390625 0.47265625 0.65234375 0.470703125 0.654296875 0.470703125 0.654296875 0.462890625 0.65234375 0.462890625 0.650390625 0.4609375
0 0.083984375 0.44140625 0.08203125 0.443359375 0.08203125 0.447265625 0.083984375 0.44921875 0.083984375 0.453125 0.091796875 0.453125 0.091796875 0.44921875 0.09375 0.447265625 0.09375 0.443359375 0.091796875 0.44140625
0 0.26953125 0.41796875 0.267578125 0.419921875 0.263671875 0.419921875 0.263671875 0.427734375 0.265625 0.4296875 0.275390625 0.4296875 0.275390625 0.419921875 0.2734375 0.41796875
0 0.658203125 0.412109375 0.658203125 0.416015625 0.66015625 0.41796875 0.662109375 0.41796875 0.6640625 0.416015625 0.6640625 0.4140625 0.662109375 0.412109375
0 0.10546875 0.3984375 0.103515625 0.400390625 0.1015625 0.400390625 0.1015625 0.40625 0.109375 0.40625 0.111328125 0.404296875 0.111328125 0.400390625 0.109375 0.3984375
0 0.294921875 0.1484375 0.29296875 0.150390625 0.29296875 0.171875 0.30859375 0.171875 0.30859375 0.169921875 0.310546875 0.16796875 0.310546875 0.154296875 0.30859375 0.15234375 0.30859375 0.1484375
0 0.9921875 0.09375 0.990234375 0.095703125 0.990234375 0.09765625 0.9921875 0.099609375 0.994140625 0.099609375 0.99609375 0.09765625 0.99609375 0.09375
0 0.689453125 0.021484375 0.6875 0.0234375 0.6875 0.033203125 0.689453125 0.03515625 0.689453125 0.037109375 0.703125 0.037109375 0.703125 0.03515625 0.705078125 0.033203125 0.705078125 0.021484375
1 0.470703125 0.943359375 0.46875 0.9453125 0.46875 0.958984375 0.484375 0.958984375 0.484375 0.951171875 0.486328125 0.94921875 0.486328125 0.9453125 0.484375 0.943359375
1 0.94140625 0.919921875 0.939453125 0.921875 0.9375 0.921875 0.9375 0.923828125 0.935546875 0.92578125 0.935546875 0.935546875 0.9375 0.9375 0.94921875 0.9375 0.951171875 0.935546875 0.953125 0.935546875 0.953125 0.92578125 0.951171875 0.92578125 0.94921875 0.923828125 0.94921875 0.921875 0.947265625 0.921875 0.9453125 0.919921875
1 0.359375 0.833984375 0.357421875 0.8359375 0.35546875 0.8359375 0.35546875 0.845703125 0.357421875 0.845703125 0.359375 0.84765625 0.365234375 0.84765625 0.3671875 0.845703125 0.369140625 0.845703125 0.369140625 0.841796875 0.37109375 0.83984375 0.37109375 0.8359375 0.369140625 0.833984375
1 0.580078125 0.744140625 0.580078125 0.74609375 0.578125 0.748046875 0.578125 0.7578125 0.580078125 0.759765625 0.59375 0.759765625 0.595703125 0.7578125 0.595703125 0.75 0.59375 0.748046875 0.591796875 0.748046875 0.58984375 0.74609375 0.58984375 0.744140625
1 0.53125 0.6015625 0.529296875 0.603515625 0.525390625 0.603515625 0.525390625 0.6171875 0.541015625 0.6171875 0.541015625 0.603515625 0.5390625 0.6015625
1 0.951171875 0.58984375 0.951171875 0.599609375 0.953125 0.599609375 0.955078125 0.6015625 0.958984375 0.6015625 0.9609375 0.599609375 0.9609375 0.58984375
1 0.310546875 0.58984375 0.30859375 0.591796875 0.306640625 0.591796875 0.306640625 0.6015625 0.30859375 0.6015625 0.310546875 0.603515625 0.310546875 0.60546875 0.322265625 0.60546875 0.322265625 0.603515625 0.32421875 0.6015625 0.32421875 0.591796875 0.322265625 0.58984375
1 0.70703125 0.521484375 0.705078125 0.5234375 0.705078125 0.52734375 0.7109375 0.52734375 0.7109375 0.5234375 0.708984375 0.521484375
1 0.53515625 0.521484375 0.533203125 0.5234375 0.53125 0.5234375 0.53125 0.53125 0.541015625 0.53125 0.541015625 0.5234375 0.5390625 0.521484375
1 0.94921875 0.478515625 0.947265625 0.48046875 0.947265625 0.490234375 0.94921875 0.4921875 0.958984375 0.4921875 0.9609375 0.490234375 0.9609375 0.484375 0.958984375 0.482421875 0.958984375 0.48046875 0.95703125 0.48046875 0.955078125 0.478515625
1 0.638671875 0.4609375 0.63671875 0.462890625 0.634765625 0.462890625 0.634765625 0.46484375 0.6328125 0.466796875 0.6328125 0.4765625 0.634765625 0.478515625 0.6484375 0.478515625 0.650390625 0.4765625 0.650390625 0.47265625 0.65234375 0.470703125 0.654296875 0.470703125 0.654296875 0.462890625 0.65234375 0.462890625 0.650390625 0.4609375
1 0.083984375 0.44140625 0.08203125 0.443359375 0.08203125 0.447265625 0.083984375 0.44921875 0.083984375 0.453125 0.091796875 0.453125 0.091796875 0.44921875 0.09375 0.447265625 0.09375 0.443359375 0.091796875 0.44140625
1 0.26953125 0.41796875 0.267578125 0.419921875 0.263671875 0.419921875 0.263671875 0.427734375 0.265625 0.4296875 0.275390625 0.4296875 0.275390625 0.419921875 0.2734375 0.41796875
1 0.658203125 0.412109375 0.658203125 0.416015625 0.66015625 0.41796875 0.662109375 0.41796875 0.6640625 0.416015625 0.6640625 0.4140625 0.662109375 0.412109375
1 0.10546875 0.3984375 0.103515625 0.400390625 0.1015625 0.400390625 0.1015625 0.40625 0.109375 0.40625 0.111328125 0.404296875 0.111328125 0.400390625 0.109375 0.3984375
1 0.294921875 0.1484375 0.29296875 0.150390625 0.29296875 0.171875 0.30859375 0.171875 0.30859375 0.169921875 0.310546875 0.16796875 0.310546875 0.154296875 0.30859375 0.15234375 0.30859375 0.1484375
1 0.9921875 0.09375 0.990234375 0.095703125 0.990234375 0.09765625 0.9921875 0.099609375 0.994140625 0.099609375 0.99609375 0.09765625 0.99609375 0.09375
1 0.689453125 0.021484375 0.6875 0.0234375 0.6875 0.033203125 0.689453125 0.03515625 0.689453125 0.037109375 0.703125 0.037109375 0.703125 0.03515625 0.705078125 0.033203125 0.705078125 0.021484375
