0 0.515625 0.974609375 0.513671875 0.9765625 0.513671875 0.982421875 0.515625 0.984375 0.52734375 0.984375 0.52734375 0.982421875 0.529296875 0.98046875 0.529296875 0.978515625 0.52734375 0.9765625 0.52734375 0.974609375
0 0.54296875 0.97265625 0.541015625 0.974609375 0.541015625 0.978515625 0.55078125 0.978515625 0.55078125 0.974609375 0.548828125 0.97265625
0 0.376953125 0.96484375 0.375 0.966796875 0.375 0.97265625 0.376953125 0.974609375 0.376953125 0.978515625 0.37890625 0.978515625 0.3828125 0.982421875 0.388671875 0.982421875 0.39453125 0.9765625 0.392578125 0.974609375 0.392578125 0.966796875 0.390625 0.966796875 0.388671875 0.96484375
0 0.177734375 0.9609375 0.171875 0.966796875 0.171875 0.96875 0.173828125 0.970703125 0.173828125 0.97265625 0.17578125 0.97265625 0.177734375 0.974609375 0.185546875 0.974609375 0.1875 0.97265625 0.1875 0.970703125 0.189453125 0.96875 0.189453125 0.96484375 0.1875 0.962890625 0.185546875 0.962890625 0.18359375 0.9609375
0 0.60546875 0.9140625 0.603515625 0.916015625 0.599609375 0.916015625 0.59765625 0.91796875 0.595703125 0.91796875 0.591796875 0.921875 0.591796875 0.923828125 0.58984375 0.92578125 0.58984375 0.9375 0.599609375 0.947265625 0.623046875 0.947265625 0.62890625 0.94140625 0.62890625 0.9296875 0.626953125 0.927734375 0.626953125 0.919921875 0.625 0.91796875 0.623046875 0.91796875 0.62109375 0.916015625 0.619140625 0.916015625 0.6171875 0.9140625
0 0.37890625 0.8828125 0.375 0.88671875 0.375 0.888671875 0.373046875 0.890625 0.373046875 0.892578125 0.37109375 0.89453125 0.375 0.8984375 0.375 0.900390625 0.3828125 0.900390625 0.384765625 0.8984375 0.38671875 0.8984375 0.388671875 0.896484375 0.388671875 0.890625 0.38671875 0.888671875 0.38671875 0.88671875 0.3828125 0.8828125
0 0.55859375 0.83203125 0.556640625 0.833984375 0.556640625 0.83984375 0.55859375 0.841796875 0.5625 0.841796875 0.5625 0.83984375 0.564453125 0.837890625 0.564453125 0.8359375 0.560546875 0.83203125
1 0.515625 0.974609375 0.513671875 0.9765625 0.513671875 0.982421875 0.515625 0.984375 0.52734375 0.984375 0.52734375 0.982421875 0.529296875 0.98046875 0.529296875 0.978515625 0.52734375 0.9765625 0.52734375 0.974609375
1 0.54296875 0.97265625 0.541015625 0.974609375 0.541015625 0.978515625 0.55078125 0.978515625 0.55078125 0.974609375 0.548828125 0.97265625
1 0.376953125 0.96484375 0.375 0.966796875 0.375 0.97265625 0.376953125 0.974609375 0.376953125 0.978515625 0.37890625 0.978515625 0.3828125 0.982421875 0.388671875 0.982421875 0.39453125 0.9765625 0.392578125 0.974609375 0.392578125 0.966796875 0.390625 0.966796875 0.388671875 0.96484375
1 0.177734375 0.9609375 0.171875 0.966796875 0.171875 0.96875 0.173828125 0.970703125 0.173828125 0.97265625 0.17578125 0.97265625 0.177734375 0.974609375 0.185546875 0.974609375 0.1875 0.97265625 0.1875 0.970703125 0.189453125 0.96875 0.189453125 0.96484375 0.1875 0.962890625 0.185546875 0.962890625 0.18359375 0.9609375
1 0.60546875 0.9140625 0.603515625 0.916015625 0.599609375 0.916015625 0.59765625 0.91796875 0.595703125 0.91796875 0.591796875 0.921875 0.591796875 0.923828125 0.58984375 0.92578125 0.58984375 0.9375 0.599609375 0.947265625 0.623046875 0.947265625 0.62890625 0.94140625 0.62890625 0.9296875 0.626953125 0.927734375 0.626953125 0.919921875 0.625 0.91796875 0.623046875 0.91796875 0.62109375 0.916015625 0.619140625 0.916015625 0.6171875 0.9140625
1 0.37890625 0.8828125 0.375 0.88671875 0.375 0.888671875 0.373046875 0.890625 0.373046875 0.892578125 0.37109375 0.89453125 0.375 0.8984375 0.375 0.900390625 0.3828125 0.900390625 0.384765625 0.8984375 0.38671875 0.8984375 0.388671875 0.896484375 0.388671875 0.890625 0.38671875 0.888671875 0.38671875 0.88671875 0.3828125 0.8828125
1 0.55859375 0.83203125 0.556640625 0.833984375 0.556640625 0.83984375 0.55859375 0.841796875 0.5625 0.841796875 0.5625 0.83984375 0.564453125 0.837890625 0.564453125 0.8359375 0.560546875 0.83203125
