0 0.634765625 0.6953125 0.634765625 0.697265625 0.6328125 0.69921875 0.6328125 0.703125 0.634765625 0.705078125 0.64453125 0.705078125 0.64453125 0.6953125
0 0.953125 0.681640625 0.953125 0.6875 0.958984375 0.6875 0.958984375 0.68359375 0.95703125 0.681640625
0 0.9375 0.66796875 0.935546875 0.669921875 0.935546875 0.673828125 0.9375 0.67578125 0.94140625 0.67578125 0.94140625 0.66796875
0 0.634765625 0.64453125 0.6328125 0.646484375 0.6328125 0.654296875 0.634765625 0.65625 0.642578125 0.65625 0.64453125 0.654296875 0.64453125 0.646484375 0.642578125 0.64453125
0 0.791015625 0.4296875 0.7890625 0.431640625 0.7890625 0.439453125 0.791015625 0.44140625 0.794921875 0.44140625 0.796875 0.439453125 0.796875 0.435546875 0.794921875 0.43359375 0.794921875 0.431640625 0.79296875 0.4296875
0 0.59765625 0.369140625 0.595703125 0.37109375 0.595703125 0.37890625 0.59765625 0.380859375 0.6015625 0.380859375 0.603515625 0.37890625 0.60546875 0.37890625 0.60546875 0.369140625
0 0.81640625 0.3125 0.8125 0.31640625 0.810546875 0.31640625 0.810546875 0.3203125 0.80859375 0.322265625 0.80859375 0.32421875 0.810546875 0.326171875 0.810546875 0.330078125 0.8125 0.330078125 0.814453125 0.33203125 0.8203125 0.33203125 0.822265625 0.330078125 0.82421875 0.330078125 0.82421875 0.328125 0.826171875 0.326171875 0.826171875 0.31640625 0.82421875 0.314453125 0.8203125 0.314453125 0.818359375 0.3125
0 0.90625 0.27734375 0.90625 0.287109375 0.908203125 0.287109375 0.91015625 0.2890625 0.916015625 0.2890625 0.91796875 0.287109375 0.91796875 0.283203125 0.916015625 0.28125 0.916015625 0.27734375
0 0.462890625 0.1328125 0.462890625 0.13671875 0.4609375 0.138671875 0.4609375 0.146484375 0.462890625 0.1484375 0.47265625 0.1484375 0.474609375 0.146484375 0.4765625 0.146484375 0.4765625 0.13671875 0.474609375 0.13671875 0.47265625 0.134765625 0.47265625 0.1328125
1 0.634765625 0.6953125 0.634765625 0.697265625 0.6328125 0.69921875 0.6328125 0.703125 0.634765625 0.705078125 0.64453125 0.705078125 0.64453125 0.6953125
1 0.953125 0.681640625 0.953125 0.6875 0.958984375 0.6875 0.958984375 0.68359375 0.95703125 0.681640625
1 0.9375 0.66796875 0.935546875 0.669921875 0.935546875 0.673828125 0.9375 0.67578125 0.94140625 0.67578125 0.94140625 0.66796875
1 0.634765625 0.64453125 0.6328125 0.646484375 0.6328125 0.654296875 0.634765625 0.65625 0.642578125 0.65625 0.64453125 0.654296875 0.64453125 0.646484375 0.642578125 0.64453125
1 0.791015625 0.4296875 0.7890625 0.431640625 0.7890625 0.439453125 0.791015625 0.44140625 0.794921875 0.44140625 0.796875 0.439453125 0.796875 0.435546875 0.794921875 0.43359375 0.794921875 0.431640625 0.79296875 0.4296875
1 0.59765625 0.369140625 0.595703125 0.37109375 0.595703125 0.37890625 0.59765625 0.380859375 0.6015625 0.380859375 0.603515625 0.37890625 0.60546875 0.37890625 0.60546875 0.369140625
1 0.81640625 0.3125 0.8125 0.31640625 0.810546875 0.31640625 0.810546875 0.3203125 0.80859375 0.322265625 0.80859375 0.32421875 0.810546875 0.326171875 0.810546875 0.330078125 0.8125 0.330078125 0.814453125 0.33203125 0.8203125 0.33203125 0.822265625 0.330078125 0.82421875 0.330078125 0.82421875 0.328125 0.826171875 0.326171875 0.826171875 0.31640625 0.82421875 0.314453125 0.8203125 0.314453125 0.818359375 0.3125
1 0.90625 0.27734375 0.90625 0.287109375 0.908203125 0.287109375 0.91015625 0.2890625 0.916015625 0.2890625 0.91796875 0.287109375 0.91796875 0.283203125 0.916015625 0.28125 0.916015625 0.27734375
1 0.462890625 0.1328125 0.462890625 0.13671875 0.4609375 0.138671875 0.4609375 0.146484375 0.462890625 0.1484375 0.47265625 0.1484375 0.474609375 0.146484375 0.4765625 0.146484375 0.4765625 0.13671875 0.474609375 0.13671875 0.47265625 0.134765625 0.47265625 0.1328125
