0 0.8828125 0.6171875 0.880859375 0.619140625 0.87890625 0.619140625 0.87890625 0.62109375 0.876953125 0.623046875 0.876953125 0.62890625 0.87890625 0.630859375 0.87890625 0.634765625 0.892578125 0.634765625 0.89453125 0.6328125 0.89453125 0.619140625 0.892578125 0.6171875
0 0.916015625 0.5078125 0.9140625 0.509765625 0.9140625 0.517578125 0.923828125 0.517578125 0.923828125 0.515625 0.92578125 0.513671875 0.92578125 0.509765625 0.923828125 0.5078125
0 0.85546875 0.5078125 0.853515625 0.509765625 0.853515625 0.517578125 0.85546875 0.51953125 0.859375 0.51953125 0.861328125 0.517578125 0.865234375 0.517578125 0.865234375 0.5078125
0 0.962890625 0.501953125 0.9609375 0.50390625 0.9609375 0.51171875 0.962890625 0.513671875 0.962890625 0.517578125 0.96484375 0.51953125 0.97265625 0.51953125 0.974609375 0.517578125 0.978515625 0.517578125 0.978515625 0.50390625 0.9765625 0.50390625 0.974609375 0.501953125
0 0.29296875 0.501953125 0.291015625 0.50390625 0.287109375 0.50390625 0.287109375 0.517578125 0.2890625 0.51953125 0.302734375 0.51953125 0.302734375 0.515625 0.3046875 0.513671875 0.3046875 0.509765625 0.302734375 0.5078125 0.302734375 0.50390625 0.30078125 0.50390625 0.298828125 0.501953125
0 0.9140625 0.44140625 0.912109375 0.443359375 0.908203125 0.443359375 0.908203125 0.45703125 0.91015625 0.458984375 0.92578125 0.458984375 0.927734375 0.45703125 0.9296875 0.45703125 0.9296875 0.447265625 0.927734375 0.447265625 0.92578125 0.4453125 0.92578125 0.443359375 0.923828125 0.44140625
0 0.091796875 0.421875 0.091796875 0.4296875 0.099609375 0.4296875 0.1015625 0.427734375 0.1015625 0.423828125 0.099609375 0.421875
0 0.646484375 0.412109375 0.646484375 0.419921875 0.6484375 0.421875 0.658203125 0.421875 0.658203125 0.412109375
0 0.4453125 0.3671875 0.4453125 0.375 0.451171875 0.375 0.451171875 0.369140625 0.44921875 0.3671875
0 0.921875 0.259765625 0.921875 0.263671875 0.919921875 0.265625 0.919921875 0.271484375 0.921875 0.2734375 0.921875 0.275390625 0.923828125 0.275390625 0.92578125 0.27734375 0.931640625 0.27734375 0.93359375 0.275390625 0.935546875 0.275390625 0.935546875 0.2734375 0.9375 0.271484375 0.9375 0.265625 0.935546875 0.263671875 0.935546875 0.26171875 0.93359375 0.26171875 0.931640625 0.259765625
0 0.03125 0.16796875 0.029296875 0.169921875 0.029296875 0.173828125 0.03515625 0.173828125 0.03515625 0.16796875
0 0.82421875 0.162109375 0.822265625 0.1640625 0.822265625 0.166015625 0.8203125 0.16796875 0.818359375 0.16796875 0.818359375 0.177734375 0.8203125 0.177734375 0.822265625 0.1796875 0.833984375 0.1796875 0.8359375 0.177734375 0.83984375 0.177734375 0.83984375 0.1640625 0.837890625 0.162109375
0 0.732421875 0.0234375 0.73046875 0.025390625 0.7265625 0.025390625 0.7265625 0.02734375 0.724609375 0.029296875 0.724609375 0.05078125 0.7265625 0.052734375 0.7421875 0.052734375 0.744140625 0.05078125 0.744140625 0.046875 0.74609375 0.044921875 0.748046875 0.044921875 0.748046875 0.041015625 0.75 0.0390625 0.75 0.03515625 0.748046875 0.033203125 0.748046875 0.025390625 0.74609375 0.025390625 0.744140625 0.0234375
0 0.298828125 0.0 0.298828125 0.0078125 0.30078125 0.009765625 0.30859375 0.009765625 0.310546875 0.0078125 0.310546875 0.0
1 0.8828125 0.6171875 0.880859375 0.619140625 0.87890625 0.619140625 0.87890625 0.62109375 0.876953125 0.623046875 0.876953125 0.62890625 0.87890625 0.630859375 0.87890625 0.634765625 0.892578125 0.634765625 0.89453125 0.6328125 0.89453125 0.619140625 0.892578125 0.6171875
1 0.916015625 0.5078125 0.9140625 0.509765625 0.9140625 0.517578125 0.923828125 0.517578125 0.923828125 0.515625 0.92578125 0.513671875 0.92578125 0.509765625 0.923828125 0.5078125
1 0.85546875 0.5078125 0.853515625 0.509765625 0.853515625 0.517578125 0.85546875 0.51953125 0.859375 0.51953125 0.861328125 0.517578125 0.865234375 0.517578125 0.865234375 0.5078125
1 0.962890625 0.501953125 0.9609375 0.50390625 0.9609375 0.51171875 0.962890625 0.513671875 0.962890625 0.517578125 0.96484375 0.51953125 0.97265625 0.51953125 0.974609375 0.517578125 0.978515625 0.517578125 0.978515625 0.50390625 0.9765625 0.50390625 0.974609375 0.501953125
1 0.29296875 0.501953125 0.291015625 0.50390625 0.287109375 0.50390625 0.287109375 0.517578125 0.2890625 0.51953125 0.302734375 0.51953125 0.302734375 0.515625 0.3046875 0.513671875 0.3046875 0.509765625 0.302734375 0.5078125 0.302734375 0.50390625 0.30078125 0.50390625 0.298828125 0.501953125
1 0.9140625 0.44140625 0.912109375 0.443359375 0.908203125 0.443359375 0.908203125 0.45703125 0.91015625 0.458984375 0.92578125 0.458984375 0.927734375 0.45703125 0.9296875 0.45703125 0.9296875 0.447265625 0.927734375 0.447265625 0.92578125 0.4453125 0.92578125 0.443359375 0.923828125 0.44140625
1 0.091796875 0.421875 0.091796875 0.4296875 0.099609375 0.4296875 0.1015625 0.427734375 0.1015625 0.423828125 0.099609375 0.421875
1 0.646484375 0.412109375 0.646484375 0.419921875 0.6484375 0.421875 0.658203125 0.421875 0.658203125 0.412109375
1 0.4453125 0.3671875 0.4453125 0.375 0.451171875 0.375 0.451171875 0.369140625 0.44921875 0.3671875
1 0.921875 0.259765625 0.921875 0.263671875 0.919921875 0.265625 0.919921875 0.271484375 0.921875 0.2734375 0.921875 0.275390625 0.923828125 0.275390625 0.92578125 0.27734375 0.931640625 0.27734375 0.93359375 0.275390625 0.935546875 0.275390625 0.935546875 0.2734375 0.9375 0.271484375 0.9375 0.265625 0.935546875 0.263671875 0.935546875 0.26171875 0.93359375 0.26171875 0.931640625 0.259765625
1 0.03125 0.16796875 0.029296875 0.169921875 0.029296875 0.173828125 0.03515625 0.173828125 0.03515625 0.16796875
1 0.82421875 0.162109375 0.822265625 0.1640625 0.822265625 0.166015625 0.8203125 0.16796875 0.818359375 0.16796875 0.818359375 0.177734375 0.8203125 0.177734375 0.822265625 0.1796875 0.833984375 0.1796875 0.8359375 0.177734375 0.83984375 0.177734375 0.83984375 0.1640625 0.837890625 0.162109375
1 0.732421875 0.0234375 0.73046875 0.025390625 0.7265625 0.025390625 0.7265625 0.02734375 0.724609375 0.029296875 0.724609375 0.05078125 0.7265625 0.052734375 0.7421875 0.052734375 0.744140625 0.05078125 0.744140625 0.046875 0.74609375 0.044921875 0.748046875 0.044921875 0.748046875 0.041015625 0.75 0.0390625 0.75 0.03515625 0.748046875 0.033203125 0.748046875 0.025390625 0.74609375 0.025390625 0.744140625 0.0234375
1 0.298828125 0.0 0.298828125 0.0078125 0.30078125 0.009765625 0.30859375 0.009765625 0.310546875 0.0078125 0.310546875 0.0
