0 0.40625 0.890625 0.40234375 0.89453125 0.40234375 0.900390625 0.404296875 0.90234375 0.4140625 0.90234375 0.4140625 0.900390625 0.416015625 0.8984375 0.416015625 0.896484375 0.4140625 0.89453125 0.4140625 0.892578125 0.412109375 0.892578125 0.41015625 0.890625
0 0.123046875 0.82421875 0.12109375 0.826171875 0.119140625 0.826171875 0.119140625 0.828125 0.1171875 0.830078125 0.1171875 0.83203125 0.119140625 0.833984375 0.119140625 0.8359375 0.12109375 0.837890625 0.123046875 0.837890625 0.125 0.83984375 0.126953125 0.83984375 0.130859375 0.8359375 0.130859375 0.833984375 0.1328125 0.83203125 0.130859375 0.830078125 0.130859375 0.828125 0.126953125 0.82421875
0 0.17578125 0.822265625 0.173828125 0.82421875 0.173828125 0.828125 0.17578125 0.830078125 0.18359375 0.830078125 0.18359375 0.82421875 0.181640625 0.822265625
0 0.50390625 0.798828125 0.5 0.802734375 0.5 0.806640625 0.50390625 0.810546875 0.5078125 0.810546875 0.51171875 0.806640625 0.51171875 0.8046875 0.509765625 0.802734375 0.509765625 0.80078125 0.5078125 0.80078125 0.505859375 0.798828125
0 0.31640625 0.693359375 0.314453125 0.6953125 0.3125 0.6953125 0.3125 0.701171875 0.3203125 0.701171875 0.322265625 0.69921875 0.322265625 0.6953125 0.3203125 0.693359375
0 0.2734375 0.6875 0.2734375 0.6953125 0.275390625 0.697265625 0.28125 0.697265625 0.283203125 0.6953125 0.283203125 0.693359375 0.28515625 0.69140625 0.28515625 0.689453125 0.283203125 0.6875
0 0.265625 0.60546875 0.263671875 0.607421875 0.26171875 0.607421875 0.2578125 0.611328125 0.2578125 0.61328125 0.259765625 0.615234375 0.259765625 0.6171875 0.26171875 0.619140625 0.26953125 0.619140625 0.275390625 0.61328125 0.275390625 0.611328125 0.2734375 0.609375 0.2734375 0.607421875 0.271484375 0.607421875 0.26953125 0.60546875
0 0.3046875 0.576171875 0.302734375 0.578125 0.302734375 0.5859375 0.3046875 0.587890625 0.314453125 0.587890625 0.31640625 0.5859375 0.31640625 0.580078125 0.314453125 0.580078125 0.3125 0.578125 0.30859375 0.578125 0.306640625 0.576171875
0 0.033203125 0.466796875 0.03125 0.46875 0.029296875 0.46875 0.02734375 0.470703125 0.025390625 0.470703125 0.025390625 0.478515625 0.02734375 0.478515625 0.029296875 0.48046875 0.03125 0.48046875 0.033203125 0.482421875 0.041015625 0.482421875 0.04296875 0.48046875 0.04296875 0.47265625 0.0390625 0.46875 0.037109375 0.46875 0.03515625 0.466796875
0 0.94921875 0.4609375 0.947265625 0.462890625 0.947265625 0.466796875 0.94921875 0.46875 0.955078125 0.46875 0.95703125 0.466796875 0.95703125 0.462890625 0.955078125 0.4609375
0 0.98828125 0.2109375 0.986328125 0.212890625 0.986328125 0.21484375 0.98828125 0.216796875 0.994140625 0.216796875 0.99609375 0.21484375 0.99609375 0.212890625 0.994140625 0.2109375
0 0.2734375 0.208984375 0.271484375 0.2109375 0.2734375 0.212890625 0.2734375 0.21484375 0.275390625 0.216796875 0.279296875 0.216796875 0.279296875 0.21484375 0.28125 0.212890625 0.28125 0.2109375 0.279296875 0.208984375
0 0.572265625 0.068359375 0.5703125 0.0703125 0.5703125 0.080078125 0.572265625 0.08203125 0.580078125 0.08203125 0.58203125 0.080078125 0.58203125 0.078125 0.583984375 0.076171875 0.580078125 0.072265625 0.580078125 0.0703125 0.578125 0.068359375
1 0.40625 0.890625 0.40234375 0.89453125 0.40234375 0.900390625 0.404296875 0.90234375 0.4140625 0.90234375 0.4140625 0.900390625 0.416015625 0.8984375 0.416015625 0.896484375 0.4140625 0.89453125 0.4140625 0.892578125 0.412109375 0.892578125 0.41015625 0.890625
1 0.123046875 0.82421875 0.12109375 0.826171875 0.119140625 0.826171875 0.119140625 0.828125 0.1171875 0.830078125 0.1171875 0.83203125 0.119140625 0.833984375 0.119140625 0.8359375 0.12109375 0.837890625 0.123046875 0.837890625 0.125 0.83984375 0.126953125 0.83984375 0.130859375 0.8359375 0.130859375 0.833984375 0.1328125 0.83203125 0.130859375 0.830078125 0.130859375 0.828125 0.126953125 0.82421875
1 0.17578125 0.822265625 0.173828125 0.82421875 0.173828125 0.828125 0.17578125 0.830078125 0.18359375 0.830078125 0.18359375 0.82421875 0.181640625 0.822265625
1 0.50390625 0.798828125 0.5 0.802734375 0.5 0.806640625 0.50390625 0.810546875 0.5078125 0.810546875 0.51171875 0.806640625 0.51171875 0.8046875 0.509765625 0.802734375 0.509765625 0.80078125 0.5078125 0.80078125 0.505859375 0.798828125
1 0.31640625 0.693359375 0.314453125 0.6953125 0.3125 0.6953125 0.3125 0.701171875 0.3203125 0.701171875 0.322265625 0.69921875 0.322265625 0.6953125 0.3203125 0.693359375
1 0.2734375 0.6875 0.2734375 0.6953125 0.275390625 0.697265625 0.28125 0.697265625 0.283203125 0.6953125 0.283203125 0.693359375 0.28515625 0.69140625 0.28515625 0.689453125 0.283203125 0.6875
1 0.265625 0.60546875 0.263671875 0.607421875 0.26171875 0.607421875 0.2578125 0.611328125 0.2578125 0.61328125 0.259765625 0.615234375 0.259765625 0.6171875 0.26171875 0.619140625 0.26953125 0.619140625 0.275390625 0.61328125 0.275390625 0.611328125 0.2734375 0.609375 0.2734375 0.607421875 0.271484375 0.607421875 0.26953125 0.60546875
1 0.3046875 0.576171875 0.302734375 0.578125 0.302734375 0.5859375 0.3046875 0.587890625 0.314453125 0.587890625 0.31640625 0.5859375 0.31640625 0.580078125 0.314453125 0.580078125 0.3125 0.578125 0.30859375 0.578125 0.306640625 0.576171875
1 0.033203125 0.466796875 0.03125 0.46875 0.029296875 0.46875 0.02734375 0.470703125 0.025390625 0.470703125 0.025390625 0.478515625 0.02734375 0.478515625 0.029296875 0.48046875 0.03125 0.48046875 0.033203125 0.482421875 0.041015625 0.482421875 0.04296875 0.48046875 0.04296875 0.47265625 0.0390625 0.46875 0.037109375 0.46875 0.03515625 0.466796875
1 0.94921875 0.4609375 0.947265625 0.462890625 0.947265625 0.466796875 0.94921875 0.46875 0.955078125 0.46875 0.95703125 0.466796875 0.95703125 0.462890625 0.955078125 0.4609375
1 0.98828125 0.2109375 0.986328125 0.212890625 0.986328125 0.21484375 0.98828125 0.216796875 0.994140625 0.216796875 0.99609375 0.21484375 0.99609375 0.212890625 0.994140625 0.2109375
1 0.2734375 0.208984375 0.271484375 0.2109375 0.2734375 0.212890625 0.2734375 0.21484375 0.275390625 0.216796875 0.279296875 0.216796875 0.279296875 0.21484375 0.28125 0.212890625 0.28125 0.2109375 0.279296875 0.208984375
1 0.572265625 0.068359375 0.5703125 0.0703125 0.5703125 0.080078125 0.572265625 0.08203125 0.580078125 0.08203125 0.58203125 0.080078125 0.58203125 0.078125 0.583984375 0.076171875 0.580078125 0.072265625 0.580078125 0.0703125 0.578125 0.068359375
