0 0.728515625 0.95703125 0.724609375 0.9609375 0.724609375 0.96484375 0.72265625 0.966796875 0.72265625 0.96875 0.720703125 0.970703125 0.720703125 0.97265625 0.71875 0.974609375 0.71875 0.978515625 0.7265625 0.986328125 0.728515625 0.986328125 0.73046875 0.98828125 0.734375 0.98828125 0.736328125 0.986328125 0.73828125 0.986328125 0.7421875 0.982421875 0.744140625 0.982421875 0.74609375 0.98046875 0.75 0.98046875 0.75390625 0.9765625 0.75390625 0.9609375 0.751953125 0.958984375 0.751953125 0.95703125
0 0.2265625 0.751953125 0.224609375 0.75390625 0.22265625 0.75390625 0.220703125 0.755859375 0.21875 0.755859375 0.212890625 0.76171875 0.212890625 0.765625 0.2109375 0.767578125 0.2109375 0.779296875 0.212890625 0.78125 0.212890625 0.783203125 0.21484375 0.78515625 0.216796875 0.78515625 0.21875 0.787109375 0.232421875 0.787109375 0.236328125 0.783203125 0.23828125 0.783203125 0.240234375 0.78125 0.2421875 0.78125 0.244140625 0.779296875 0.244140625 0.755859375 0.2421875 0.75390625 0.240234375 0.75390625 0.23828125 0.751953125
0 0.728515625 0.68359375 0.7265625 0.685546875 0.724609375 0.685546875 0.72265625 0.6875 0.72265625 0.689453125 0.720703125 0.69140625 0.71875 0.69140625 0.71875 0.693359375 0.716796875 0.6953125 0.716796875 0.701171875 0.71875 0.703125 0.720703125 0.703125 0.728515625 0.7109375 0.734375 0.7109375 0.734375 0.708984375 0.7421875 0.701171875 0.7421875 0.69921875 0.744140625 0.697265625 0.744140625 0.6953125 0.7421875 0.693359375 0.7421875 0.689453125 0.73828125 0.685546875 0.736328125 0.685546875 0.734375 0.68359375
0 0.826171875 0.353515625 0.82421875 0.35546875 0.822265625 0.35546875 0.814453125 0.36328125 0.814453125 0.373046875 0.81640625 0.375 0.818359375 0.375 0.822265625 0.37890625 0.82421875 0.37890625 0.826171875 0.380859375 0.828125 0.380859375 0.830078125 0.37890625 0.83203125 0.37890625 0.83984375 0.37109375 0.83984375 0.36328125 0.837890625 0.361328125 0.837890625 0.359375 0.83203125 0.353515625
0 0.787109375 0.087890625 0.78515625 0.08984375 0.783203125 0.08984375 0.78125 0.091796875 0.78125 0.099609375 0.783203125 0.1015625 0.79296875 0.1015625 0.79296875 0.099609375 0.794921875 0.09765625 0.794921875 0.091796875 0.79296875 0.08984375 0.791015625 0.08984375 0.7890625 0.087890625
1 0.728515625 0.95703125 0.724609375 0.9609375 0.724609375 0.96484375 0.72265625 0.966796875 0.72265625 0.96875 0.720703125 0.970703125 0.720703125 0.97265625 0.71875 0.974609375 0.71875 0.978515625 0.7265625 0.986328125 0.728515625 0.986328125 0.73046875 0.98828125 0.734375 0.98828125 0.736328125 0.986328125 0.73828125 0.986328125 0.7421875 0.982421875 0.744140625 0.982421875 0.74609375 0.98046875 0.75 0.98046875 0.75390625 0.9765625 0.75390625 0.9609375 0.751953125 0.958984375 0.751953125 0.95703125
1 0.2265625 0.751953125 0.224609375 0.75390625 0.22265625 0.75390625 0.220703125 0.755859375 0.21875 0.755859375 0.212890625 0.76171875 0.212890625 0.765625 0.2109375 0.767578125 0.2109375 0.779296875 0.212890625 0.78125 0.212890625 0.783203125 0.21484375 0.78515625 0.216796875 0.78515625 0.21875 0.787109375 0.232421875 0.787109375 0.236328125 0.783203125 0.23828125 0.783203125 0.240234375 0.78125 0.2421875 0.78125 0.244140625 0.779296875 0.244140625 0.755859375 0.2421875 0.75390625 0.240234375 0.75390625 0.23828125 0.751953125
1 0.728515625 0.68359375 0.7265625 0.685546875 0.724609375 0.685546875 0.72265625 0.6875 0.72265625 0.689453125 0.720703125 0.69140625 0.71875 0.69140625 0.71875 0.693359375 0.716796875 0.6953125 0.716796875 0.701171875 0.71875 0.703125 0.720703125 0.703125 0.728515625 0.7109375 0.734375 0.7109375 0.734375 0.708984375 0.7421875 0.701171875 0.7421875 0.69921875 0.744140625 0.697265625 0.744140625 0.6953125 0.7421875 0.693359375 0.7421875 0.689453125 0.73828125 0.685546875 0.736328125 0.685546875 0.734375 0.68359375
1 0.826171875 0.353515625 0.82421875 0.35546875 0.822265625 0.35546875 0.814453125 0.36328125 0.814453125 0.373046875 0.81640625 0.375 0.818359375 0.375 0.822265625 0.37890625 0.82421875 0.37890625 0.826171875 0.380859375 0.828125 0.380859375 0.830078125 0.37890625 0.83203125 0.37890625 0.83984375 0.37109375 0.83984375 0.36328125 0.837890625 0.361328125 0.837890625 0.359375 0.83203125 0.353515625
1 0.787109375 0.087890625 0.78515625 0.08984375 0.783203125 0.08984375 0.78125 0.091796875 0.78125 0.099609375 0.783203125 0.1015625 0.79296875 0.1015625 0.79296875 0.099609375 0.794921875 0.09765625 0.794921875 0.091796875 0.79296875 0.08984375 0.791015625 0.08984375 0.7890625 0.087890625
