0 0.30859375 0.80859375 0.302734375 0.814453125 0.302734375 0.822265625 0.3046875 0.82421875 0.3046875 0.828125 0.30859375 0.83203125 0.322265625 0.83203125 0.32421875 0.830078125 0.32421875 0.828125 0.326171875 0.826171875 0.326171875 0.81640625 0.32421875 0.814453125 0.32421875 0.8125 0.3203125 0.80859375
0 0.306640625 0.2421875 0.3046875 0.244140625 0.302734375 0.244140625 0.298828125 0.248046875 0.298828125 0.25 0.296875 0.251953125 0.296875 0.255859375 0.298828125 0.2578125 0.298828125 0.259765625 0.30078125 0.26171875 0.30078125 0.263671875 0.3046875 0.267578125 0.318359375 0.267578125 0.3203125 0.265625 0.3203125 0.263671875 0.322265625 0.26171875 0.322265625 0.259765625 0.32421875 0.2578125 0.32421875 0.251953125 0.3203125 0.248046875 0.3203125 0.24609375 0.318359375 0.244140625 0.31640625 0.244140625 0.314453125 0.2421875
0 0.279296875 0.208984375 0.279296875 0.21875 0.28125 0.220703125 0.283203125 0.220703125 0.28515625 0.21875 0.287109375 0.21875 0.287109375 0.2109375 0.28515625 0.208984375
0 0.212890625 0.111328125 0.2109375 0.11328125 0.2109375 0.123046875 0.212890625 0.125 0.224609375 0.125 0.2265625 0.123046875 0.2265625 0.1171875 0.224609375 0.115234375 0.224609375 0.11328125 0.22265625 0.111328125
0 0.19921875 0.09375 0.19921875 0.095703125 0.197265625 0.09765625 0.197265625 0.103515625 0.201171875 0.107421875 0.208984375 0.107421875 0.208984375 0.095703125 0.20703125 0.095703125 0.205078125 0.09375
1 0.30859375 0.80859375 0.302734375 0.814453125 0.302734375 0.822265625 0.3046875 0.82421875 0.3046875 0.828125 0.30859375 0.83203125 0.322265625 0.83203125 0.32421875 0.830078125 0.32421875 0.828125 0.326171875 0.826171875 0.326171875 0.81640625 0.32421875 0.814453125 0.32421875 0.8125 0.3203125 0.80859375
1 0.306640625 0.2421875 0.3046875 0.244140625 0.302734375 0.244140625 0.298828125 0.248046875 0.298828125 0.25 0.296875 0.251953125 0.296875 0.255859375 0.298828125 0.2578125 0.298828125 0.259765625 0.30078125 0.26171875 0.30078125 0.263671875 0.3046875 0.267578125 0.318359375 0.267578125 0.3203125 0.265625 0.3203125 0.263671875 0.322265625 0.26171875 0.322265625 0.259765625 0.32421875 0.2578125 0.32421875 0.251953125 0.3203125 0.248046875 0.3203125 0.24609375 0.318359375 0.244140625 0.31640625 0.244140625 0.314453125 0.2421875
1 0.279296875 0.208984375 0.279296875 0.21875 0.28125 0.220703125 0.283203125 0.220703125 0.28515625 0.21875 0.287109375 0.21875 0.287109375 0.2109375 0.28515625 0.208984375
1 0.212890625 0.111328125 0.2109375 0.11328125 0.2109375 0.123046875 0.212890625 0.125 0.224609375 0.125 0.2265625 0.123046875 0.2265625 0.1171875 0.224609375 0.115234375 0.224609375 0.11328125 0.22265625 0.111328125
1 0.19921875 0.09375 0.19921875 0.095703125 0.197265625 0.09765625 0.197265625 0.103515625 0.201171875 0.107421875 0.208984375 0.107421875 0.208984375 0.095703125 0.20703125 0.095703125 0.205078125 0.09375
