0 0.4609375 0.876953125 0.458984375 0.87890625 0.458984375 0.88671875 0.4609375 0.888671875 0.462890625 0.888671875 0.46484375 0.890625 0.474609375 0.890625 0.474609375 0.880859375 0.47265625 0.87890625 0.470703125 0.87890625 0.46875 0.876953125
0 0.41015625 0.833984375 0.40234375 0.841796875 0.40234375 0.845703125 0.400390625 0.84765625 0.400390625 0.849609375 0.40234375 0.8515625 0.40234375 0.85546875 0.404296875 0.85546875 0.40625 0.857421875 0.408203125 0.857421875 0.41015625 0.859375 0.416015625 0.859375 0.41796875 0.857421875 0.419921875 0.857421875 0.421875 0.85546875 0.423828125 0.85546875 0.42578125 0.853515625 0.42578125 0.841796875 0.419921875 0.8359375 0.419921875 0.833984375
0 0.259765625 0.74609375 0.2578125 0.748046875 0.251953125 0.748046875 0.248046875 0.751953125 0.248046875 0.755859375 0.24609375 0.7578125 0.24609375 0.763671875 0.248046875 0.765625 0.248046875 0.767578125 0.25 0.76953125 0.251953125 0.76953125 0.259765625 0.77734375 0.265625 0.77734375 0.267578125 0.779296875 0.271484375 0.779296875 0.2734375 0.77734375 0.275390625 0.77734375 0.27734375 0.775390625 0.279296875 0.775390625 0.279296875 0.7734375 0.283203125 0.76953125 0.283203125 0.765625 0.28515625 0.763671875 0.28515625 0.76171875 0.283203125 0.759765625 0.283203125 0.755859375 0.275390625 0.748046875 0.26953125 0.748046875 0.267578125 0.74609375
0 0.888671875 0.7421875 0.88671875 0.744140625 0.88671875 0.74609375 0.884765625 0.748046875 0.884765625 0.75 0.8828125 0.751953125 0.8828125 0.75390625 0.88671875 0.7578125 0.88671875 0.759765625 0.888671875 0.759765625 0.890625 0.76171875 0.900390625 0.76171875 0.90234375 0.759765625 0.90234375 0.748046875 0.896484375 0.7421875
0 0.208984375 0.7265625 0.20703125 0.728515625 0.205078125 0.728515625 0.19921875 0.734375 0.19921875 0.736328125 0.1953125 0.740234375 0.1953125 0.75 0.197265625 0.751953125 0.197265625 0.75390625 0.19921875 0.755859375 0.19921875 0.7578125 0.201171875 0.759765625 0.203125 0.759765625 0.205078125 0.76171875 0.208984375 0.76171875 0.2109375 0.763671875 0.21875 0.763671875 0.22265625 0.759765625 0.224609375 0.759765625 0.228515625 0.755859375 0.23046875 0.755859375 0.234375 0.751953125 0.234375 0.748046875 0.236328125 0.74609375 0.236328125 0.740234375 0.232421875 0.736328125 0.232421875 0.734375 0.23046875 0.732421875 0.228515625 0.732421875 0.224609375 0.728515625 0.220703125 0.728515625 0.21875 0.7265625
0 0.10546875 0.6875 0.103515625 0.689453125 0.103515625 0.69140625 0.10546875 0.693359375 0.10546875 0.6953125 0.107421875 0.697265625 0.115234375 0.697265625 0.115234375 0.689453125 0.11328125 0.6875
0 0.80859375 0.666015625 0.806640625 0.66796875 0.802734375 0.66796875 0.802734375 0.669921875 0.80078125 0.671875 0.80078125 0.677734375 0.802734375 0.6796875 0.802734375 0.68359375 0.8046875 0.68359375 0.806640625 0.685546875 0.810546875 0.685546875 0.814453125 0.681640625 0.81640625 0.681640625 0.81640625 0.671875 0.810546875 0.666015625
0 0.330078125 0.640625 0.328125 0.642578125 0.326171875 0.642578125 0.32421875 0.64453125 0.32421875 0.6484375 0.322265625 0.650390625 0.322265625 0.65234375 0.32421875 0.654296875 0.32421875 0.658203125 0.326171875 0.658203125 0.328125 0.66015625 0.33203125 0.66015625 0.333984375 0.662109375 0.33984375 0.662109375 0.341796875 0.66015625 0.341796875 0.658203125 0.34375 0.65625 0.34375 0.64453125 0.341796875 0.642578125 0.3359375 0.642578125 0.333984375 0.640625
1 0.4609375 0.876953125 0.458984375 0.87890625 0.458984375 0.88671875 0.4609375 0.888671875 0.462890625 0.888671875 0.46484375 0.890625 0.474609375 0.890625 0.474609375 0.880859375 0.47265625 0.87890625 0.470703125 0.87890625 0.46875 0.876953125
1 0.41015625 0.833984375 0.40234375 0.841796875 0.40234375 0.845703125 0.400390625 0.84765625 0.400390625 0.849609375 0.40234375 0.8515625 0.40234375 0.85546875 0.404296875 0.85546875 0.40625 0.857421875 0.408203125 0.857421875 0.41015625 0.859375 0.416015625 0.859375 0.41796875 0.857421875 0.419921875 0.857421875 0.421875 0.85546875 0.423828125 0.85546875 0.42578125 0.853515625 0.42578125 0.841796875 0.419921875 0.8359375 0.419921875 0.833984375
1 0.259765625 0.74609375 0.2578125 0.748046875 0.251953125 0.748046875 0.248046875 0.751953125 0.248046875 0.755859375 0.24609375 0.7578125 0.24609375 0.763671875 0.248046875 0.765625 0.248046875 0.767578125 0.25 0.76953125 0.251953125 0.76953125 0.259765625 0.77734375 0.265625 0.77734375 0.267578125 0.779296875 0.271484375 0.779296875 0.2734375 0.77734375 0.275390625 0.77734375 0.27734375 0.775390625 0.279296875 0.775390625 0.279296875 0.7734375 0.283203125 0.76953125 0.283203125 0.765625 0.28515625 0.763671875 0.28515625 0.76171875 0.283203125 0.759765625 0.283203125 0.755859375 0.275390625 0.748046875 0.26953125 0.748046875 0.267578125 0.74609375
1 0.888671875 0.7421875 0.88671875 0.744140625 0.88671875 0.74609375 0.884765625 0.748046875 0.884765625 0.75 0.8828125 0.751953125 0.8828125 0.75390625 0.88671875 0.7578125 0.88671875 0.759765625 0.888671875 0.759765625 0.890625 0.76171875 0.900390625 0.76171875 0.90234375 0.759765625 0.90234375 0.748046875 0.896484375 0.7421875
1 0.208984375 0.7265625 0.20703125 0.728515625 0.205078125 0.728515625 0.19921875 0.734375 0.19921875 0.736328125 0.1953125 0.740234375 0.1953125 0.75 0.197265625 0.751953125 0.197265625 0.75390625 0.19921875 0.755859375 0.19921875 0.7578125 0.201171875 0.759765625 0.203125 0.759765625 0.205078125 0.76171875 0.208984375 0.76171875 0.2109375 0.763671875 0.21875 0.763671875 0.22265625 0.759765625 0.224609375 0.759765625 0.228515625 0.755859375 0.23046875 0.755859375 0.234375 0.751953125 0.234375 0.748046875 0.236328125 0.74609375 0.236328125 0.740234375 0.232421875 0.736328125 0.232421875 0.734375 0.23046875 0.732421875 0.228515625 0.732421875 0.224609375 0.728515625 0.220703125 0.728515625 0.21875 0.7265625
1 0.10546875 0.6875 0.103515625 0.689453125 0.103515625 0.69140625 0.10546875 0.693359375 0.10546875 0.6953125 0.107421875 0.697265625 0.115234375 0.697265625 0.115234375 0.689453125 0.11328125 0.6875
1 0.80859375 0.666015625 0.806640625 0.66796875 0.802734375 0.66796875 0.802734375 0.669921875 0.80078125 0.671875 0.80078125 0.677734375 0.802734375 0.6796875 0.802734375 0.68359375 0.8046875 0.68359375 0.806640625 0.685546875 0.810546875 0.685546875 0.814453125 0.681640625 0.81640625 0.681640625 0.81640625 0.671875 0.810546875 0.666015625
1 0.330078125 0.640625 0.328125 0.642578125 0.326171875 0.642578125 0.32421875 0.64453125 0.32421875 0.6484375 0.322265625 0.650390625 0.322265625 0.65234375 0.32421875 0.654296875 0.32421875 0.658203125 0.326171875 0.658203125 0.328125 0.66015625 0.33203125 0.66015625 0.333984375 0.662109375 0.33984375 0.662109375 0.341796875 0.66015625 0.341796875 0.658203125 0.34375 0.65625 0.34375 0.64453125 0.341796875 0.642578125 0.3359375 0.642578125 0.333984375 0.640625
