0 0.62890625 0.96484375 0.625 0.96875 0.625 0.970703125 0.623046875 0.97265625 0.623046875 0.974609375 0.626953125 0.978515625 0.62890625 0.978515625 0.630859375 0.98046875 0.634765625 0.98046875 0.63671875 0.978515625 0.638671875 0.978515625 0.640625 0.9765625 0.640625 0.96875 0.63671875 0.96484375
0 0.98828125 0.939453125 0.986328125 0.94140625 0.984375 0.94140625 0.982421875 0.943359375 0.982421875 0.951171875 0.986328125 0.955078125 0.98828125 0.955078125 0.990234375 0.95703125 0.994140625 0.95703125 0.99609375 0.955078125 0.998046875 0.955078125 0.998046875 0.939453125
0 0.73046875 0.888671875 0.7265625 0.892578125 0.724609375 0.892578125 0.71875 0.8984375 0.71875 0.900390625 0.716796875 0.90234375 0.716796875 0.904296875 0.720703125 0.908203125 0.728515625 0.908203125 0.73046875 0.90625 0.732421875 0.90625 0.734375 0.904296875 0.734375 0.890625 0.732421875 0.888671875
0 0.244140625 0.638671875 0.2421875 0.640625 0.240234375 0.640625 0.23828125 0.642578125 0.23828125 0.64453125 0.236328125 0.646484375 0.236328125 0.6484375 0.234375 0.650390625 0.234375 0.65234375 0.240234375 0.658203125 0.24609375 0.658203125 0.248046875 0.65625 0.25 0.65625 0.25390625 0.65234375 0.25390625 0.642578125 0.251953125 0.640625 0.25 0.640625 0.248046875 0.638671875
0 0.87890625 0.59765625 0.876953125 0.599609375 0.875 0.599609375 0.875 0.6015625 0.86328125 0.61328125 0.86328125 0.625 0.8671875 0.62890625 0.87890625 0.62890625 0.8828125 0.625 0.8828125 0.623046875 0.88671875 0.619140625 0.888671875 0.619140625 0.89453125 0.61328125 0.89453125 0.607421875 0.892578125 0.60546875 0.892578125 0.6015625 0.890625 0.599609375 0.888671875 0.599609375 0.88671875 0.59765625
0 0.5234375 0.412109375 0.521484375 0.4140625 0.51171875 0.4140625 0.51171875 0.416015625 0.509765625 0.41796875 0.509765625 0.423828125 0.51171875 0.42578125 0.51171875 0.427734375 0.513671875 0.4296875 0.52734375 0.4296875 0.529296875 0.427734375 0.53125 0.427734375 0.53125 0.42578125 0.533203125 0.423828125 0.533203125 0.419921875 0.53125 0.41796875 0.53125 0.416015625 0.529296875 0.4140625 0.52734375 0.4140625 0.525390625 0.412109375
0 0.513671875 0.388671875 0.51171875 0.390625 0.509765625 0.390625 0.509765625 0.396484375 0.51171875 0.3984375 0.51953125 0.3984375 0.51953125 0.396484375 0.521484375 0.39453125 0.521484375 0.392578125 0.51953125 0.390625 0.51953125 0.388671875
0 0.2578125 0.330078125 0.255859375 0.33203125 0.251953125 0.33203125 0.2421875 0.341796875 0.234375 0.341796875 0.232421875 0.34375 0.232421875 0.345703125 0.23046875 0.34765625 0.23046875 0.349609375 0.228515625 0.3515625 0.2265625 0.3515625 0.2265625 0.357421875 0.224609375 0.359375 0.224609375 0.3671875 0.2265625 0.369140625 0.2265625 0.373046875 0.228515625 0.375 0.23046875 0.375 0.232421875 0.376953125 0.251953125 0.376953125 0.25390625 0.375 0.255859375 0.375 0.26171875 0.369140625 0.26171875 0.3671875 0.271484375 0.357421875 0.271484375 0.337890625 0.26953125 0.3359375 0.26953125 0.333984375 0.265625 0.330078125
1 0.62890625 0.96484375 0.625 0.96875 0.625 0.970703125 0.623046875 0.97265625 0.623046875 0.974609375 0.626953125 0.978515625 0.62890625 0.978515625 0.630859375 0.98046875 0.634765625 0.98046875 0.63671875 0.978515625 0.638671875 0.978515625 0.640625 0.9765625 0.640625 0.96875 0.63671875 0.96484375
1 0.98828125 0.939453125 0.986328125 0.94140625 0.984375 0.94140625 0.982421875 0.943359375 0.982421875 0.951171875 0.986328125 0.955078125 0.98828125 0.955078125 0.990234375 0.95703125 0.994140625 0.95703125 0.99609375 0.955078125 0.998046875 0.955078125 0.998046875 0.939453125
1 0.73046875 0.888671875 0.7265625 0.892578125 0.724609375 0.892578125 0.71875 0.8984375 0.71875 0.900390625 0.716796875 0.90234375 0.716796875 0.904296875 0.720703125 0.908203125 0.728515625 0.908203125 0.73046875 0.90625 0.732421875 0.90625 0.734375 0.904296875 0.734375 0.890625 0.732421875 0.888671875
1 0.244140625 0.638671875 0.2421875 0.640625 0.240234375 0.640625 0.23828125 0.642578125 0.23828125 0.64453125 0.236328125 0.646484375 0.236328125 0.6484375 0.234375 0.650390625 0.234375 0.65234375 0.240234375 0.658203125 0.24609375 0.658203125 0.248046875 0.65625 0.25 0.65625 0.25390625 0.65234375 0.25390625 0.642578125 0.251953125 0.640625 0.25 0.640625 0.248046875 0.638671875
1 0.87890625 0.59765625 0.876953125 0.599609375 0.875 0.599609375 0.875 0.6015625 0.86328125 0.61328125 0.86328125 0.625 0.8671875 0.62890625 0.87890625 0.62890625 0.8828125 0.625 0.8828125 0.623046875 0.88671875 0.619140625 0.888671875 0.619140625 0.89453125 0.61328125 0.89453125 0.607421875 0.892578125 0.60546875 0.892578125 0.6015625 0.890625 0.599609375 0.888671875 0.599609375 0.88671875 0.59765625
1 0.5234375 0.412109375 0.521484375 0.4140625 0.51171875 0.4140625 0.51171875 0.416015625 0.509765625 0.41796875 0.509765625 0.423828125 0.51171875 0.42578125 0.51171875 0.427734375 0.513671875 0.4296875 0.52734375 0.4296875 0.529296875 0.427734375 0.53125 0.427734375 0.53125 0.42578125 0.533203125 0.423828125 0.533203125 0.419921875 0.53125 0.41796875 0.53125 0.416015625 0.529296875 0.4140625 0.52734375 0.4140625 0.525390625 0.412109375
1 0.513671875 0.388671875 0.51171875 0.390625 0.509765625 0.390625 0.509765625 0.396484375 0.51171875 0.3984375 0.51953125 0.3984375 0.51953125 0.396484375 0.521484375 0.39453125 0.521484375 0.392578125 0.51953125 0.390625 0.51953125 0.388671875
1 0.2578125 0.330078125 0.255859375 0.33203125 0.251953125 0.33203125 0.2421875 0.341796875 0.234375 0.341796875 0.232421875 0.34375 0.232421875 0.345703125 0.23046875 0.34765625 0.23046875 0.349609375 0.228515625 0.3515625 0.2265625 0.3515625 0.2265625 0.357421875 0.224609375 0.359375 0.224609375 0.3671875 0.2265625 0.369140625 0.2265625 0.373046875 0.228515625 0.375 0.23046875 0.375 0.232421875 0.376953125 0.251953125 0.376953125 0.25390625 0.375 0.255859375 0.375 0.26171875 0.369140625 0.26171875 0.3671875 0.271484375 0.357421875 0.271484375 0.337890625 0.26953125 0.3359375 0.26953125 0.333984375 0.265625 0.330078125
