0 0.703125 0.927734375 0.701171875 0.9296875 0.701171875 0.935546875 0.703125 0.935546875 0.705078125 0.9375 0.70703125 0.9375 0.7109375 0.93359375 0.7109375 0.931640625 0.70703125 0.927734375
0 0.28515625 0.921875 0.279296875 0.927734375 0.279296875 0.931640625 0.27734375 0.93359375 0.27734375 0.94140625 0.279296875 0.943359375 0.279296875 0.9453125 0.28125 0.9453125 0.283203125 0.947265625 0.28515625 0.947265625 0.287109375 0.94921875 0.291015625 0.94921875 0.29296875 0.951171875 0.298828125 0.951171875 0.3046875 0.9453125 0.3046875 0.931640625 0.302734375 0.9296875 0.302734375 0.927734375 0.298828125 0.923828125 0.291015625 0.923828125 0.2890625 0.921875
0 0.916015625 0.869140625 0.9140625 0.87109375 0.912109375 0.87109375 0.91015625 0.873046875 0.908203125 0.873046875 0.908203125 0.8828125 0.91015625 0.884765625 0.912109375 0.884765625 0.9140625 0.88671875 0.91796875 0.88671875 0.919921875 0.884765625 0.921875 0.884765625 0.921875 0.8828125 0.923828125 0.880859375 0.923828125 0.875 0.921875 0.873046875 0.921875 0.87109375 0.91796875 0.87109375
0 0.169921875 0.865234375 0.16796875 0.8671875 0.166015625 0.8671875 0.166015625 0.869140625 0.1640625 0.87109375 0.1640625 0.87890625 0.16796875 0.87890625 0.169921875 0.880859375 0.171875 0.880859375 0.17578125 0.876953125 0.17578125 0.875 0.177734375 0.873046875 0.177734375 0.869140625 0.17578125 0.8671875 0.173828125 0.8671875 0.171875 0.865234375
0 0.814453125 0.83984375 0.8125 0.841796875 0.8125 0.845703125 0.81640625 0.845703125 0.818359375 0.84375 0.818359375 0.841796875 0.81640625 0.83984375
0 0.841796875 0.8359375 0.83984375 0.837890625 0.837890625 0.837890625 0.837890625 0.83984375 0.8359375 0.841796875 0.8359375 0.85546875 0.83984375 0.859375 0.841796875 0.859375 0.84375 0.861328125 0.853515625 0.861328125 0.85546875 0.859375 0.857421875 0.859375 0.861328125 0.85546875 0.861328125 0.84765625 0.857421875 0.84375 0.857421875 0.841796875 0.85546875 0.83984375 0.85546875 0.837890625 0.853515625 0.837890625 0.8515625 0.8359375
0 0.337890625 0.80859375 0.3359375 0.810546875 0.333984375 0.810546875 0.33203125 0.8125 0.33203125 0.8203125 0.333984375 0.822265625 0.34375 0.822265625 0.34375 0.8203125 0.345703125 0.818359375 0.345703125 0.814453125 0.33984375 0.80859375
0 0.5078125 0.802734375 0.505859375 0.8046875 0.498046875 0.8046875 0.498046875 0.806640625 0.4921875 0.8125 0.4921875 0.822265625 0.494140625 0.82421875 0.494140625 0.826171875 0.498046875 0.830078125 0.505859375 0.830078125 0.5078125 0.83203125 0.509765625 0.83203125 0.51171875 0.830078125 0.515625 0.830078125 0.517578125 0.828125 0.517578125 0.80859375 0.513671875 0.8046875 0.51171875 0.8046875 0.509765625 0.802734375
0 0.5546875 0.712890625 0.55078125 0.716796875 0.55078125 0.72265625 0.5546875 0.7265625 0.564453125 0.7265625 0.56640625 0.724609375 0.56640625 0.72265625 0.568359375 0.720703125 0.568359375 0.71875 0.56640625 0.716796875 0.56640625 0.71484375 0.564453125 0.712890625
0 0.552734375 0.6796875 0.55078125 0.681640625 0.55078125 0.69140625 0.552734375 0.693359375 0.5546875 0.693359375 0.556640625 0.6953125 0.560546875 0.6953125 0.5625 0.693359375 0.564453125 0.693359375 0.56640625 0.69140625 0.56640625 0.681640625 0.564453125 0.6796875
0 0.810546875 0.640625 0.80859375 0.642578125 0.80859375 0.646484375 0.810546875 0.6484375 0.8125 0.6484375 0.81640625 0.64453125 0.81640625 0.642578125 0.814453125 0.640625
0 0.421875 0.623046875 0.421875 0.625 0.419921875 0.626953125 0.419921875 0.62890625 0.416015625 0.6328125 0.416015625 0.642578125 0.419921875 0.646484375 0.419921875 0.650390625 0.423828125 0.654296875 0.431640625 0.654296875 0.43359375 0.65234375 0.435546875 0.65234375 0.44140625 0.646484375 0.44140625 0.630859375 0.439453125 0.62890625 0.439453125 0.626953125 0.435546875 0.623046875 0.4296875 0.623046875 0.427734375 0.625 0.42578125 0.625 0.423828125 0.623046875
0 0.09765625 0.533203125 0.09375 0.537109375 0.09375 0.541015625 0.09765625 0.544921875 0.099609375 0.544921875 0.103515625 0.541015625 0.103515625 0.537109375 0.099609375 0.533203125
0 0.921875 0.517578125 0.921875 0.521484375 0.923828125 0.5234375 0.92578125 0.5234375 0.927734375 0.521484375 0.927734375 0.517578125
0 0.720703125 0.5 0.716796875 0.50390625 0.716796875 0.513671875 0.71875 0.515625 0.73046875 0.515625 0.734375 0.51171875 0.734375 0.505859375 0.73046875 0.501953125 0.728515625 0.501953125 0.7265625 0.5
0 0.8671875 0.458984375 0.86328125 0.462890625 0.86328125 0.46875 0.865234375 0.470703125 0.87109375 0.470703125 0.873046875 0.46875 0.873046875 0.462890625 0.869140625 0.458984375
0 0.138671875 0.44140625 0.134765625 0.4453125 0.134765625 0.447265625 0.130859375 0.451171875 0.130859375 0.4609375 0.1328125 0.462890625 0.1328125 0.46484375 0.134765625 0.46484375 0.138671875 0.46875 0.14453125 0.46875 0.1484375 0.46484375 0.1484375 0.462890625 0.150390625 0.4609375 0.150390625 0.458984375 0.15234375 0.45703125 0.15234375 0.453125 0.150390625 0.451171875 0.150390625 0.44921875 0.146484375 0.4453125 0.146484375 0.443359375 0.14453125 0.443359375 0.142578125 0.44140625
0 0.46875 0.21875 0.46875 0.23046875 0.47265625 0.234375 0.478515625 0.234375 0.482421875 0.23046875 0.482421875 0.224609375 0.48046875 0.22265625 0.48046875 0.220703125 0.478515625 0.21875
0 0.177734375 0.142578125 0.177734375 0.1484375 0.1796875 0.150390625 0.18359375 0.150390625 0.185546875 0.1484375 0.185546875 0.14453125 0.18359375 0.142578125
1 0.703125 0.927734375 0.701171875 0.9296875 0.701171875 0.935546875 0.703125 0.935546875 0.705078125 0.9375 0.70703125 0.9375 0.7109375 0.93359375 0.7109375 0.931640625 0.70703125 0.927734375
1 0.28515625 0.921875 0.279296875 0.927734375 0.279296875 0.931640625 0.27734375 0.93359375 0.27734375 0.94140625 0.279296875 0.943359375 0.279296875 0.9453125 0.28125 0.9453125 0.283203125 0.947265625 0.28515625 0.947265625 0.287109375 0.94921875 0.291015625 0.94921875 0.29296875 0.951171875 0.298828125 0.951171875 0.3046875 0.9453125 0.3046875 0.931640625 0.302734375 0.9296875 0.302734375 0.927734375 0.298828125 0.923828125 0.291015625 0.923828125 0.2890625 0.921875
1 0.916015625 0.869140625 0.9140625 0.87109375 0.912109375 0.87109375 0.91015625 0.873046875 0.908203125 0.873046875 0.908203125 0.8828125 0.91015625 0.884765625 0.912109375 0.884765625 0.9140625 0.88671875 0.91796875 0.88671875 0.919921875 0.884765625 0.921875 0.884765625 0.921875 0.8828125 0.923828125 0.880859375 0.923828125 0.875 0.921875 0.873046875 0.921875 0.87109375 0.91796875 0.87109375
1 0.169921875 0.865234375 0.16796875 0.8671875 0.166015625 0.8671875 0.166015625 0.869140625 0.1640625 0.87109375 0.1640625 0.87890625 0.16796875 0.87890625 0.169921875 0.880859375 0.171875 0.880859375 0.17578125 0.876953125 0.17578125 0.875 0.177734375 0.873046875 0.177734375 0.869140625 0.17578125 0.8671875 0.173828125 0.8671875 0.171875 0.865234375
1 0.814453125 0.83984375 0.8125 0.841796875 0.8125 0.845703125 0.81640625 0.845703125 0.818359375 0.84375 0.818359375 0.841796875 0.81640625 0.83984375
1 0.841796875 0.8359375 0.83984375 0.837890625 0.837890625 0.837890625 0.837890625 0.83984375 0.8359375 0.841796875 0.8359375 0.85546875 0.83984375 0.859375 0.841796875 0.859375 0.84375 0.861328125 0.853515625 0.861328125 0.85546875 0.859375 0.857421875 0.859375 0.861328125 0.85546875 0.861328125 0.84765625 0.857421875 0.84375 0.857421875 0.841796875 0.85546875 0.83984375 0.85546875 0.837890625 0.853515625 0.837890625 0.8515625 0.8359375
1 0.337890625 0.80859375 0.3359375 0.810546875 0.333984375 0.810546875 0.33203125 0.8125 0.33203125 0.8203125 0.333984375 0.822265625 0.34375 0.822265625 0.34375 0.8203125 0.345703125 0.818359375 0.345703125 0.814453125 0.33984375 0.80859375
1 0.5078125 0.802734375 0.505859375 0.8046875 0.498046875 0.8046875 0.498046875 0.806640625 0.4921875 0.8125 0.4921875 0.822265625 0.494140625 0.82421875 0.494140625 0.826171875 0.498046875 0.830078125 0.505859375 0.830078125 0.5078125 0.83203125 0.509765625 0.83203125 0.51171875 0.830078125 0.515625 0.830078125 0.517578125 0.828125 0.517578125 0.80859375 0.513671875 0.8046875 0.51171875 0.8046875 0.509765625 0.802734375
1 0.5546875 0.712890625 0.55078125 0.716796875 0.55078125 0.72265625 0.5546875 0.7265625 0.564453125 0.7265625 0.56640625 0.724609375 0.56640625 0.72265625 0.568359375 0.720703125 0.568359375 0.71875 0.56640625 0.716796875 0.56640625 0.71484375 0.564453125 0.712890625
1 0.552734375 0.6796875 0.55078125 0.681640625 0.55078125 0.69140625 0.552734375 0.693359375 0.5546875 0.693359375 0.556640625 0.6953125 0.560546875 0.6953125 0.5625 0.693359375 0.564453125 0.693359375 0.56640625 0.69140625 0.56640625 0.681640625 0.564453125 0.6796875
1 0.810546875 0.640625 0.80859375 0.642578125 0.80859375 0.646484375 0.810546875 0.6484375 0.8125 0.6484375 0.81640625 0.64453125 0.81640625 0.642578125 0.814453125 0.640625
1 0.421875 0.623046875 0.421875 0.625 0.419921875 0.626953125 0.419921875 0.62890625 0.416015625 0.6328125 0.416015625 0.642578125 0.419921875 0.646484375 0.419921875 0.650390625 0.423828125 0.654296875 0.431640625 0.654296875 0.43359375 0.65234375 0.435546875 0.65234375 0.44140625 0.646484375 0.44140625 0.630859375 0.439453125 0.62890625 0.439453125 0.626953125 0.435546875 0.623046875 0.4296875 0.623046875 0.427734375 0.625 0.42578125 0.625 0.423828125 0.623046875
1 0.09765625 0.533203125 0.09375 0.537109375 0.09375 0.541015625 0.09765625 0.544921875 0.099609375 0.544921875 0.103515625 0.541015625 0.103515625 0.537109375 0.099609375 0.533203125
1 0.921875 0.517578125 0.921875 0.521484375 0.923828125 0.5234375 0.92578125 0.5234375 0.927734375 0.521484375 0.927734375 0.517578125
1 0.720703125 0.5 0.716796875 0.50390625 0.716796875 0.513671875 0.71875 0.515625 0.73046875 0.515625 0.734375 0.51171875 0.734375 0.505859375 0.73046875 0.501953125 0.728515625 0.501953125 0.7265625 0.5
1 0.8671875 0.458984375 0.86328125 0.462890625 0.86328125 0.46875 0.865234375 0.470703125 0.87109375 0.470703125 0.873046875 0.46875 0.873046875 0.462890625 0.869140625 0.458984375
1 0.138671875 0.44140625 0.134765625 0.4453125 0.134765625 0.447265625 0.130859375 0.451171875 0.130859375 0.4609375 0.1328125 0.462890625 0.1328125 0.46484375 0.134765625 0.46484375 0.138671875 0.46875 0.14453125 0.46875 0.1484375 0.46484375 0.1484375 0.462890625 0.150390625 0.4609375 0.150390625 0.458984375 0.15234375 0.45703125 0.15234375 0.453125 0.150390625 0.451171875 0.150390625 0.44921875 0.146484375 0.4453125 0.146484375 0.443359375 0.14453125 0.443359375 0.142578125 0.44140625
1 0.46875 0.21875 0.46875 0.23046875 0.47265625 0.234375 0.478515625 0.234375 0.482421875 0.23046875 0.482421875 0.224609375 0.48046875 0.22265625 0.48046875 0.220703125 0.478515625 0.21875
1 0.177734375 0.142578125 0.177734375 0.1484375 0.1796875 0.150390625 0.18359375 0.150390625 0.185546875 0.1484375 0.185546875 0.14453125 0.18359375 0.142578125
