0 0.7265625 0.962890625 0.72265625 0.966796875 0.72265625 0.96875 0.720703125 0.970703125 0.720703125 0.978515625 0.724609375 0.982421875 0.73046875 0.982421875 0.732421875 0.98046875 0.736328125 0.98046875 0.73828125 0.978515625 0.73828125 0.966796875 0.736328125 0.96484375 0.734375 0.96484375 0.732421875 0.962890625
0 0.671875 0.822265625 0.66796875 0.826171875 0.66796875 0.83203125 0.669921875 0.833984375 0.669921875 0.8359375 0.671875 0.837890625 0.67578125 0.837890625 0.677734375 0.83984375 0.6875 0.83984375 0.6875 0.837890625 0.689453125 0.8359375 0.689453125 0.826171875 0.6875 0.82421875 0.6875 0.822265625
0 0.50390625 0.806640625 0.501953125 0.80859375 0.501953125 0.810546875 0.5 0.8125 0.498046875 0.8125 0.498046875 0.8203125 0.5 0.8203125 0.501953125 0.822265625 0.501953125 0.82421875 0.517578125 0.82421875 0.521484375 0.8203125 0.521484375 0.814453125 0.517578125 0.810546875 0.517578125 0.80859375 0.515625 0.80859375 0.513671875 0.806640625
0 0.30859375 0.76953125 0.306640625 0.771484375 0.3046875 0.771484375 0.3046875 0.775390625 0.30078125 0.779296875 0.30078125 0.78515625 0.298828125 0.787109375 0.296875 0.787109375 0.296875 0.79296875 0.294921875 0.794921875 0.294921875 0.802734375 0.296875 0.8046875 0.296875 0.806640625 0.298828125 0.806640625 0.30078125 0.80859375 0.30078125 0.810546875 0.3046875 0.814453125 0.306640625 0.814453125 0.30859375 0.81640625 0.30859375 0.818359375 0.310546875 0.8203125 0.330078125 0.8203125 0.33203125 0.818359375 0.337890625 0.818359375 0.337890625 0.81640625 0.33984375 0.814453125 0.34375 0.814453125 0.345703125 0.8125 0.345703125 0.80859375 0.34765625 0.806640625 0.34765625 0.787109375 0.345703125 0.78515625 0.345703125 0.779296875 0.341796875 0.775390625 0.33984375 0.775390625 0.337890625 0.7734375 0.337890625 0.771484375 0.328125 0.771484375 0.326171875 0.76953125
0 0.1953125 0.759765625 0.193359375 0.76171875 0.19140625 0.76171875 0.19140625 0.767578125 0.189453125 0.76953125 0.19140625 0.771484375 0.19140625 0.775390625 0.193359375 0.775390625 0.1953125 0.77734375 0.19921875 0.77734375 0.201171875 0.775390625 0.203125 0.775390625 0.205078125 0.7734375 0.205078125 0.763671875 0.203125 0.76171875 0.201171875 0.76171875 0.19921875 0.759765625
0 0.267578125 0.7265625 0.265625 0.728515625 0.26171875 0.728515625 0.26171875 0.73046875 0.259765625 0.732421875 0.259765625 0.73828125 0.26171875 0.740234375 0.263671875 0.740234375 0.265625 0.7421875 0.267578125 0.7421875 0.26953125 0.744140625 0.27734375 0.744140625 0.279296875 0.7421875 0.28125 0.7421875 0.28125 0.740234375 0.283203125 0.73828125 0.283203125 0.732421875 0.28125 0.73046875 0.28125 0.728515625 0.279296875 0.728515625 0.27734375 0.7265625
0 0.0625 0.689453125 0.060546875 0.69140625 0.05859375 0.69140625 0.056640625 0.693359375 0.056640625 0.712890625 0.05859375 0.71484375 0.07421875 0.71484375 0.07421875 0.7109375 0.076171875 0.708984375 0.076171875 0.693359375 0.07421875 0.69140625 0.0703125 0.69140625 0.068359375 0.689453125
0 0.62109375 0.626953125 0.619140625 0.62890625 0.615234375 0.62890625 0.61328125 0.630859375 0.611328125 0.630859375 0.611328125 0.6328125 0.609375 0.634765625 0.609375 0.640625 0.611328125 0.642578125 0.61328125 0.642578125 0.615234375 0.64453125 0.630859375 0.64453125 0.630859375 0.642578125 0.6328125 0.640625 0.6328125 0.630859375 0.630859375 0.62890625 0.630859375 0.626953125
0 0.9375 0.57421875 0.935546875 0.576171875 0.935546875 0.587890625 0.9375 0.58984375 0.943359375 0.58984375 0.9453125 0.587890625 0.94921875 0.587890625 0.94921875 0.576171875 0.9453125 0.576171875 0.943359375 0.57421875
0 0.92578125 0.541015625 0.923828125 0.54296875 0.923828125 0.548828125 0.9296875 0.548828125 0.9296875 0.541015625
0 0.314453125 0.537109375 0.3125 0.5390625 0.314453125 0.541015625 0.318359375 0.541015625 0.3203125 0.5390625 0.318359375 0.537109375
0 0.18359375 0.48046875 0.181640625 0.482421875 0.181640625 0.494140625 0.189453125 0.494140625 0.19140625 0.4921875 0.1953125 0.4921875 0.1953125 0.490234375 0.197265625 0.48828125 0.197265625 0.482421875 0.1953125 0.48046875
0 0.521484375 0.46875 0.517578125 0.47265625 0.515625 0.47265625 0.515625 0.4765625 0.517578125 0.4765625 0.51953125 0.478515625 0.525390625 0.478515625 0.52734375 0.4765625 0.52734375 0.470703125 0.525390625 0.46875
0 0.775390625 0.380859375 0.7734375 0.3828125 0.7734375 0.388671875 0.78125 0.388671875 0.78125 0.3828125 0.779296875 0.380859375
0 0.919921875 0.34765625 0.91796875 0.349609375 0.91796875 0.35546875 0.919921875 0.357421875 0.92578125 0.357421875 0.92578125 0.349609375 0.923828125 0.34765625
0 0.951171875 0.294921875 0.94921875 0.296875 0.94921875 0.30859375 0.951171875 0.310546875 0.958984375 0.310546875 0.9609375 0.30859375 0.9609375 0.296875 0.958984375 0.296875 0.95703125 0.294921875
0 0.66015625 0.26953125 0.658203125 0.271484375 0.65625 0.271484375 0.65625 0.275390625 0.658203125 0.275390625 0.66015625 0.27734375 0.666015625 0.27734375 0.66796875 0.275390625 0.66796875 0.271484375 0.666015625 0.26953125
0 0.931640625 0.240234375 0.9296875 0.2421875 0.927734375 0.2421875 0.927734375 0.25 0.9296875 0.25 0.931640625 0.251953125 0.935546875 0.251953125 0.9375 0.25 0.939453125 0.25 0.939453125 0.2421875 0.9375 0.2421875 0.935546875 0.240234375
0 0.251953125 0.22265625 0.251953125 0.23046875 0.259765625 0.23046875 0.259765625 0.2265625 0.255859375 0.22265625
0 0.224609375 0.173828125 0.22265625 0.17578125 0.22265625 0.177734375 0.220703125 0.1796875 0.21875 0.1796875 0.216796875 0.181640625 0.216796875 0.1953125 0.21875 0.197265625 0.220703125 0.197265625 0.22265625 0.19921875 0.228515625 0.19921875 0.23046875 0.197265625 0.232421875 0.197265625 0.234375 0.1953125 0.23828125 0.1953125 0.23828125 0.193359375 0.240234375 0.19140625 0.240234375 0.181640625 0.23828125 0.1796875 0.236328125 0.1796875 0.234375 0.177734375 0.234375 0.17578125 0.232421875 0.17578125 0.23046875 0.173828125
0 0.875 0.15625 0.873046875 0.158203125 0.873046875 0.16015625 0.87109375 0.162109375 0.87109375 0.169921875 0.875 0.173828125 0.888671875 0.173828125 0.890625 0.171875 0.890625 0.162109375 0.888671875 0.16015625 0.888671875 0.158203125 0.88671875 0.158203125 0.884765625 0.15625
0 0.69140625 0.146484375 0.689453125 0.1484375 0.689453125 0.150390625 0.6875 0.15234375 0.69140625 0.15625 0.693359375 0.15625 0.6953125 0.154296875 0.6953125 0.1484375 0.693359375 0.146484375
0 0.50390625 0.146484375 0.501953125 0.1484375 0.501953125 0.15625 0.50390625 0.158203125 0.50390625 0.16015625 0.51171875 0.16015625 0.51171875 0.158203125 0.513671875 0.15625 0.513671875 0.1484375 0.51171875 0.146484375
0 0.66015625 0.12890625 0.658203125 0.130859375 0.65625 0.130859375 0.65625 0.138671875 0.658203125 0.138671875 0.66015625 0.140625 0.66015625 0.142578125 0.66796875 0.142578125 0.66796875 0.140625 0.669921875 0.138671875 0.669921875 0.130859375 0.66796875 0.12890625
1 0.7265625 0.962890625 0.72265625 0.966796875 0.72265625 0.96875 0.720703125 0.970703125 0.720703125 0.978515625 0.724609375 0.982421875 0.73046875 0.982421875 0.732421875 0.98046875 0.736328125 0.98046875 0.73828125 0.978515625 0.73828125 0.966796875 0.736328125 0.96484375 0.734375 0.96484375 0.732421875 0.962890625
1 0.671875 0.822265625 0.66796875 0.826171875 0.66796875 0.83203125 0.669921875 0.833984375 0.669921875 0.8359375 0.671875 0.837890625 0.67578125 0.837890625 0.677734375 0.83984375 0.6875 0.83984375 0.6875 0.837890625 0.689453125 0.8359375 0.689453125 0.826171875 0.6875 0.82421875 0.6875 0.822265625
1 0.50390625 0.806640625 0.501953125 0.80859375 0.501953125 0.810546875 0.5 0.8125 0.498046875 0.8125 0.498046875 0.8203125 0.5 0.8203125 0.501953125 0.822265625 0.501953125 0.82421875 0.517578125 0.82421875 0.521484375 0.8203125 0.521484375 0.814453125 0.517578125 0.810546875 0.517578125 0.80859375 0.515625 0.80859375 0.513671875 0.806640625
1 0.30859375 0.76953125 0.306640625 0.771484375 0.3046875 0.771484375 0.3046875 0.775390625 0.30078125 0.779296875 0.30078125 0.78515625 0.298828125 0.787109375 0.296875 0.787109375 0.296875 0.79296875 0.294921875 0.794921875 0.294921875 0.802734375 0.296875 0.8046875 0.296875 0.806640625 0.298828125 0.806640625 0.30078125 0.80859375 0.30078125 0.810546875 0.3046875 0.814453125 0.306640625 0.814453125 0.30859375 0.81640625 0.30859375 0.818359375 0.310546875 0.8203125 0.330078125 0.8203125 0.33203125 0.818359375 0.337890625 0.818359375 0.337890625 0.81640625 0.33984375 0.814453125 0.34375 0.814453125 0.345703125 0.8125 0.345703125 0.80859375 0.34765625 0.806640625 0.34765625 0.787109375 0.345703125 0.78515625 0.345703125 0.779296875 0.341796875 0.775390625 0.33984375 0.775390625 0.337890625 0.7734375 0.337890625 0.771484375 0.328125 0.771484375 0.326171875 0.76953125
1 0.1953125 0.759765625 0.193359375 0.76171875 0.19140625 0.76171875 0.19140625 0.767578125 0.189453125 0.76953125 0.19140625 0.771484375 0.19140625 0.775390625 0.193359375 0.775390625 0.1953125 0.77734375 0.19921875 0.77734375 0.201171875 0.775390625 0.203125 0.775390625 0.205078125 0.7734375 0.205078125 0.763671875 0.203125 0.76171875 0.201171875 0.76171875 0.19921875 0.759765625
1 0.267578125 0.7265625 0.265625 0.728515625 0.26171875 0.728515625 0.26171875 0.73046875 0.259765625 0.732421875 0.259765625 0.73828125 0.26171875 0.740234375 0.263671875 0.740234375 0.265625 0.7421875 0.267578125 0.7421875 0.26953125 0.744140625 0.27734375 0.744140625 0.279296875 0.7421875 0.28125 0.7421875 0.28125 0.740234375 0.283203125 0.73828125 0.283203125 0.732421875 0.28125 0.73046875 0.28125 0.728515625 0.279296875 0.728515625 0.27734375 0.7265625
1 0.0625 0.689453125 0.060546875 0.69140625 0.05859375 0.69140625 0.056640625 0.693359375 0.056640625 0.712890625 0.05859375 0.71484375 0.07421875 0.71484375 0.07421875 0.7109375 0.076171875 0.708984375 0.076171875 0.693359375 0.07421875 0.69140625 0.0703125 0.69140625 0.068359375 0.689453125
1 0.62109375 0.626953125 0.619140625 0.62890625 0.615234375 0.62890625 0.61328125 0.630859375 0.611328125 0.630859375 0.611328125 0.6328125 0.609375 0.634765625 0.609375 0.640625 0.611328125 0.642578125 0.61328125 0.642578125 0.615234375 0.64453125 0.630859375 0.64453125 0.630859375 0.642578125 0.6328125 0.640625 0.6328125 0.630859375 0.630859375 0.62890625 0.630859375 0.626953125
1 0.9375 0.57421875 0.935546875 0.576171875 0.935546875 0.587890625 0.9375 0.58984375 0.943359375 0.58984375 0.9453125 0.587890625 0.94921875 0.587890625 0.94921875 0.576171875 0.9453125 0.576171875 0.943359375 0.57421875
1 0.92578125 0.541015625 0.923828125 0.54296875 0.923828125 0.548828125 0.9296875 0.548828125 0.9296875 0.541015625
1 0.314453125 0.537109375 0.3125 0.5390625 0.314453125 0.541015625 0.318359375 0.541015625 0.3203125 0.5390625 0.318359375 0.537109375
1 0.18359375 0.48046875 0.181640625 0.482421875 0.181640625 0.494140625 0.189453125 0.494140625 0.19140625 0.4921875 0.1953125 0.4921875 0.1953125 0.490234375 0.197265625 0.48828125 0.197265625 0.482421875 0.1953125 0.48046875
1 0.521484375 0.46875 0.517578125 0.47265625 0.515625 0.47265625 0.515625 0.4765625 0.517578125 0.4765625 0.51953125 0.478515625 0.525390625 0.478515625 0.52734375 0.4765625 0.52734375 0.470703125 0.525390625 0.46875
1 0.775390625 0.380859375 0.7734375 0.3828125 0.7734375 0.388671875 0.78125 0.388671875 0.78125 0.3828125 0.779296875 0.380859375
1 0.919921875 0.34765625 0.91796875 0.349609375 0.91796875 0.35546875 0.919921875 0.357421875 0.92578125 0.357421875 0.92578125 0.349609375 0.923828125 0.34765625
1 0.951171875 0.294921875 0.94921875 0.296875 0.94921875 0.30859375 0.951171875 0.310546875 0.958984375 0.310546875 0.9609375 0.30859375 0.9609375 0.296875 0.958984375 0.296875 0.95703125 0.294921875
1 0.66015625 0.26953125 0.658203125 0.271484375 0.65625 0.271484375 0.65625 0.275390625 0.658203125 0.275390625 0.66015625 0.27734375 0.666015625 0.27734375 0.66796875 0.275390625 0.66796875 0.271484375 0.666015625 0.26953125
1 0.931640625 0.240234375 0.9296875 0.2421875 0.927734375 0.2421875 0.927734375 0.25 0.9296875 0.25 0.931640625 0.251953125 0.935546875 0.251953125 0.9375 0.25 0.939453125 0.25 0.939453125 0.2421875 0.9375 0.2421875 0.935546875 0.240234375
1 0.251953125 0.22265625 0.251953125 0.23046875 0.259765625 0.23046875 0.259765625 0.2265625 0.255859375 0.22265625
1 0.224609375 0.173828125 0.22265625 0.17578125 0.22265625 0.177734375 0.220703125 0.1796875 0.21875 0.1796875 0.216796875 0.181640625 0.216796875 0.1953125 0.21875 0.197265625 0.220703125 0.197265625 0.22265625 0.19921875 0.228515625 0.19921875 0.23046875 0.197265625 0.232421875 0.197265625 0.234375 0.1953125 0.23828125 0.1953125 0.23828125 0.193359375 0.240234375 0.19140625 0.240234375 0.181640625 0.23828125 0.1796875 0.236328125 0.1796875 0.234375 0.177734375 0.234375 0.17578125 0.232421875 0.17578125 0.23046875 0.173828125
1 0.875 0.15625 0.873046875 0.158203125 0.873046875 0.16015625 0.87109375 0.162109375 0.87109375 0.169921875 0.875 0.173828125 0.888671875 0.173828125 0.890625 0.171875 0.890625 0.162109375 0.888671875 0.16015625 0.888671875 0.158203125 0.88671875 0.158203125 0.884765625 0.15625
1 0.69140625 0.146484375 0.689453125 0.1484375 0.689453125 0.150390625 0.6875 0.15234375 0.69140625 0.15625 0.693359375 0.15625 0.6953125 0.154296875 0.6953125 0.1484375 0.693359375 0.146484375
1 0.50390625 0.146484375 0.501953125 0.1484375 0.501953125 0.15625 0.50390625 0.158203125 0.50390625 0.16015625 0.51171875 0.16015625 0.51171875 0.158203125 0.513671875 0.15625 0.513671875 0.1484375 0.51171875 0.146484375
1 0.66015625 0.12890625 0.658203125 0.130859375 0.65625 0.130859375 0.65625 0.138671875 0.658203125 0.138671875 0.66015625 0.140625 0.66015625 0.142578125 0.66796875 0.142578125 0.66796875 0.140625 0.669921875 0.138671875 0.669921875 0.130859375 0.66796875 0.12890625
