0 0.275390625 0.955078125 0.2734375 0.95703125 0.26953125 0.95703125 0.26953125 0.958984375 0.267578125 0.9609375 0.267578125 0.97265625 0.26953125 0.97265625 0.271484375 0.974609375 0.271484375 0.9765625 0.283203125 0.9765625 0.283203125 0.974609375 0.28515625 0.97265625 0.28515625 0.970703125 0.287109375 0.96875 0.287109375 0.9609375 0.28515625 0.958984375 0.28515625 0.95703125 0.283203125 0.955078125
0 0.966796875 0.92578125 0.96484375 0.927734375 0.962890625 0.927734375 0.962890625 0.9375 0.96484375 0.9375 0.966796875 0.939453125 0.966796875 0.94140625 0.9765625 0.94140625 0.9765625 0.939453125 0.978515625 0.9375 0.978515625 0.927734375 0.9765625 0.92578125
0 0.400390625 0.8828125 0.3984375 0.884765625 0.3984375 0.892578125 0.400390625 0.89453125 0.400390625 0.896484375 0.40625 0.896484375 0.408203125 0.8984375 0.4140625 0.8984375 0.416015625 0.896484375 0.416015625 0.8828125
0 0.986328125 0.86328125 0.984375 0.865234375 0.98046875 0.865234375 0.978515625 0.8671875 0.978515625 0.8828125 0.98046875 0.884765625 0.984375 0.884765625 0.986328125 0.8828125 0.998046875 0.8828125 0.998046875 0.865234375 0.99609375 0.865234375 0.994140625 0.86328125
0 0.521484375 0.83203125 0.521484375 0.841796875 0.53125 0.841796875 0.53125 0.83984375 0.533203125 0.837890625 0.533203125 0.833984375 0.53125 0.83203125
0 0.80078125 0.822265625 0.798828125 0.82421875 0.796875 0.82421875 0.794921875 0.826171875 0.794921875 0.828125 0.79296875 0.830078125 0.79296875 0.8359375 0.796875 0.83984375 0.798828125 0.83984375 0.80078125 0.841796875 0.810546875 0.841796875 0.814453125 0.837890625 0.81640625 0.837890625 0.81640625 0.833984375 0.818359375 0.83203125 0.81640625 0.830078125 0.81640625 0.826171875 0.814453125 0.826171875 0.810546875 0.822265625
0 0.58203125 0.771484375 0.580078125 0.7734375 0.57421875 0.7734375 0.57421875 0.775390625 0.572265625 0.77734375 0.5703125 0.77734375 0.5703125 0.783203125 0.568359375 0.78515625 0.568359375 0.79296875 0.5703125 0.794921875 0.5703125 0.796875 0.572265625 0.796875 0.57421875 0.798828125 0.57421875 0.80078125 0.576171875 0.802734375 0.580078125 0.802734375 0.58203125 0.8046875 0.587890625 0.8046875 0.58984375 0.806640625 0.59375 0.806640625 0.595703125 0.8046875 0.599609375 0.8046875 0.603515625 0.80078125 0.60546875 0.80078125 0.60546875 0.798828125 0.607421875 0.796875 0.607421875 0.794921875 0.609375 0.79296875 0.609375 0.78125 0.60546875 0.77734375 0.603515625 0.77734375 0.6015625 0.775390625 0.6015625 0.7734375 0.59375 0.7734375 0.591796875 0.771484375
0 0.2109375 0.71484375 0.208984375 0.716796875 0.208984375 0.7265625 0.2109375 0.728515625 0.2109375 0.73046875 0.216796875 0.73046875 0.216796875 0.728515625 0.21875 0.7265625 0.220703125 0.7265625 0.22265625 0.724609375 0.22265625 0.71875 0.220703125 0.716796875 0.21875 0.716796875 0.216796875 0.71484375
0 0.90234375 0.58984375 0.90234375 0.591796875 0.900390625 0.59375 0.900390625 0.599609375 0.90234375 0.6015625 0.912109375 0.6015625 0.9140625 0.599609375 0.9140625 0.58984375
0 0.83984375 0.583984375 0.8359375 0.587890625 0.8359375 0.599609375 0.837890625 0.6015625 0.84765625 0.6015625 0.84765625 0.59765625 0.849609375 0.595703125 0.8515625 0.595703125 0.8515625 0.587890625 0.849609375 0.587890625 0.845703125 0.583984375
0 0.2578125 0.55078125 0.255859375 0.552734375 0.25390625 0.552734375 0.25390625 0.55859375 0.259765625 0.55859375 0.26171875 0.556640625 0.26171875 0.5546875
0 0.513671875 0.447265625 0.513671875 0.453125 0.515625 0.455078125 0.51953125 0.455078125 0.521484375 0.453125 0.521484375 0.44921875 0.51953125 0.447265625
0 0.447265625 0.306640625 0.4453125 0.30859375 0.4453125 0.3125 0.447265625 0.314453125 0.45703125 0.314453125 0.45703125 0.306640625
0 0.98828125 0.287109375 0.986328125 0.2890625 0.986328125 0.29296875 0.98828125 0.294921875 0.994140625 0.294921875 0.99609375 0.29296875 0.998046875 0.29296875 0.998046875 0.2890625 0.99609375 0.287109375
0 0.734375 0.23046875 0.734375 0.234375 0.732421875 0.236328125 0.732421875 0.244140625 0.736328125 0.248046875 0.736328125 0.25 0.74609375 0.25 0.74609375 0.248046875 0.748046875 0.24609375 0.75 0.24609375 0.751953125 0.244140625 0.751953125 0.234375 0.75 0.232421875 0.75 0.23046875
0 0.392578125 0.189453125 0.390625 0.19140625 0.390625 0.197265625 0.400390625 0.197265625 0.400390625 0.19140625 0.3984375 0.189453125
0 0.392578125 0.1640625 0.390625 0.166015625 0.390625 0.173828125 0.392578125 0.17578125 0.40625 0.17578125 0.40625 0.169921875 0.404296875 0.16796875 0.404296875 0.166015625 0.40234375 0.166015625 0.400390625 0.1640625
0 0.28515625 0.15625 0.283203125 0.158203125 0.28125 0.158203125 0.279296875 0.16015625 0.279296875 0.1640625 0.27734375 0.166015625 0.27734375 0.17578125 0.279296875 0.177734375 0.279296875 0.1796875 0.28125 0.181640625 0.283203125 0.181640625 0.28515625 0.18359375 0.291015625 0.18359375 0.29296875 0.181640625 0.294921875 0.181640625 0.294921875 0.177734375 0.296875 0.17578125 0.296875 0.16015625 0.29296875 0.15625
1 0.275390625 0.955078125 0.2734375 0.95703125 0.26953125 0.95703125 0.26953125 0.958984375 0.267578125 0.9609375 0.267578125 0.97265625 0.26953125 0.97265625 0.271484375 0.974609375 0.271484375 0.9765625 0.283203125 0.9765625 0.283203125 0.974609375 0.28515625 0.97265625 0.28515625 0.970703125 0.287109375 0.96875 0.287109375 0.9609375 0.28515625 0.958984375 0.28515625 0.95703125 0.283203125 0.955078125
1 0.966796875 0.92578125 0.96484375 0.927734375 0.962890625 0.927734375 0.962890625 0.9375 0.96484375 0.9375 0.966796875 0.939453125 0.966796875 0.94140625 0.9765625 0.94140625 0.9765625 0.939453125 0.978515625 0.9375 0.978515625 0.927734375 0.9765625 0.92578125
1 0.400390625 0.8828125 0.3984375 0.884765625 0.3984375 0.892578125 0.400390625 0.89453125 0.400390625 0.896484375 0.40625 0.896484375 0.408203125 0.8984375 0.4140625 0.8984375 0.416015625 0.896484375 0.416015625 0.8828125
1 0.986328125 0.86328125 0.984375 0.865234375 0.98046875 0.865234375 0.978515625 0.8671875 0.978515625 0.8828125 0.98046875 0.884765625 0.984375 0.884765625 0.986328125 0.8828125 0.998046875 0.8828125 0.998046875 0.865234375 0.99609375 0.865234375 0.994140625 0.86328125
1 0.521484375 0.83203125 0.521484375 0.841796875 0.53125 0.841796875 0.53125 0.83984375 0.533203125 0.837890625 0.533203125 0.833984375 0.53125 0.83203125
1 0.80078125 0.822265625 0.798828125 0.82421875 0.796875 0.82421875 0.794921875 0.826171875 0.794921875 0.828125 0.79296875 0.830078125 0.79296875 0.8359375 0.796875 0.83984375 0.798828125 0.83984375 0.80078125 0.841796875 0.810546875 0.841796875 0.814453125 0.837890625 0.81640625 0.837890625 0.81640625 0.833984375 0.818359375 0.83203125 0.81640625 0.830078125 0.81640625 0.826171875 0.814453125 0.826171875 0.810546875 0.822265625
1 0.58203125 0.771484375 0.580078125 0.7734375 0.57421875 0.7734375 0.57421875 0.775390625 0.572265625 0.77734375 0.5703125 0.77734375 0.5703125 0.783203125 0.568359375 0.78515625 0.568359375 0.79296875 0.5703125 0.794921875 0.5703125 0.796875 0.572265625 0.796875 0.57421875 0.798828125 0.57421875 0.80078125 0.576171875 0.802734375 0.580078125 0.802734375 0.58203125 0.8046875 0.587890625 0.8046875 0.58984375 0.806640625 0.59375 0.806640625 0.595703125 0.8046875 0.599609375 0.8046875 0.603515625 0.80078125 0.60546875 0.80078125 0.60546875 0.798828125 0.607421875 0.796875 0.607421875 0.794921875 0.609375 0.79296875 0.609375 0.78125 0.60546875 0.77734375 0.603515625 0.77734375 0.6015625 0.775390625 0.6015625 0.7734375 0.59375 0.7734375 0.591796875 0.771484375
1 0.2109375 0.71484375 0.208984375 0.716796875 0.208984375 0.7265625 0.2109375 0.728515625 0.2109375 0.73046875 0.216796875 0.73046875 0.216796875 0.728515625 0.21875 0.7265625 0.220703125 0.7265625 0.22265625 0.724609375 0.22265625 0.71875 0.220703125 0.716796875 0.21875 0.716796875 0.216796875 0.71484375
1 0.90234375 0.58984375 0.90234375 0.591796875 0.900390625 0.59375 0.900390625 0.599609375 0.90234375 0.6015625 0.912109375 0.6015625 0.9140625 0.599609375 0.9140625 0.58984375
1 0.83984375 0.583984375 0.8359375 0.587890625 0.8359375 0.599609375 0.837890625 0.6015625 0.84765625 0.6015625 0.84765625 0.59765625 0.849609375 0.595703125 0.8515625 0.595703125 0.8515625 0.587890625 0.849609375 0.587890625 0.845703125 0.583984375
1 0.2578125 0.55078125 0.255859375 0.552734375 0.25390625 0.552734375 0.25390625 0.55859375 0.259765625 0.55859375 0.26171875 0.556640625 0.26171875 0.5546875
1 0.513671875 0.447265625 0.513671875 0.453125 0.515625 0.455078125 0.51953125 0.455078125 0.521484375 0.453125 0.521484375 0.44921875 0.51953125 0.447265625
1 0.447265625 0.306640625 0.4453125 0.30859375 0.4453125 0.3125 0.447265625 0.314453125 0.45703125 0.314453125 0.45703125 0.306640625
1 0.98828125 0.287109375 0.986328125 0.2890625 0.986328125 0.29296875 0.98828125 0.294921875 0.994140625 0.294921875 0.99609375 0.29296875 0.998046875 0.29296875 0.998046875 0.2890625 0.99609375 0.287109375
1 0.734375 0.23046875 0.734375 0.234375 0.732421875 0.236328125 0.732421875 0.244140625 0.736328125 0.248046875 0.736328125 0.25 0.74609375 0.25 0.74609375 0.248046875 0.748046875 0.24609375 0.75 0.24609375 0.751953125 0.244140625 0.751953125 0.234375 0.75 0.232421875 0.75 0.23046875
1 0.392578125 0.189453125 0.390625 0.19140625 0.390625 0.197265625 0.400390625 0.197265625 0.400390625 0.19140625 0.3984375 0.189453125
1 0.392578125 0.1640625 0.390625 0.166015625 0.390625 0.173828125 0.392578125 0.17578125 0.40625 0.17578125 0.40625 0.169921875 0.404296875 0.16796875 0.404296875 0.166015625 0.40234375 0.166015625 0.400390625 0.1640625
1 0.28515625 0.15625 0.283203125 0.158203125 0.28125 0.158203125 0.279296875 0.16015625 0.279296875 0.1640625 0.27734375 0.166015625 0.27734375 0.17578125 0.279296875 0.177734375 0.279296875 0.1796875 0.28125 0.181640625 0.283203125 0.181640625 0.28515625 0.18359375 0.291015625 0.18359375 0.29296875 0.181640625 0.294921875 0.181640625 0.294921875 0.177734375 0.296875 0.17578125 0.296875 0.16015625 0.29296875 0.15625
