0 0.85546875 0.68359375 0.8515625 0.6875 0.8515625 0.69140625 0.853515625 0.693359375 0.853515625 0.697265625 0.85546875 0.69921875 0.861328125 0.69921875 0.86328125 0.697265625 0.86328125 0.693359375 0.865234375 0.69140625 0.865234375 0.6875 0.861328125 0.68359375
0 0.828125 0.646484375 0.826171875 0.6484375 0.826171875 0.65625 0.828125 0.658203125 0.837890625 0.658203125 0.83984375 0.65625 0.841796875 0.65625 0.841796875 0.6484375 0.83984375 0.646484375
0 0.25390625 0.5546875 0.25 0.55859375 0.25 0.564453125 0.25390625 0.568359375 0.26171875 0.568359375 0.26171875 0.56640625 0.263671875 0.564453125 0.263671875 0.556640625 0.26171875 0.5546875
0 0.724609375 0.3359375 0.72265625 0.337890625 0.72265625 0.34765625 0.724609375 0.349609375 0.724609375 0.3515625 0.7265625 0.353515625 0.736328125 0.353515625 0.740234375 0.349609375 0.740234375 0.341796875 0.73828125 0.341796875 0.734375 0.337890625 0.732421875 0.337890625 0.73046875 0.3359375
0 0.537109375 0.30078125 0.53515625 0.302734375 0.53515625 0.3046875 0.533203125 0.306640625 0.533203125 0.30859375 0.53125 0.310546875 0.53125 0.314453125 0.529296875 0.31640625 0.529296875 0.318359375 0.533203125 0.322265625 0.537109375 0.322265625 0.5390625 0.32421875 0.55078125 0.32421875 0.552734375 0.322265625 0.556640625 0.322265625 0.560546875 0.318359375 0.560546875 0.306640625 0.55859375 0.3046875 0.55859375 0.302734375 0.54296875 0.302734375 0.541015625 0.30078125
0 0.337890625 0.224609375 0.3359375 0.2265625 0.333984375 0.2265625 0.333984375 0.234375 0.337890625 0.23828125 0.34375 0.23828125 0.34765625 0.234375 0.34765625 0.2265625 0.345703125 0.2265625 0.34375 0.224609375
0 0.505859375 0.193359375 0.50390625 0.1953125 0.50390625 0.203125 0.505859375 0.205078125 0.5078125 0.205078125 0.509765625 0.203125 0.51171875 0.203125 0.51171875 0.197265625 0.5078125 0.193359375
0 0.330078125 0.15234375 0.328125 0.154296875 0.32421875 0.154296875 0.31640625 0.162109375 0.31640625 0.16796875 0.3203125 0.171875 0.322265625 0.171875 0.32421875 0.173828125 0.333984375 0.173828125 0.3359375 0.171875 0.3359375 0.169921875 0.33984375 0.166015625 0.33984375 0.16015625 0.333984375 0.154296875 0.33203125 0.154296875
0 0.87890625 0.134765625 0.876953125 0.13671875 0.876953125 0.138671875 0.880859375 0.142578125 0.8828125 0.142578125 0.884765625 0.140625 0.884765625 0.13671875 0.8828125 0.134765625
0 0.5703125 0.0859375 0.56640625 0.08984375 0.56640625 0.09375 0.568359375 0.095703125 0.5703125 0.095703125 0.572265625 0.09375 0.572265625 0.087890625
0 0.224609375 0.01171875 0.22265625 0.013671875 0.220703125 0.013671875 0.220703125 0.015625 0.21875 0.017578125 0.21875 0.0234375 0.216796875 0.025390625 0.216796875 0.02734375 0.21875 0.029296875 0.21875 0.03125 0.22265625 0.03515625 0.224609375 0.03515625 0.2265625 0.037109375 0.240234375 0.037109375 0.25 0.02734375 0.25 0.0234375 0.248046875 0.021484375 0.248046875 0.01953125 0.24609375 0.017578125 0.24609375 0.015625 0.244140625 0.013671875 0.244140625 0.01171875
1 0.85546875 0.68359375 0.8515625 0.6875 0.8515625 0.69140625 0.853515625 0.693359375 0.853515625 0.697265625 0.85546875 0.69921875 0.861328125 0.69921875 0.86328125 0.697265625 0.86328125 0.693359375 0.865234375 0.69140625 0.865234375 0.6875 0.861328125 0.68359375
1 0.828125 0.646484375 0.826171875 0.6484375 0.826171875 0.65625 0.828125 0.658203125 0.837890625 0.658203125 0.83984375 0.65625 0.841796875 0.65625 0.841796875 0.6484375 0.83984375 0.646484375
1 0.25390625 0.5546875 0.25 0.55859375 0.25 0.564453125 0.25390625 0.568359375 0.26171875 0.568359375 0.26171875 0.56640625 0.263671875 0.564453125 0.263671875 0.556640625 0.26171875 0.5546875
1 0.724609375 0.3359375 0.72265625 0.337890625 0.72265625 0.34765625 0.724609375 0.349609375 0.724609375 0.3515625 0.7265625 0.353515625 0.736328125 0.353515625 0.740234375 0.349609375 0.740234375 0.341796875 0.73828125 0.341796875 0.734375 0.337890625 0.732421875 0.337890625 0.73046875 0.3359375
1 0.537109375 0.30078125 0.53515625 0.302734375 0.53515625 0.3046875 0.533203125 0.306640625 0.533203125 0.30859375 0.53125 0.310546875 0.53125 0.314453125 0.529296875 0.31640625 0.529296875 0.318359375 0.533203125 0.322265625 0.537109375 0.322265625 0.5390625 0.32421875 0.55078125 0.32421875 0.552734375 0.322265625 0.556640625 0.322265625 0.560546875 0.318359375 0.560546875 0.306640625 0.55859375 0.3046875 0.55859375 0.302734375 0.54296875 0.302734375 0.541015625 0.30078125
1 0.337890625 0.224609375 0.3359375 0.2265625 0.333984375 0.2265625 0.333984375 0.234375 0.337890625 0.23828125 0.34375 0.23828125 0.34765625 0.234375 0.34765625 0.2265625 0.345703125 0.2265625 0.34375 0.224609375
1 0.505859375 0.193359375 0.50390625 0.1953125 0.50390625 0.203125 0.505859375 0.205078125 0.5078125 0.205078125 0.509765625 0.203125 0.51171875 0.203125 0.51171875 0.197265625 0.5078125 0.193359375
1 0.330078125 0.15234375 0.328125 0.154296875 0.32421875 0.154296875 0.31640625 0.162109375 0.31640625 0.16796875 0.3203125 0.171875 0.322265625 0.171875 0.32421875 0.173828125 0.333984375 0.173828125 0.3359375 0.171875 0.3359375 0.169921875 0.33984375 0.166015625 0.33984375 0.16015625 0.333984375 0.154296875 0.33203125 0.154296875
1 0.87890625 0.134765625 0.876953125 0.13671875 0.876953125 0.138671875 0.880859375 0.142578125 0.8828125 0.142578125 0.884765625 0.140625 0.884765625 0.13671875 0.8828125 0.134765625
1 0.5703125 0.0859375 0.56640625 0.08984375 0.56640625 0.09375 0.568359375 0.095703125 0.5703125 0.095703125 0.572265625 0.09375 0.572265625 0.087890625
1 0.224609375 0.01171875 0.22265625 0.013671875 0.220703125 0.013671875 0.220703125 0.015625 0.21875 0.017578125 0.21875 0.0234375 0.216796875 0.025390625 0.216796875 0.02734375 0.21875 0.029296875 0.21875 0.03125 0.22265625 0.03515625 0.224609375 0.03515625 0.2265625 0.037109375 0.240234375 0.037109375 0.25 0.02734375 0.25 0.0234375 0.248046875 0.021484375 0.248046875 0.01953125 0.24609375 0.017578125 0.24609375 0.015625 0.244140625 0.013671875 0.244140625 0.01171875
