0 0.93359375 0.83203125 0.931640625 0.833984375 0.9296875 0.833984375 0.91796875 0.845703125 0.91796875 0.849609375 0.916015625 0.8515625 0.916015625 0.853515625 0.91796875 0.85546875 0.91796875 0.857421875 0.921875 0.861328125 0.923828125 0.861328125 0.92578125 0.86328125 0.9296875 0.86328125 0.931640625 0.861328125 0.93359375 0.861328125 0.939453125 0.85546875 0.94140625 0.85546875 0.943359375 0.853515625 0.9453125 0.853515625 0.9453125 0.83984375 0.939453125 0.833984375 0.9375 0.833984375 0.935546875 0.83203125
0 0.9609375 0.748046875 0.95703125 0.751953125 0.955078125 0.751953125 0.953125 0.75390625 0.951171875 0.75390625 0.951171875 0.755859375 0.94921875 0.7578125 0.94921875 0.759765625 0.947265625 0.76171875 0.947265625 0.763671875 0.9453125 0.765625 0.9453125 0.76953125 0.947265625 0.771484375 0.947265625 0.7734375 0.94921875 0.775390625 0.955078125 0.775390625 0.95703125 0.77734375 0.96484375 0.77734375 0.9765625 0.765625 0.9765625 0.76171875 0.978515625 0.759765625 0.978515625 0.75390625 0.9765625 0.751953125 0.974609375 0.751953125 0.970703125 0.748046875
0 0.609375 0.623046875 0.60546875 0.626953125 0.60546875 0.62890625 0.607421875 0.630859375 0.607421875 0.6328125 0.609375 0.634765625 0.619140625 0.634765625 0.62109375 0.6328125 0.62109375 0.625 0.619140625 0.623046875
0 0.7734375 0.5703125 0.771484375 0.572265625 0.765625 0.572265625 0.763671875 0.57421875 0.76171875 0.57421875 0.759765625 0.576171875 0.759765625 0.578125 0.75390625 0.583984375 0.75390625 0.5859375 0.751953125 0.587890625 0.751953125 0.59375 0.75390625 0.595703125 0.75390625 0.59765625 0.7578125 0.6015625 0.759765625 0.6015625 0.76171875 0.603515625 0.765625 0.603515625 0.767578125 0.6015625 0.76953125 0.6015625 0.77734375 0.59375 0.779296875 0.59375 0.78125 0.591796875 0.78125 0.58984375 0.783203125 0.587890625 0.783203125 0.576171875 0.78125 0.57421875 0.78125 0.572265625 0.775390625 0.572265625
0 0.955078125 0.4609375 0.953125 0.462890625 0.951171875 0.462890625 0.94140625 0.47265625 0.94140625 0.474609375 0.935546875 0.48046875 0.935546875 0.486328125 0.93359375 0.48828125 0.93359375 0.490234375 0.935546875 0.4921875 0.9375 0.4921875 0.939453125 0.494140625 0.947265625 0.494140625 0.94921875 0.4921875 0.95703125 0.4921875 0.96875 0.48046875 0.96875 0.466796875 0.96484375 0.462890625 0.962890625 0.462890625 0.9609375 0.4609375
0 0.314453125 0.33984375 0.3125 0.341796875 0.3125 0.34765625 0.314453125 0.349609375 0.314453125 0.3515625 0.31640625 0.3515625 0.318359375 0.353515625 0.3203125 0.353515625 0.32421875 0.349609375 0.32421875 0.341796875 0.322265625 0.33984375
0 0.509765625 0.2734375 0.5078125 0.275390625 0.5078125 0.28515625 0.517578125 0.28515625 0.517578125 0.27734375 0.515625 0.275390625 0.515625 0.2734375
1 0.93359375 0.83203125 0.931640625 0.833984375 0.9296875 0.833984375 0.91796875 0.845703125 0.91796875 0.849609375 0.916015625 0.8515625 0.916015625 0.853515625 0.91796875 0.85546875 0.91796875 0.857421875 0.921875 0.861328125 0.923828125 0.861328125 0.92578125 0.86328125 0.9296875 0.86328125 0.931640625 0.861328125 0.93359375 0.861328125 0.939453125 0.85546875 0.94140625 0.85546875 0.943359375 0.853515625 0.9453125 0.853515625 0.9453125 0.83984375 0.939453125 0.833984375 0.9375 0.833984375 0.935546875 0.83203125
1 0.9609375 0.748046875 0.95703125 0.751953125 0.955078125 0.751953125 0.953125 0.75390625 0.951171875 0.75390625 0.951171875 0.755859375 0.94921875 0.7578125 0.94921875 0.759765625 0.947265625 0.76171875 0.947265625 0.763671875 0.9453125 0.765625 0.9453125 0.76953125 0.947265625 0.771484375 0.947265625 0.7734375 0.94921875 0.775390625 0.955078125 0.775390625 0.95703125 0.77734375 0.96484375 0.77734375 0.9765625 0.765625 0.9765625 0.76171875 0.978515625 0.759765625 0.978515625 0.75390625 0.9765625 0.751953125 0.974609375 0.751953125 0.970703125 0.748046875
1 0.609375 0.623046875 0.60546875 0.626953125 0.60546875 0.62890625 0.607421875 0.630859375 0.607421875 0.6328125 0.609375 0.634765625 0.619140625 0.634765625 0.62109375 0.6328125 0.62109375 0.625 0.619140625 0.623046875
1 0.7734375 0.5703125 0.771484375 0.572265625 0.765625 0.572265625 0.763671875 0.57421875 0.76171875 0.57421875 0.759765625 0.576171875 0.759765625 0.578125 0.75390625 0.583984375 0.75390625 0.5859375 0.751953125 0.587890625 0.751953125 0.59375 0.75390625 0.595703125 0.75390625 0.59765625 0.7578125 0.6015625 0.759765625 0.6015625 0.76171875 0.603515625 0.765625 0.603515625 0.767578125 0.6015625 0.76953125 0.6015625 0.77734375 0.59375 0.779296875 0.59375 0.78125 0.591796875 0.78125 0.58984375 0.783203125 0.587890625 0.783203125 0.576171875 0.78125 0.57421875 0.78125 0.572265625 0.775390625 0.572265625
1 0.955078125 0.4609375 0.953125 0.462890625 0.951171875 0.462890625 0.94140625 0.47265625 0.94140625 0.474609375 0.935546875 0.48046875 0.935546875 0.486328125 0.93359375 0.48828125 0.93359375 0.490234375 0.935546875 0.4921875 0.9375 0.4921875 0.939453125 0.494140625 0.947265625 0.494140625 0.94921875 0.4921875 0.95703125 0.4921875 0.96875 0.48046875 0.96875 0.466796875 0.96484375 0.462890625 0.962890625 0.462890625 0.9609375 0.4609375
1 0.314453125 0.33984375 0.3125 0.341796875 0.3125 0.34765625 0.314453125 0.349609375 0.314453125 0.3515625 0.31640625 0.3515625 0.318359375 0.353515625 0.3203125 0.353515625 0.32421875 0.349609375 0.32421875 0.341796875 0.322265625 0.33984375
1 0.509765625 0.2734375 0.5078125 0.275390625 0.5078125 0.28515625 0.517578125 0.28515625 0.517578125 0.27734375 0.515625 0.275390625 0.515625 0.2734375
