0 0.423828125 0.96875 0.423828125 0.974609375 0.421875 0.9765625 0.421875 0.982421875 0.423828125 0.984375 0.423828125 0.986328125 0.427734375 0.990234375 0.431640625 0.990234375 0.43359375 0.98828125 0.443359375 0.98828125 0.4453125 0.986328125 0.4453125 0.98046875 0.443359375 0.978515625 0.443359375 0.970703125 0.44140625 0.96875
0 0.056640625 0.935546875 0.0546875 0.9375 0.0546875 0.94140625 0.05859375 0.9453125 0.0625 0.9453125 0.06640625 0.94140625 0.06640625 0.935546875
0 0.017578125 0.92578125 0.013671875 0.9296875 0.013671875 0.9375 0.017578125 0.9375 0.01953125 0.939453125 0.021484375 0.9375 0.02734375 0.9375 0.029296875 0.935546875 0.029296875 0.9296875 0.025390625 0.92578125
0 0.40234375 0.8984375 0.400390625 0.900390625 0.396484375 0.900390625 0.388671875 0.908203125 0.388671875 0.91015625 0.38671875 0.912109375 0.38671875 0.91796875 0.392578125 0.923828125 0.39453125 0.923828125 0.396484375 0.92578125 0.3984375 0.92578125 0.400390625 0.927734375 0.4140625 0.927734375 0.416015625 0.92578125 0.41796875 0.92578125 0.419921875 0.923828125 0.419921875 0.921875 0.421875 0.919921875 0.421875 0.912109375 0.419921875 0.91015625 0.419921875 0.908203125 0.41796875 0.90625 0.41796875 0.904296875 0.4140625 0.900390625 0.41015625 0.900390625 0.408203125 0.8984375
0 0.361328125 0.88671875 0.359375 0.888671875 0.359375 0.89453125 0.361328125 0.896484375 0.369140625 0.896484375 0.37109375 0.89453125 0.37109375 0.892578125 0.369140625 0.890625 0.369140625 0.888671875 0.3671875 0.88671875
0 0.802734375 0.44921875 0.798828125 0.453125 0.798828125 0.455078125 0.796875 0.45703125 0.794921875 0.45703125 0.794921875 0.4609375 0.798828125 0.46484375 0.802734375 0.46484375 0.8046875 0.462890625 0.806640625 0.462890625 0.80859375 0.4609375 0.80859375 0.453125 0.8046875 0.44921875
0 0.767578125 0.25 0.763671875 0.25390625 0.765625 0.255859375 0.771484375 0.255859375 0.771484375 0.251953125 0.76953125 0.25
1 0.423828125 0.96875 0.423828125 0.974609375 0.421875 0.9765625 0.421875 0.982421875 0.423828125 0.984375 0.423828125 0.986328125 0.427734375 0.990234375 0.431640625 0.990234375 0.43359375 0.98828125 0.443359375 0.98828125 0.4453125 0.986328125 0.4453125 0.98046875 0.443359375 0.978515625 0.443359375 0.970703125 0.44140625 0.96875
1 0.056640625 0.935546875 0.0546875 0.9375 0.0546875 0.94140625 0.05859375 0.9453125 0.0625 0.9453125 0.06640625 0.94140625 0.06640625 0.935546875
1 0.017578125 0.92578125 0.013671875 0.9296875 0.013671875 0.9375 0.017578125 0.9375 0.01953125 0.939453125 0.021484375 0.9375 0.02734375 0.9375 0.029296875 0.935546875 0.029296875 0.9296875 0.025390625 0.92578125
1 0.40234375 0.8984375 0.400390625 0.900390625 0.396484375 0.900390625 0.388671875 0.908203125 0.388671875 0.91015625 0.38671875 0.912109375 0.38671875 0.91796875 0.392578125 0.923828125 0.39453125 0.923828125 0.396484375 0.92578125 0.3984375 0.92578125 0.400390625 0.927734375 0.4140625 0.927734375 0.416015625 0.92578125 0.41796875 0.92578125 0.419921875 0.923828125 0.419921875 0.921875 0.421875 0.919921875 0.421875 0.912109375 0.419921875 0.91015625 0.419921875 0.908203125 0.41796875 0.90625 0.41796875 0.904296875 0.4140625 0.900390625 0.41015625 0.900390625 0.408203125 0.8984375
1 0.361328125 0.88671875 0.359375 0.888671875 0.359375 0.89453125 0.361328125 0.896484375 0.369140625 0.896484375 0.37109375 0.89453125 0.37109375 0.892578125 0.369140625 0.890625 0.369140625 0.888671875 0.3671875 0.88671875
1 0.802734375 0.44921875 0.798828125 0.453125 0.798828125 0.455078125 0.796875 0.45703125 0.794921875 0.45703125 0.794921875 0.4609375 0.798828125 0.46484375 0.802734375 0.46484375 0.8046875 0.462890625 0.806640625 0.462890625 0.80859375 0.4609375 0.80859375 0.453125 0.8046875 0.44921875
1 0.767578125 0.25 0.763671875 0.25390625 0.765625 0.255859375 0.771484375 0.255859375 0.771484375 0.251953125 0.76953125 0.25
