0 0.189453125 0.890625 0.1875 0.892578125 0.1875 0.8984375 0.189453125 0.900390625 0.19140625 0.900390625 0.1953125 0.904296875 0.197265625 0.904296875 0.19921875 0.90234375 0.201171875 0.90234375 0.203125 0.900390625 0.203125 0.89453125 0.19921875 0.890625
0 0.181640625 0.650390625 0.1796875 0.65234375 0.1796875 0.654296875 0.181640625 0.65625 0.181640625 0.658203125 0.18359375 0.66015625 0.1875 0.66015625 0.19140625 0.65625 0.19140625 0.650390625
0 0.23828125 0.447265625 0.236328125 0.44921875 0.234375 0.44921875 0.23046875 0.453125 0.23046875 0.455078125 0.232421875 0.45703125 0.232421875 0.458984375 0.234375 0.458984375 0.236328125 0.4609375 0.2421875 0.4609375 0.244140625 0.458984375 0.244140625 0.44921875 0.2421875 0.447265625
0 0.69921875 0.443359375 0.697265625 0.4453125 0.697265625 0.453125 0.69921875 0.455078125 0.69921875 0.45703125 0.703125 0.4609375 0.70703125 0.4609375 0.708984375 0.462890625 0.712890625 0.462890625 0.71484375 0.4609375 0.71484375 0.458984375 0.716796875 0.45703125 0.716796875 0.44921875 0.71484375 0.447265625 0.71484375 0.443359375
0 0.7734375 0.416015625 0.76953125 0.419921875 0.76953125 0.427734375 0.7734375 0.431640625 0.77734375 0.431640625 0.78125 0.427734375 0.78125 0.419921875 0.779296875 0.41796875 0.77734375 0.41796875 0.775390625 0.416015625
0 0.7578125 0.29296875 0.755859375 0.294921875 0.751953125 0.294921875 0.75 0.296875 0.75 0.30078125 0.75390625 0.3046875 0.755859375 0.3046875 0.7578125 0.306640625 0.76171875 0.302734375 0.76171875 0.296875
1 0.189453125 0.890625 0.1875 0.892578125 0.1875 0.8984375 0.189453125 0.900390625 0.19140625 0.900390625 0.1953125 0.904296875 0.197265625 0.904296875 0.19921875 0.90234375 0.201171875 0.90234375 0.203125 0.900390625 0.203125 0.89453125 0.19921875 0.890625
1 0.181640625 0.650390625 0.1796875 0.65234375 0.1796875 0.654296875 0.181640625 0.65625 0.181640625 0.658203125 0.18359375 0.66015625 0.1875 0.66015625 0.19140625 0.65625 0.19140625 0.650390625
1 0.23828125 0.447265625 0.236328125 0.44921875 0.234375 0.44921875 0.23046875 0.453125 0.23046875 0.455078125 0.232421875 0.45703125 0.232421875 0.458984375 0.234375 0.458984375 0.236328125 0.4609375 0.2421875 0.4609375 0.244140625 0.458984375 0.244140625 0.44921875 0.2421875 0.447265625
1 0.69921875 0.443359375 0.697265625 0.4453125 0.697265625 0.453125 0.69921875 0.455078125 0.69921875 0.45703125 0.703125 0.4609375 0.70703125 0.4609375 0.708984375 0.462890625 0.712890625 0.462890625 0.71484375 0.4609375 0.71484375 0.458984375 0.716796875 0.45703125 0.716796875 0.44921875 0.71484375 0.447265625 0.71484375 0.443359375
1 0.7734375 0.416015625 0.76953125 0.419921875 0.76953125 0.427734375 0.7734375 0.431640625 0.77734375 0.431640625 0.78125 0.427734375 0.78125 0.419921875 0.779296875 0.41796875 0.77734375 0.41796875 0.775390625 0.416015625
1 0.7578125 0.29296875 0.755859375 0.294921875 0.751953125 0.294921875 0.75 0.296875 0.75 0.30078125 0.75390625 0.3046875 0.755859375 0.3046875 0.7578125 0.306640625 0.76171875 0.302734375 0.76171875 0.296875
