0 0.82421875 0.89453125 0.82421875 0.896484375 0.822265625 0.8984375 0.822265625 0.90234375 0.82421875 0.904296875 0.82421875 0.90625 0.833984375 0.90625 0.833984375 0.8984375 0.83203125 0.896484375 0.83203125 0.89453125
0 0.740234375 0.89453125 0.740234375 0.896484375 0.736328125 0.900390625 0.736328125 0.908203125 0.73828125 0.91015625 0.73828125 0.9140625 0.740234375 0.916015625 0.748046875 0.916015625 0.75 0.9140625 0.75390625 0.9140625 0.75390625 0.912109375 0.755859375 0.91015625 0.755859375 0.8984375 0.75390625 0.896484375 0.75390625 0.89453125
0 0.921875 0.8828125 0.921875 0.884765625 0.919921875 0.88671875 0.919921875 0.892578125 0.921875 0.89453125 0.921875 0.896484375 0.93359375 0.896484375 0.93359375 0.89453125 0.935546875 0.892578125 0.935546875 0.88671875 0.93359375 0.884765625 0.93359375 0.8828125
0 0.064453125 0.8671875 0.0625 0.869140625 0.060546875 0.869140625 0.060546875 0.87109375 0.05859375 0.873046875 0.05859375 0.875 0.060546875 0.876953125 0.060546875 0.880859375 0.0625 0.880859375 0.06640625 0.884765625 0.068359375 0.884765625 0.0703125 0.8828125 0.07421875 0.8828125 0.076171875 0.880859375 0.076171875 0.869140625 0.07421875 0.8671875
0 0.90625 0.830078125 0.90234375 0.833984375 0.90234375 0.837890625 0.900390625 0.83984375 0.900390625 0.841796875 0.90234375 0.84375 0.90234375 0.849609375 0.904296875 0.8515625 0.904296875 0.853515625 0.90625 0.85546875 0.908203125 0.85546875 0.91015625 0.857421875 0.921875 0.857421875 0.921875 0.85546875 0.923828125 0.853515625 0.92578125 0.853515625 0.92578125 0.849609375 0.927734375 0.84765625 0.927734375 0.83984375 0.92578125 0.837890625 0.92578125 0.833984375 0.923828125 0.833984375 0.921875 0.83203125 0.921875 0.830078125
0 0.140625 0.5703125 0.138671875 0.572265625 0.13671875 0.572265625 0.13671875 0.587890625 0.138671875 0.58984375 0.138671875 0.591796875 0.142578125 0.591796875 0.14453125 0.59375 0.154296875 0.59375 0.15625 0.591796875 0.16015625 0.591796875 0.16015625 0.587890625 0.162109375 0.5859375 0.162109375 0.578125 0.16015625 0.576171875 0.158203125 0.576171875 0.15625 0.57421875 0.15625 0.572265625 0.154296875 0.572265625 0.15234375 0.5703125
0 0.810546875 0.560546875 0.80859375 0.5625 0.80859375 0.56640625 0.806640625 0.568359375 0.806640625 0.576171875 0.80859375 0.578125 0.814453125 0.578125 0.81640625 0.576171875 0.8203125 0.576171875 0.822265625 0.57421875 0.822265625 0.572265625 0.82421875 0.5703125 0.82421875 0.568359375 0.8203125 0.564453125 0.8203125 0.5625 0.818359375 0.5625 0.81640625 0.560546875
0 0.740234375 0.48046875 0.736328125 0.484375 0.736328125 0.494140625 0.73828125 0.49609375 0.748046875 0.49609375 0.75 0.494140625 0.751953125 0.494140625 0.751953125 0.482421875 0.75 0.482421875 0.748046875 0.48046875
0 0.541015625 0.48046875 0.541015625 0.482421875 0.5390625 0.484375 0.5390625 0.490234375 0.541015625 0.4921875 0.541015625 0.49609375 0.54296875 0.498046875 0.546875 0.498046875 0.548828125 0.5 0.5546875 0.5 0.556640625 0.498046875 0.560546875 0.498046875 0.5625 0.49609375 0.5625 0.48828125 0.560546875 0.486328125 0.560546875 0.482421875 0.556640625 0.482421875 0.5546875 0.48046875
1 0.82421875 0.89453125 0.82421875 0.896484375 0.822265625 0.8984375 0.822265625 0.90234375 0.82421875 0.904296875 0.82421875 0.90625 0.833984375 0.90625 0.833984375 0.8984375 0.83203125 0.896484375 0.83203125 0.89453125
1 0.740234375 0.89453125 0.740234375 0.896484375 0.736328125 0.900390625 0.736328125 0.908203125 0.73828125 0.91015625 0.73828125 0.9140625 0.740234375 0.916015625 0.748046875 0.916015625 0.75 0.9140625 0.75390625 0.9140625 0.75390625 0.912109375 0.755859375 0.91015625 0.755859375 0.8984375 0.75390625 0.896484375 0.75390625 0.89453125
1 0.921875 0.8828125 0.921875 0.884765625 0.919921875 0.88671875 0.919921875 0.892578125 0.921875 0.89453125 0.921875 0.896484375 0.93359375 0.896484375 0.93359375 0.89453125 0.935546875 0.892578125 0.935546875 0.88671875 0.93359375 0.884765625 0.93359375 0.8828125
1 0.064453125 0.8671875 0.0625 0.869140625 0.060546875 0.869140625 0.060546875 0.87109375 0.05859375 0.873046875 0.05859375 0.875 0.060546875 0.876953125 0.060546875 0.880859375 0.0625 0.880859375 0.06640625 0.884765625 0.068359375 0.884765625 0.0703125 0.8828125 0.07421875 0.8828125 0.076171875 0.880859375 0.076171875 0.869140625 0.07421875 0.8671875
1 0.90625 0.830078125 0.90234375 0.833984375 0.90234375 0.837890625 0.900390625 0.83984375 0.900390625 0.841796875 0.90234375 0.84375 0.90234375 0.849609375 0.904296875 0.8515625 0.904296875 0.853515625 0.90625 0.85546875 0.908203125 0.85546875 0.91015625 0.857421875 0.921875 0.857421875 0.921875 0.85546875 0.923828125 0.853515625 0.92578125 0.853515625 0.92578125 0.849609375 0.927734375 0.84765625 0.927734375 0.83984375 0.92578125 0.837890625 0.92578125 0.833984375 0.923828125 0.833984375 0.921875 0.83203125 0.921875 0.830078125
1 0.140625 0.5703125 0.138671875 0.572265625 0.13671875 0.572265625 0.13671875 0.587890625 0.138671875 0.58984375 0.138671875 0.591796875 0.142578125 0.591796875 0.14453125 0.59375 0.154296875 0.59375 0.15625 0.591796875 0.16015625 0.591796875 0.16015625 0.587890625 0.162109375 0.5859375 0.162109375 0.578125 0.16015625 0.576171875 0.158203125 0.576171875 0.15625 0.57421875 0.15625 0.572265625 0.154296875 0.572265625 0.15234375 0.5703125
1 0.810546875 0.560546875 0.80859375 0.5625 0.80859375 0.56640625 0.806640625 0.568359375 0.806640625 0.576171875 0.80859375 0.578125 0.814453125 0.578125 0.81640625 0.576171875 0.8203125 0.576171875 0.822265625 0.57421875 0.822265625 0.572265625 0.82421875 0.5703125 0.82421875 0.568359375 0.8203125 0.564453125 0.8203125 0.5625 0.818359375 0.5625 0.81640625 0.560546875
1 0.740234375 0.48046875 0.736328125 0.484375 0.736328125 0.494140625 0.73828125 0.49609375 0.748046875 0.49609375 0.75 0.494140625 0.751953125 0.494140625 0.751953125 0.482421875 0.75 0.482421875 0.748046875 0.48046875
1 0.541015625 0.48046875 0.541015625 0.482421875 0.5390625 0.484375 0.5390625 0.490234375 0.541015625 0.4921875 0.541015625 0.49609375 0.54296875 0.498046875 0.546875 0.498046875 0.548828125 0.5 0.5546875 0.5 0.556640625 0.498046875 0.560546875 0.498046875 0.5625 0.49609375 0.5625 0.48828125 0.560546875 0.486328125 0.560546875 0.482421875 0.556640625 0.482421875 0.5546875 0.48046875
