0 0.2109375 0.943359375 0.20703125 0.947265625 0.20703125 0.953125 0.208984375 0.955078125 0.208984375 0.958984375 0.2109375 0.958984375 0.212890625 0.9609375 0.216796875 0.9609375 0.21875 0.958984375 0.22265625 0.958984375 0.22265625 0.955078125 0.224609375 0.953125 0.224609375 0.951171875 0.22265625 0.94921875 0.22265625 0.9453125 0.220703125 0.9453125 0.21875 0.943359375
0 0.400390625 0.900390625 0.3984375 0.90234375 0.39453125 0.90234375 0.392578125 0.904296875 0.392578125 0.90625 0.390625 0.908203125 0.390625 0.91015625 0.392578125 0.912109375 0.392578125 0.9140625 0.39453125 0.916015625 0.3984375 0.916015625 0.400390625 0.91796875 0.40234375 0.91796875 0.404296875 0.919921875 0.408203125 0.919921875 0.408203125 0.91796875 0.412109375 0.9140625 0.412109375 0.904296875 0.41015625 0.90234375 0.408203125 0.90234375 0.40625 0.900390625
0 0.4609375 0.85546875 0.458984375 0.857421875 0.453125 0.857421875 0.451171875 0.859375 0.44921875 0.859375 0.44921875 0.861328125 0.447265625 0.86328125 0.447265625 0.865234375 0.4453125 0.8671875 0.443359375 0.8671875 0.44140625 0.869140625 0.439453125 0.869140625 0.439453125 0.873046875 0.4375 0.875 0.4375 0.87890625 0.435546875 0.880859375 0.435546875 0.890625 0.439453125 0.89453125 0.439453125 0.8984375 0.44140625 0.8984375 0.4453125 0.90234375 0.470703125 0.90234375 0.474609375 0.8984375 0.4765625 0.8984375 0.478515625 0.896484375 0.478515625 0.89453125 0.48046875 0.892578125 0.48046875 0.88671875 0.482421875 0.884765625 0.482421875 0.8828125 0.48046875 0.880859375 0.48046875 0.8671875 0.478515625 0.865234375 0.478515625 0.859375 0.4765625 0.857421875 0.47265625 0.857421875 0.470703125 0.85546875
0 0.76953125 0.8515625 0.76953125 0.861328125 0.771484375 0.86328125 0.77734375 0.86328125 0.779296875 0.861328125 0.779296875 0.85546875 0.77734375 0.853515625 0.77734375 0.8515625
0 0.869140625 0.6796875 0.865234375 0.68359375 0.859375 0.68359375 0.857421875 0.685546875 0.857421875 0.705078125 0.861328125 0.705078125 0.865234375 0.708984375 0.880859375 0.708984375 0.884765625 0.705078125 0.884765625 0.703125 0.88671875 0.701171875 0.888671875 0.701171875 0.888671875 0.69921875 0.890625 0.697265625 0.890625 0.693359375 0.888671875 0.69140625 0.888671875 0.689453125 0.88671875 0.689453125 0.884765625 0.6875 0.884765625 0.685546875 0.8828125 0.68359375 0.880859375 0.68359375 0.87890625 0.681640625 0.876953125 0.681640625 0.875 0.6796875
0 0.837890625 0.62109375 0.8359375 0.623046875 0.833984375 0.623046875 0.833984375 0.625 0.83203125 0.626953125 0.830078125 0.626953125 0.826171875 0.630859375 0.82421875 0.630859375 0.82421875 0.65625 0.826171875 0.65625 0.828125 0.658203125 0.828125 0.66015625 0.830078125 0.662109375 0.830078125 0.6640625 0.83203125 0.666015625 0.8359375 0.666015625 0.837890625 0.66796875 0.837890625 0.669921875 0.845703125 0.669921875 0.84765625 0.671875 0.849609375 0.671875 0.8515625 0.673828125 0.853515625 0.673828125 0.85546875 0.671875 0.857421875 0.671875 0.859375 0.669921875 0.861328125 0.669921875 0.861328125 0.66796875 0.869140625 0.66015625 0.87109375 0.66015625 0.87109375 0.630859375 0.869140625 0.630859375 0.86328125 0.625 0.86328125 0.623046875 0.849609375 0.623046875 0.84765625 0.62109375
0 0.2890625 0.603515625 0.287109375 0.60546875 0.287109375 0.609375 0.2890625 0.609375 0.291015625 0.611328125 0.29296875 0.611328125 0.294921875 0.609375 0.296875 0.609375 0.296875 0.60546875 0.294921875 0.603515625
0 0.080078125 0.6015625 0.076171875 0.60546875 0.076171875 0.609375 0.078125 0.611328125 0.078125 0.61328125 0.080078125 0.615234375 0.080078125 0.6171875 0.08203125 0.6171875 0.083984375 0.619140625 0.087890625 0.619140625 0.08984375 0.6171875 0.091796875 0.6171875 0.091796875 0.615234375 0.09375 0.61328125 0.09375 0.6015625
0 0.6640625 0.56640625 0.662109375 0.568359375 0.65625 0.568359375 0.65234375 0.572265625 0.650390625 0.572265625 0.650390625 0.57421875 0.64453125 0.580078125 0.64453125 0.591796875 0.646484375 0.59375 0.646484375 0.595703125 0.6484375 0.59765625 0.6484375 0.599609375 0.650390625 0.6015625 0.654296875 0.6015625 0.65625 0.603515625 0.669921875 0.603515625 0.671875 0.6015625 0.673828125 0.6015625 0.67578125 0.599609375 0.6796875 0.599609375 0.6796875 0.595703125 0.681640625 0.59375 0.681640625 0.576171875 0.6796875 0.57421875 0.6796875 0.572265625 0.677734375 0.5703125 0.673828125 0.5703125 0.671875 0.568359375 0.66796875 0.568359375 0.666015625 0.56640625
0 0.603515625 0.5234375 0.6015625 0.525390625 0.6015625 0.53125 0.603515625 0.533203125 0.609375 0.533203125 0.611328125 0.53125 0.61328125 0.53125 0.61328125 0.5234375
0 0.447265625 0.482421875 0.4453125 0.484375 0.4453125 0.486328125 0.443359375 0.48828125 0.443359375 0.494140625 0.44921875 0.5 0.451171875 0.5 0.455078125 0.49609375 0.455078125 0.48828125 0.453125 0.486328125 0.453125 0.482421875
1 0.2109375 0.943359375 0.20703125 0.947265625 0.20703125 0.953125 0.208984375 0.955078125 0.208984375 0.958984375 0.2109375 0.958984375 0.212890625 0.9609375 0.216796875 0.9609375 0.21875 0.958984375 0.22265625 0.958984375 0.22265625 0.955078125 0.224609375 0.953125 0.224609375 0.951171875 0.22265625 0.94921875 0.22265625 0.9453125 0.220703125 0.9453125 0.21875 0.943359375
1 0.400390625 0.900390625 0.3984375 0.90234375 0.39453125 0.90234375 0.392578125 0.904296875 0.392578125 0.90625 0.390625 0.908203125 0.390625 0.91015625 0.392578125 0.912109375 0.392578125 0.9140625 0.39453125 0.916015625 0.3984375 0.916015625 0.400390625 0.91796875 0.40234375 0.91796875 0.404296875 0.919921875 0.408203125 0.919921875 0.408203125 0.91796875 0.412109375 0.9140625 0.412109375 0.904296875 0.41015625 0.90234375 0.408203125 0.90234375 0.40625 0.900390625
1 0.4609375 0.85546875 0.458984375 0.857421875 0.453125 0.857421875 0.451171875 0.859375 0.44921875 0.859375 0.44921875 0.861328125 0.447265625 0.86328125 0.447265625 0.865234375 0.4453125 0.8671875 0.443359375 0.8671875 0.44140625 0.869140625 0.439453125 0.869140625 0.439453125 0.873046875 0.4375 0.875 0.4375 0.87890625 0.435546875 0.880859375 0.435546875 0.890625 0.439453125 0.89453125 0.439453125 0.8984375 0.44140625 0.8984375 0.4453125 0.90234375 0.470703125 0.90234375 0.474609375 0.8984375 0.4765625 0.8984375 0.478515625 0.896484375 0.478515625 0.89453125 0.48046875 0.892578125 0.48046875 0.88671875 0.482421875 0.884765625 0.482421875 0.8828125 0.48046875 0.880859375 0.48046875 0.8671875 0.478515625 0.865234375 0.478515625 0.859375 0.4765625 0.857421875 0.47265625 0.857421875 0.470703125 0.85546875
1 0.76953125 0.8515625 0.76953125 0.861328125 0.771484375 0.86328125 0.77734375 0.86328125 0.779296875 0.861328125 0.779296875 0.85546875 0.77734375 0.853515625 0.77734375 0.8515625
1 0.869140625 0.6796875 0.865234375 0.68359375 0.859375 0.68359375 0.857421875 0.685546875 0.857421875 0.705078125 0.861328125 0.705078125 0.865234375 0.708984375 0.880859375 0.708984375 0.884765625 0.705078125 0.884765625 0.703125 0.88671875 0.701171875 0.888671875 0.701171875 0.888671875 0.69921875 0.890625 0.697265625 0.890625 0.693359375 0.888671875 0.69140625 0.888671875 0.689453125 0.88671875 0.689453125 0.884765625 0.6875 0.884765625 0.685546875 0.8828125 0.68359375 0.880859375 0.68359375 0.87890625 0.681640625 0.876953125 0.681640625 0.875 0.6796875
1 0.837890625 0.62109375 0.8359375 0.623046875 0.833984375 0.623046875 0.833984375 0.625 0.83203125 0.626953125 0.830078125 0.626953125 0.826171875 0.630859375 0.82421875 0.630859375 0.82421875 0.65625 0.826171875 0.65625 0.828125 0.658203125 0.828125 0.66015625 0.830078125 0.662109375 0.830078125 0.6640625 0.83203125 0.666015625 0.8359375 0.666015625 0.837890625 0.66796875 0.837890625 0.669921875 0.845703125 0.669921875 0.84765625 0.671875 0.849609375 0.671875 0.8515625 0.673828125 0.853515625 0.673828125 0.85546875 0.671875 0.857421875 0.671875 0.859375 0.669921875 0.861328125 0.669921875 0.861328125 0.66796875 0.869140625 0.66015625 0.87109375 0.66015625 0.87109375 0.630859375 0.869140625 0.630859375 0.86328125 0.625 0.86328125 0.623046875 0.849609375 0.623046875 0.84765625 0.62109375
1 0.2890625 0.603515625 0.287109375 0.60546875 0.287109375 0.609375 0.2890625 0.609375 0.291015625 0.611328125 0.29296875 0.611328125 0.294921875 0.609375 0.296875 0.609375 0.296875 0.60546875 0.294921875 0.603515625
1 0.080078125 0.6015625 0.076171875 0.60546875 0.076171875 0.609375 0.078125 0.611328125 0.078125 0.61328125 0.080078125 0.615234375 0.080078125 0.6171875 0.08203125 0.6171875 0.083984375 0.619140625 0.087890625 0.619140625 0.08984375 0.6171875 0.091796875 0.6171875 0.091796875 0.615234375 0.09375 0.61328125 0.09375 0.6015625
1 0.6640625 0.56640625 0.662109375 0.568359375 0.65625 0.568359375 0.65234375 0.572265625 0.650390625 0.572265625 0.650390625 0.57421875 0.64453125 0.580078125 0.64453125 0.591796875 0.646484375 0.59375 0.646484375 0.595703125 0.6484375 0.59765625 0.6484375 0.599609375 0.650390625 0.6015625 0.654296875 0.6015625 0.65625 0.603515625 0.669921875 0.603515625 0.671875 0.6015625 0.673828125 0.6015625 0.67578125 0.599609375 0.6796875 0.599609375 0.6796875 0.595703125 0.681640625 0.59375 0.681640625 0.576171875 0.6796875 0.57421875 0.6796875 0.572265625 0.677734375 0.5703125 0.673828125 0.5703125 0.671875 0.568359375 0.66796875 0.568359375 0.666015625 0.56640625
1 0.603515625 0.5234375 0.6015625 0.525390625 0.6015625 0.53125 0.603515625 0.533203125 0.609375 0.533203125 0.611328125 0.53125 0.61328125 0.53125 0.61328125 0.5234375
1 0.447265625 0.482421875 0.4453125 0.484375 0.4453125 0.486328125 0.443359375 0.48828125 0.443359375 0.494140625 0.44921875 0.5 0.451171875 0.5 0.455078125 0.49609375 0.455078125 0.48828125 0.453125 0.486328125 0.453125 0.482421875
