0 0.8125 0.984375 0.810546875 0.986328125 0.810546875 0.990234375 0.8125 0.9921875 0.818359375 0.9921875 0.818359375 0.98828125 0.814453125 0.984375
0 0.189453125 0.962890625 0.1875 0.96484375 0.1875 0.96875 0.185546875 0.970703125 0.185546875 0.97265625 0.18359375 0.974609375 0.18359375 0.9765625 0.181640625 0.978515625 0.18359375 0.98046875 0.18359375 0.982421875 0.1875 0.986328125 0.189453125 0.986328125 0.19140625 0.98828125 0.201171875 0.98828125 0.201171875 0.986328125 0.203125 0.984375 0.203125 0.982421875 0.20703125 0.978515625 0.20703125 0.97265625 0.203125 0.96875 0.203125 0.966796875 0.19921875 0.962890625
0 0.607421875 0.95703125 0.60546875 0.958984375 0.603515625 0.958984375 0.6015625 0.9609375 0.599609375 0.9609375 0.595703125 0.96484375 0.595703125 0.96875 0.59375 0.970703125 0.59375 0.9765625 0.595703125 0.978515625 0.595703125 0.982421875 0.59765625 0.984375 0.59765625 0.986328125 0.6015625 0.990234375 0.603515625 0.990234375 0.60546875 0.9921875 0.61328125 0.9921875 0.615234375 0.990234375 0.6171875 0.990234375 0.619140625 0.98828125 0.62109375 0.98828125 0.623046875 0.986328125 0.623046875 0.984375 0.626953125 0.98046875 0.626953125 0.970703125 0.625 0.96875 0.625 0.96484375 0.62109375 0.9609375 0.619140625 0.9609375 0.615234375 0.95703125
0 0.619140625 0.89453125 0.615234375 0.8984375 0.619140625 0.90234375 0.623046875 0.90234375 0.625 0.900390625 0.625 0.896484375 0.623046875 0.89453125
0 0.3515625 0.859375 0.349609375 0.861328125 0.34765625 0.861328125 0.345703125 0.86328125 0.345703125 0.87109375 0.34765625 0.873046875 0.34765625 0.875 0.349609375 0.875 0.3515625 0.876953125 0.357421875 0.876953125 0.361328125 0.873046875 0.361328125 0.87109375 0.36328125 0.869140625 0.36328125 0.86328125 0.361328125 0.861328125 0.359375 0.861328125 0.357421875 0.859375
0 0.03125 0.849609375 0.029296875 0.8515625 0.029296875 0.859375 0.033203125 0.859375 0.037109375 0.85546875 0.037109375 0.853515625 0.03515625 0.8515625 0.033203125 0.8515625
0 0.748046875 0.83203125 0.740234375 0.83984375 0.740234375 0.841796875 0.73828125 0.84375 0.73828125 0.849609375 0.740234375 0.8515625 0.740234375 0.853515625 0.7421875 0.85546875 0.7421875 0.857421875 0.744140625 0.859375 0.744140625 0.861328125 0.748046875 0.865234375 0.75 0.865234375 0.755859375 0.87109375 0.7578125 0.87109375 0.759765625 0.873046875 0.763671875 0.873046875 0.765625 0.87109375 0.767578125 0.87109375 0.76953125 0.869140625 0.76953125 0.8671875 0.771484375 0.865234375 0.771484375 0.86328125 0.7734375 0.861328125 0.7734375 0.85546875 0.771484375 0.853515625 0.771484375 0.84765625 0.76953125 0.845703125 0.76953125 0.84375 0.76171875 0.8359375 0.759765625 0.8359375 0.755859375 0.83203125
0 0.5234375 0.80859375 0.51953125 0.8125 0.51953125 0.818359375 0.5234375 0.822265625 0.52734375 0.822265625 0.529296875 0.8203125 0.53125 0.8203125 0.53125 0.8125 0.52734375 0.80859375
0 0.73046875 0.798828125 0.728515625 0.80078125 0.728515625 0.806640625 0.73046875 0.80859375 0.734375 0.80859375 0.73828125 0.8046875 0.73828125 0.802734375 0.734375 0.798828125
0 0.380859375 0.796875 0.37890625 0.798828125 0.37890625 0.802734375 0.3828125 0.802734375 0.384765625 0.80078125 0.384765625 0.798828125 0.3828125 0.796875
0 0.263671875 0.796875 0.26171875 0.798828125 0.259765625 0.798828125 0.259765625 0.8046875 0.263671875 0.80859375 0.265625 0.80859375 0.26953125 0.8046875 0.26953125 0.80078125 0.265625 0.796875
0 0.759765625 0.759765625 0.755859375 0.763671875 0.755859375 0.765625 0.75390625 0.767578125 0.755859375 0.76953125 0.755859375 0.771484375 0.7578125 0.771484375 0.759765625 0.7734375 0.76171875 0.7734375 0.765625 0.76953125 0.765625 0.763671875 0.76171875 0.759765625
0 0.3046875 0.73046875 0.302734375 0.732421875 0.302734375 0.734375 0.30078125 0.736328125 0.30078125 0.73828125 0.3046875 0.7421875 0.306640625 0.7421875 0.30859375 0.744140625 0.314453125 0.744140625 0.314453125 0.7421875 0.31640625 0.740234375 0.31640625 0.734375 0.3125 0.73046875
0 0.662109375 0.728515625 0.66015625 0.73046875 0.658203125 0.73046875 0.65625 0.732421875 0.65625 0.740234375 0.658203125 0.7421875 0.66015625 0.7421875 0.662109375 0.744140625 0.6640625 0.744140625 0.666015625 0.74609375 0.66796875 0.74609375 0.669921875 0.744140625 0.671875 0.744140625 0.673828125 0.7421875 0.67578125 0.7421875 0.677734375 0.740234375 0.677734375 0.734375 0.673828125 0.73046875 0.671875 0.73046875 0.669921875 0.728515625
0 0.58203125 0.720703125 0.580078125 0.72265625 0.580078125 0.73046875 0.58203125 0.732421875 0.5859375 0.732421875 0.58984375 0.728515625 0.58984375 0.72265625 0.587890625 0.720703125
0 0.462890625 0.587890625 0.458984375 0.591796875 0.458984375 0.59375 0.46484375 0.599609375 0.46875 0.599609375 0.470703125 0.59765625 0.470703125 0.595703125 0.46875 0.59375 0.46875 0.591796875 0.46484375 0.587890625
0 0.5390625 0.572265625 0.53125 0.580078125 0.53125 0.591796875 0.533203125 0.59375 0.533203125 0.595703125 0.546875 0.595703125 0.548828125 0.59765625 0.55078125 0.59765625 0.552734375 0.595703125 0.552734375 0.59375 0.5546875 0.591796875 0.5546875 0.58984375 0.556640625 0.587890625 0.556640625 0.580078125 0.552734375 0.576171875 0.55078125 0.576171875 0.548828125 0.57421875 0.54296875 0.57421875 0.541015625 0.572265625
0 0.42578125 0.56640625 0.423828125 0.568359375 0.421875 0.568359375 0.41796875 0.572265625 0.41796875 0.58203125 0.42578125 0.58984375 0.427734375 0.58984375 0.4296875 0.591796875 0.431640625 0.591796875 0.4375 0.5859375 0.4375 0.5703125 0.435546875 0.568359375 0.431640625 0.568359375 0.4296875 0.56640625
0 0.3046875 0.525390625 0.298828125 0.53125 0.296875 0.53125 0.294921875 0.533203125 0.29296875 0.533203125 0.29296875 0.548828125 0.296875 0.552734375 0.296875 0.5546875 0.298828125 0.5546875 0.30078125 0.556640625 0.3046875 0.556640625 0.306640625 0.55859375 0.314453125 0.55859375 0.31640625 0.556640625 0.318359375 0.556640625 0.3203125 0.5546875 0.3203125 0.552734375 0.322265625 0.55078125 0.322265625 0.53515625 0.314453125 0.52734375 0.3125 0.52734375 0.310546875 0.525390625
0 0.0078125 0.4921875 0.00390625 0.49609375 0.00390625 0.501953125 0.005859375 0.50390625 0.015625 0.50390625 0.015625 0.5 0.017578125 0.498046875 0.015625 0.49609375 0.015625 0.494140625 0.013671875 0.4921875
0 0.5703125 0.216796875 0.5703125 0.22265625 0.572265625 0.224609375 0.578125 0.224609375 0.580078125 0.22265625 0.580078125 0.21875 0.578125 0.216796875
0 0.0078125 0.203125 0.0078125 0.2109375 0.009765625 0.212890625 0.013671875 0.212890625 0.013671875 0.2109375 0.015625 0.208984375 0.015625 0.205078125 0.013671875 0.203125
0 0.5390625 0.10546875 0.533203125 0.111328125 0.53515625 0.11328125 0.53515625 0.115234375 0.537109375 0.1171875 0.54296875 0.1171875 0.544921875 0.115234375 0.544921875 0.109375 0.541015625 0.10546875
1 0.8125 0.984375 0.810546875 0.986328125 0.810546875 0.990234375 0.8125 0.9921875 0.818359375 0.9921875 0.818359375 0.98828125 0.814453125 0.984375
1 0.189453125 0.962890625 0.1875 0.96484375 0.1875 0.96875 0.185546875 0.970703125 0.185546875 0.97265625 0.18359375 0.974609375 0.18359375 0.9765625 0.181640625 0.978515625 0.18359375 0.98046875 0.18359375 0.982421875 0.1875 0.986328125 0.189453125 0.986328125 0.19140625 0.98828125 0.201171875 0.98828125 0.201171875 0.986328125 0.203125 0.984375 0.203125 0.982421875 0.20703125 0.978515625 0.20703125 0.97265625 0.203125 0.96875 0.203125 0.966796875 0.19921875 0.962890625
1 0.607421875 0.95703125 0.60546875 0.958984375 0.603515625 0.958984375 0.6015625 0.9609375 0.599609375 0.9609375 0.595703125 0.96484375 0.595703125 0.96875 0.59375 0.970703125 0.59375 0.9765625 0.595703125 0.978515625 0.595703125 0.982421875 0.59765625 0.984375 0.59765625 0.986328125 0.6015625 0.990234375 0.603515625 0.990234375 0.60546875 0.9921875 0.61328125 0.9921875 0.615234375 0.990234375 0.6171875 0.990234375 0.619140625 0.98828125 0.62109375 0.98828125 0.623046875 0.986328125 0.623046875 0.984375 0.626953125 0.98046875 0.626953125 0.970703125 0.625 0.96875 0.625 0.96484375 0.62109375 0.9609375 0.619140625 0.9609375 0.615234375 0.95703125
1 0.619140625 0.89453125 0.615234375 0.8984375 0.619140625 0.90234375 0.623046875 0.90234375 0.625 0.900390625 0.625 0.896484375 0.623046875 0.89453125
1 0.3515625 0.859375 0.349609375 0.861328125 0.34765625 0.861328125 0.345703125 0.86328125 0.345703125 0.87109375 0.34765625 0.873046875 0.34765625 0.875 0.349609375 0.875 0.3515625 0.876953125 0.357421875 0.876953125 0.361328125 0.873046875 0.361328125 0.87109375 0.36328125 0.869140625 0.36328125 0.86328125 0.361328125 0.861328125 0.359375 0.861328125 0.357421875 0.859375
1 0.03125 0.849609375 0.029296875 0.8515625 0.029296875 0.859375 0.033203125 0.859375 0.037109375 0.85546875 0.037109375 0.853515625 0.03515625 0.8515625 0.033203125 0.8515625
1 0.748046875 0.83203125 0.740234375 0.83984375 0.740234375 0.841796875 0.73828125 0.84375 0.73828125 0.849609375 0.740234375 0.8515625 0.740234375 0.853515625 0.7421875 0.85546875 0.7421875 0.857421875 0.744140625 0.859375 0.744140625 0.861328125 0.748046875 0.865234375 0.75 0.865234375 0.755859375 0.87109375 0.7578125 0.87109375 0.759765625 0.873046875 0.763671875 0.873046875 0.765625 0.87109375 0.767578125 0.87109375 0.76953125 0.869140625 0.76953125 0.8671875 0.771484375 0.865234375 0.771484375 0.86328125 0.7734375 0.861328125 0.7734375 0.85546875 0.771484375 0.853515625 0.771484375 0.84765625 0.76953125 0.845703125 0.76953125 0.84375 0.76171875 0.8359375 0.759765625 0.8359375 0.755859375 0.83203125
1 0.5234375 0.80859375 0.51953125 0.8125 0.51953125 0.818359375 0.5234375 0.822265625 0.52734375 0.822265625 0.529296875 0.8203125 0.53125 0.8203125 0.53125 0.8125 0.52734375 0.80859375
1 0.73046875 0.798828125 0.728515625 0.80078125 0.728515625 0.806640625 0.73046875 0.80859375 0.734375 0.80859375 0.73828125 0.8046875 0.73828125 0.802734375 0.734375 0.798828125
1 0.380859375 0.796875 0.37890625 0.798828125 0.37890625 0.802734375 0.3828125 0.802734375 0.384765625 0.80078125 0.384765625 0.798828125 0.3828125 0.796875
1 0.263671875 0.796875 0.26171875 0.798828125 0.259765625 0.798828125 0.259765625 0.8046875 0.263671875 0.80859375 0.265625 0.80859375 0.26953125 0.8046875 0.26953125 0.80078125 0.265625 0.796875
1 0.759765625 0.759765625 0.755859375 0.763671875 0.755859375 0.765625 0.75390625 0.767578125 0.755859375 0.76953125 0.755859375 0.771484375 0.7578125 0.771484375 0.759765625 0.7734375 0.76171875 0.7734375 0.765625 0.76953125 0.765625 0.763671875 0.76171875 0.759765625
1 0.3046875 0.73046875 0.302734375 0.732421875 0.302734375 0.734375 0.30078125 0.736328125 0.30078125 0.73828125 0.3046875 0.7421875 0.306640625 0.7421875 0.30859375 0.744140625 0.314453125 0.744140625 0.314453125 0.7421875 0.31640625 0.740234375 0.31640625 0.734375 0.3125 0.73046875
1 0.662109375 0.728515625 0.66015625 0.73046875 0.658203125 0.73046875 0.65625 0.732421875 0.65625 0.740234375 0.658203125 0.7421875 0.66015625 0.7421875 0.662109375 0.744140625 0.6640625 0.744140625 0.666015625 0.74609375 0.66796875 0.74609375 0.669921875 0.744140625 0.671875 0.744140625 0.673828125 0.7421875 0.67578125 0.7421875 0.677734375 0.740234375 0.677734375 0.734375 0.673828125 0.73046875 0.671875 0.73046875 0.669921875 0.728515625
1 0.58203125 0.720703125 0.580078125 0.72265625 0.580078125 0.73046875 0.58203125 0.732421875 0.5859375 0.732421875 0.58984375 0.728515625 0.58984375 0.72265625 0.587890625 0.720703125
1 0.462890625 0.587890625 0.458984375 0.591796875 0.458984375 0.59375 0.46484375 0.599609375 0.46875 0.599609375 0.470703125 0.59765625 0.470703125 0.595703125 0.46875 0.59375 0.46875 0.591796875 0.46484375 0.587890625
1 0.5390625 0.572265625 0.53125 0.580078125 0.53125 0.591796875 0.533203125 0.59375 0.533203125 0.595703125 0.546875 0.595703125 0.548828125 0.59765625 0.55078125 0.59765625 0.552734375 0.595703125 0.552734375 0.59375 0.5546875 0.591796875 0.5546875 0.58984375 0.556640625 0.587890625 0.556640625 0.580078125 0.552734375 0.576171875 0.55078125 0.576171875 0.548828125 0.57421875 0.54296875 0.57421875 0.541015625 0.572265625
1 0.42578125 0.56640625 0.423828125 0.568359375 0.421875 0.568359375 0.41796875 0.572265625 0.41796875 0.58203125 0.42578125 0.58984375 0.427734375 0.58984375 0.4296875 0.591796875 0.431640625 0.591796875 0.4375 0.5859375 0.4375 0.5703125 0.435546875 0.568359375 0.431640625 0.568359375 0.4296875 0.56640625
1 0.3046875 0.525390625 0.298828125 0.53125 0.296875 0.53125 0.294921875 0.533203125 0.29296875 0.533203125 0.29296875 0.548828125 0.296875 0.552734375 0.296875 0.5546875 0.298828125 0.5546875 0.30078125 0.556640625 0.3046875 0.556640625 0.306640625 0.55859375 0.314453125 0.55859375 0.31640625 0.556640625 0.318359375 0.556640625 0.3203125 0.5546875 0.3203125 0.552734375 0.322265625 0.55078125 0.322265625 0.53515625 0.314453125 0.52734375 0.3125 0.52734375 0.310546875 0.525390625
1 0.0078125 0.4921875 0.00390625 0.49609375 0.00390625 0.501953125 0.005859375 0.50390625 0.015625 0.50390625 0.015625 0.5 0.017578125 0.498046875 0.015625 0.49609375 0.015625 0.494140625 0.013671875 0.4921875
1 0.5703125 0.216796875 0.5703125 0.22265625 0.572265625 0.224609375 0.578125 0.224609375 0.580078125 0.22265625 0.580078125 0.21875 0.578125 0.216796875
1 0.0078125 0.203125 0.0078125 0.2109375 0.009765625 0.212890625 0.013671875 0.212890625 0.013671875 0.2109375 0.015625 0.208984375 0.015625 0.205078125 0.013671875 0.203125
1 0.5390625 0.10546875 0.533203125 0.111328125 0.53515625 0.11328125 0.53515625 0.115234375 0.537109375 0.1171875 0.54296875 0.1171875 0.544921875 0.115234375 0.544921875 0.109375 0.541015625 0.10546875
