0 0.951171875 0.83203125 0.951171875 0.833984375 0.94921875 0.8359375 0.94921875 0.83984375 0.953125 0.84375 0.955078125 0.84375 0.95703125 0.845703125 0.962890625 0.845703125 0.96484375 0.84375 0.96484375 0.83984375 0.95703125 0.83203125
0 0.916015625 0.791015625 0.91015625 0.796875 0.908203125 0.796875 0.90625 0.798828125 0.90625 0.80078125 0.904296875 0.802734375 0.904296875 0.8125 0.90234375 0.814453125 0.90234375 0.81640625 0.904296875 0.818359375 0.904296875 0.82421875 0.90625 0.826171875 0.90625 0.828125 0.91015625 0.828125 0.912109375 0.830078125 0.9296875 0.830078125 0.931640625 0.828125 0.93359375 0.828125 0.9375 0.82421875 0.939453125 0.82421875 0.94140625 0.822265625 0.943359375 0.822265625 0.9453125 0.8203125 0.9453125 0.818359375 0.947265625 0.81640625 0.947265625 0.814453125 0.94921875 0.8125 0.94921875 0.8046875 0.9453125 0.80078125 0.9453125 0.798828125 0.939453125 0.79296875 0.9375 0.79296875 0.935546875 0.791015625
0 0.837890625 0.78515625 0.8359375 0.787109375 0.833984375 0.787109375 0.833984375 0.79296875 0.8359375 0.794921875 0.8359375 0.796875 0.837890625 0.798828125 0.841796875 0.798828125 0.84765625 0.79296875 0.84765625 0.787109375 0.845703125 0.787109375 0.84375 0.78515625
0 0.857421875 0.751953125 0.8515625 0.7578125 0.8515625 0.759765625 0.849609375 0.76171875 0.8515625 0.763671875 0.8515625 0.765625 0.853515625 0.767578125 0.853515625 0.76953125 0.857421875 0.7734375 0.865234375 0.7734375 0.869140625 0.76953125 0.869140625 0.755859375 0.8671875 0.75390625 0.86328125 0.75390625 0.861328125 0.751953125
0 0.314453125 0.33203125 0.310546875 0.3359375 0.310546875 0.33984375 0.3125 0.341796875 0.3125 0.345703125 0.314453125 0.34765625 0.322265625 0.34765625 0.32421875 0.345703125 0.32421875 0.333984375 0.322265625 0.33203125
1 0.951171875 0.83203125 0.951171875 0.833984375 0.94921875 0.8359375 0.94921875 0.83984375 0.953125 0.84375 0.955078125 0.84375 0.95703125 0.845703125 0.962890625 0.845703125 0.96484375 0.84375 0.96484375 0.83984375 0.95703125 0.83203125
1 0.916015625 0.791015625 0.91015625 0.796875 0.908203125 0.796875 0.90625 0.798828125 0.90625 0.80078125 0.904296875 0.802734375 0.904296875 0.8125 0.90234375 0.814453125 0.90234375 0.81640625 0.904296875 0.818359375 0.904296875 0.82421875 0.90625 0.826171875 0.90625 0.828125 0.91015625 0.828125 0.912109375 0.830078125 0.9296875 0.830078125 0.931640625 0.828125 0.93359375 0.828125 0.9375 0.82421875 0.939453125 0.82421875 0.94140625 0.822265625 0.943359375 0.822265625 0.9453125 0.8203125 0.9453125 0.818359375 0.947265625 0.81640625 0.947265625 0.814453125 0.94921875 0.8125 0.94921875 0.8046875 0.9453125 0.80078125 0.9453125 0.798828125 0.939453125 0.79296875 0.9375 0.79296875 0.935546875 0.791015625
1 0.837890625 0.78515625 0.8359375 0.787109375 0.833984375 0.787109375 0.833984375 0.79296875 0.8359375 0.794921875 0.8359375 0.796875 0.837890625 0.798828125 0.841796875 0.798828125 0.84765625 0.79296875 0.84765625 0.787109375 0.845703125 0.787109375 0.84375 0.78515625
1 0.857421875 0.751953125 0.8515625 0.7578125 0.8515625 0.759765625 0.849609375 0.76171875 0.8515625 0.763671875 0.8515625 0.765625 0.853515625 0.767578125 0.853515625 0.76953125 0.857421875 0.7734375 0.865234375 0.7734375 0.869140625 0.76953125 0.869140625 0.755859375 0.8671875 0.75390625 0.86328125 0.75390625 0.861328125 0.751953125
1 0.314453125 0.33203125 0.310546875 0.3359375 0.310546875 0.33984375 0.3125 0.341796875 0.3125 0.345703125 0.314453125 0.34765625 0.322265625 0.34765625 0.32421875 0.345703125 0.32421875 0.333984375 0.322265625 0.33203125
