0 0.5859375 0.640625 0.583984375 0.642578125 0.583984375 0.646484375 0.587890625 0.650390625 0.59375 0.650390625 0.59765625 0.646484375 0.59765625 0.642578125 0.595703125 0.640625
0 0.876953125 0.6328125 0.875 0.634765625 0.875 0.638671875 0.880859375 0.64453125 0.888671875 0.64453125 0.890625 0.642578125 0.890625 0.640625 0.892578125 0.638671875 0.892578125 0.634765625 0.890625 0.6328125
0 0.83203125 0.61328125 0.828125 0.6171875 0.828125 0.619140625 0.826171875 0.62109375 0.826171875 0.623046875 0.828125 0.625 0.828125 0.62890625 0.830078125 0.630859375 0.841796875 0.630859375 0.84765625 0.625 0.84765625 0.619140625 0.84375 0.615234375 0.841796875 0.615234375 0.83984375 0.61328125
0 0.4296875 0.591796875 0.4296875 0.59375 0.427734375 0.595703125 0.427734375 0.59765625 0.4296875 0.599609375 0.431640625 0.599609375 0.43359375 0.59765625 0.43359375 0.59375 0.431640625 0.591796875
0 0.767578125 0.455078125 0.765625 0.45703125 0.765625 0.474609375 0.767578125 0.4765625 0.783203125 0.4765625 0.78515625 0.474609375 0.78515625 0.4609375 0.783203125 0.458984375 0.783203125 0.45703125 0.78125 0.455078125 0.77734375 0.455078125 0.775390625 0.45703125 0.7734375 0.45703125 0.771484375 0.455078125
0 0.302734375 0.353515625 0.30078125 0.35546875 0.298828125 0.35546875 0.298828125 0.357421875 0.296875 0.359375 0.296875 0.365234375 0.298828125 0.3671875 0.298828125 0.37109375 0.30078125 0.37109375 0.302734375 0.373046875 0.3125 0.373046875 0.31640625 0.369140625 0.31640625 0.361328125 0.314453125 0.359375 0.314453125 0.357421875 0.3125 0.35546875 0.310546875 0.35546875 0.30859375 0.353515625
0 0.986328125 0.19140625 0.982421875 0.1953125 0.982421875 0.201171875 0.984375 0.203125 0.990234375 0.203125 0.994140625 0.19921875 0.994140625 0.1953125 0.990234375 0.19140625
0 0.61328125 0.0 0.611328125 0.001953125 0.611328125 0.00390625 0.609375 0.005859375 0.609375 0.009765625 0.62109375 0.009765625 0.623046875 0.0078125 0.623046875 0.005859375 0.62109375 0.00390625 0.62109375 0.001953125 0.619140625 0.0
1 0.5859375 0.640625 0.583984375 0.642578125 0.583984375 0.646484375 0.587890625 0.650390625 0.59375 0.650390625 0.59765625 0.646484375 0.59765625 0.642578125 0.595703125 0.640625
1 0.876953125 0.6328125 0.875 0.634765625 0.875 0.638671875 0.880859375 0.64453125 0.888671875 0.64453125 0.890625 0.642578125 0.890625 0.640625 0.892578125 0.638671875 0.892578125 0.634765625 0.890625 0.6328125
1 0.83203125 0.61328125 0.828125 0.6171875 0.828125 0.619140625 0.826171875 0.62109375 0.826171875 0.623046875 0.828125 0.625 0.828125 0.62890625 0.830078125 0.630859375 0.841796875 0.630859375 0.84765625 0.625 0.84765625 0.619140625 0.84375 0.615234375 0.841796875 0.615234375 0.83984375 0.61328125
1 0.4296875 0.591796875 0.4296875 0.59375 0.427734375 0.595703125 0.427734375 0.59765625 0.4296875 0.599609375 0.431640625 0.599609375 0.43359375 0.59765625 0.43359375 0.59375 0.431640625 0.591796875
1 0.767578125 0.455078125 0.765625 0.45703125 0.765625 0.474609375 0.767578125 0.4765625 0.783203125 0.4765625 0.78515625 0.474609375 0.78515625 0.4609375 0.783203125 0.458984375 0.783203125 0.45703125 0.78125 0.455078125 0.77734375 0.455078125 0.775390625 0.45703125 0.7734375 0.45703125 0.771484375 0.455078125
1 0.302734375 0.353515625 0.30078125 0.35546875 0.298828125 0.35546875 0.298828125 0.357421875 0.296875 0.359375 0.296875 0.365234375 0.298828125 0.3671875 0.298828125 0.37109375 0.30078125 0.37109375 0.302734375 0.373046875 0.3125 0.373046875 0.31640625 0.369140625 0.31640625 0.361328125 0.314453125 0.359375 0.314453125 0.357421875 0.3125 0.35546875 0.310546875 0.35546875 0.30859375 0.353515625
1 0.986328125 0.19140625 0.982421875 0.1953125 0.982421875 0.201171875 0.984375 0.203125 0.990234375 0.203125 0.994140625 0.19921875 0.994140625 0.1953125 0.990234375 0.19140625
1 0.61328125 0.0 0.611328125 0.001953125 0.611328125 0.00390625 0.609375 0.005859375 0.609375 0.009765625 0.62109375 0.009765625 0.623046875 0.0078125 0.623046875 0.005859375 0.62109375 0.00390625 0.62109375 0.001953125 0.619140625 0.0
