0 0.53515625 0.91015625 0.533203125 0.912109375 0.533203125 0.9140625 0.53125 0.916015625 0.53125 0.921875 0.533203125 0.923828125 0.5390625 0.923828125 0.541015625 0.921875 0.541015625 0.919921875 0.54296875 0.91796875 0.54296875 0.916015625 0.541015625 0.9140625 0.541015625 0.912109375 0.5390625 0.912109375 0.537109375 0.91015625
0 0.90234375 0.884765625 0.8984375 0.888671875 0.8984375 0.890625 0.896484375 0.892578125 0.896484375 0.89453125 0.89453125 0.896484375 0.89453125 0.8984375 0.892578125 0.900390625 0.89453125 0.90234375 0.89453125 0.90625 0.900390625 0.912109375 0.908203125 0.912109375 0.9140625 0.90625 0.9140625 0.90234375 0.916015625 0.900390625 0.916015625 0.890625 0.912109375 0.88671875 0.91015625 0.88671875 0.908203125 0.884765625
0 0.421875 0.6484375 0.419921875 0.650390625 0.412109375 0.650390625 0.41015625 0.65234375 0.408203125 0.65234375 0.404296875 0.65625 0.404296875 0.658203125 0.40234375 0.66015625 0.40234375 0.66796875 0.404296875 0.669921875 0.404296875 0.671875 0.41015625 0.677734375 0.412109375 0.677734375 0.4140625 0.6796875 0.427734375 0.6796875 0.4296875 0.677734375 0.4296875 0.67578125 0.431640625 0.673828125 0.431640625 0.669921875 0.43359375 0.66796875 0.43359375 0.66015625 0.431640625 0.658203125 0.431640625 0.654296875 0.427734375 0.650390625 0.42578125 0.650390625 0.423828125 0.6484375
0 0.37109375 0.392578125 0.37109375 0.396484375 0.369140625 0.3984375 0.369140625 0.400390625 0.37109375 0.40234375 0.37109375 0.408203125 0.373046875 0.41015625 0.375 0.41015625 0.376953125 0.412109375 0.37890625 0.412109375 0.380859375 0.4140625 0.388671875 0.4140625 0.39453125 0.408203125 0.39453125 0.40625 0.396484375 0.404296875 0.396484375 0.40234375 0.39453125 0.400390625 0.39453125 0.396484375 0.390625 0.392578125
0 0.892578125 0.3515625 0.890625 0.353515625 0.890625 0.359375 0.892578125 0.361328125 0.900390625 0.361328125 0.90234375 0.359375 0.90234375 0.35546875 0.8984375 0.3515625
0 0.525390625 0.322265625 0.525390625 0.33203125 0.52734375 0.333984375 0.533203125 0.333984375 0.533203125 0.32421875 0.53125 0.322265625
0 0.412109375 0.248046875 0.41015625 0.25 0.41015625 0.259765625 0.412109375 0.26171875 0.412109375 0.263671875 0.4140625 0.263671875 0.416015625 0.265625 0.42578125 0.265625 0.42578125 0.263671875 0.427734375 0.26171875 0.427734375 0.255859375 0.42578125 0.25390625 0.42578125 0.251953125 0.423828125 0.25 0.421875 0.25 0.419921875 0.248046875
0 0.5546875 0.19140625 0.5546875 0.193359375 0.552734375 0.1953125 0.552734375 0.19921875 0.55078125 0.201171875 0.55078125 0.203125 0.5546875 0.20703125 0.5546875 0.208984375 0.556640625 0.208984375 0.55859375 0.2109375 0.5625 0.2109375 0.564453125 0.208984375 0.56640625 0.208984375 0.572265625 0.203125 0.572265625 0.19921875 0.56640625 0.193359375 0.564453125 0.193359375 0.5625 0.19140625
0 0.6484375 0.134765625 0.646484375 0.13671875 0.646484375 0.146484375 0.6484375 0.1484375 0.654296875 0.1484375 0.658203125 0.14453125 0.658203125 0.138671875 0.654296875 0.134765625
0 0.54296875 0.130859375 0.541015625 0.1328125 0.5390625 0.1328125 0.537109375 0.134765625 0.537109375 0.142578125 0.5390625 0.14453125 0.541015625 0.14453125 0.54296875 0.146484375 0.55078125 0.146484375 0.552734375 0.14453125 0.5546875 0.14453125 0.5546875 0.142578125 0.556640625 0.140625 0.556640625 0.134765625 0.552734375 0.130859375
0 0.630859375 0.08984375 0.62890625 0.091796875 0.62890625 0.09375 0.630859375 0.095703125 0.63671875 0.095703125 0.638671875 0.09375 0.634765625 0.08984375
0 0.158203125 0.0859375 0.15625 0.087890625 0.15625 0.109375 0.16015625 0.11328125 0.1640625 0.11328125 0.166015625 0.111328125 0.166015625 0.109375 0.173828125 0.1015625 0.173828125 0.09375 0.16796875 0.087890625 0.1640625 0.087890625 0.162109375 0.0859375
0 0.564453125 0.0625 0.560546875 0.06640625 0.55859375 0.06640625 0.55859375 0.072265625 0.568359375 0.072265625 0.5703125 0.0703125 0.5703125 0.06640625 0.56640625 0.0625
0 0.2109375 0.04296875 0.20703125 0.046875 0.20703125 0.048828125 0.205078125 0.05078125 0.205078125 0.056640625 0.208984375 0.060546875 0.208984375 0.0625 0.2109375 0.064453125 0.2265625 0.064453125 0.228515625 0.0625 0.228515625 0.046875 0.224609375 0.04296875
0 0.669921875 0.037109375 0.66796875 0.0390625 0.6640625 0.0390625 0.65625 0.046875 0.654296875 0.046875 0.65234375 0.048828125 0.650390625 0.048828125 0.650390625 0.05078125 0.646484375 0.0546875 0.646484375 0.06640625 0.650390625 0.0703125 0.650390625 0.072265625 0.65234375 0.072265625 0.662109375 0.08203125 0.666015625 0.08203125 0.66796875 0.083984375 0.669921875 0.083984375 0.671875 0.0859375 0.673828125 0.0859375 0.67578125 0.087890625 0.677734375 0.087890625 0.681640625 0.091796875 0.693359375 0.091796875 0.6953125 0.08984375 0.697265625 0.08984375 0.703125 0.083984375 0.705078125 0.083984375 0.708984375 0.080078125 0.708984375 0.078125 0.7109375 0.076171875 0.7109375 0.07421875 0.712890625 0.072265625 0.71484375 0.072265625 0.71484375 0.064453125 0.712890625 0.0625 0.712890625 0.056640625 0.7109375 0.0546875 0.7109375 0.052734375 0.708984375 0.05078125 0.708984375 0.046875 0.70703125 0.044921875 0.70703125 0.04296875 0.703125 0.0390625 0.701171875 0.0390625 0.69921875 0.037109375
0 0.26171875 0.033203125 0.259765625 0.03515625 0.259765625 0.041015625 0.26171875 0.04296875 0.263671875 0.04296875 0.265625 0.041015625 0.267578125 0.041015625 0.267578125 0.033203125
1 0.53515625 0.91015625 0.533203125 0.912109375 0.533203125 0.9140625 0.53125 0.916015625 0.53125 0.921875 0.533203125 0.923828125 0.5390625 0.923828125 0.541015625 0.921875 0.541015625 0.919921875 0.54296875 0.91796875 0.54296875 0.916015625 0.541015625 0.9140625 0.541015625 0.912109375 0.5390625 0.912109375 0.537109375 0.91015625
1 0.90234375 0.884765625 0.8984375 0.888671875 0.8984375 0.890625 0.896484375 0.892578125 0.896484375 0.89453125 0.89453125 0.896484375 0.89453125 0.8984375 0.892578125 0.900390625 0.89453125 0.90234375 0.89453125 0.90625 0.900390625 0.912109375 0.908203125 0.912109375 0.9140625 0.90625 0.9140625 0.90234375 0.916015625 0.900390625 0.916015625 0.890625 0.912109375 0.88671875 0.91015625 0.88671875 0.908203125 0.884765625
1 0.421875 0.6484375 0.419921875 0.650390625 0.412109375 0.650390625 0.41015625 0.65234375 0.408203125 0.65234375 0.404296875 0.65625 0.404296875 0.658203125 0.40234375 0.66015625 0.40234375 0.66796875 0.404296875 0.669921875 0.404296875 0.671875 0.41015625 0.677734375 0.412109375 0.677734375 0.4140625 0.6796875 0.427734375 0.6796875 0.4296875 0.677734375 0.4296875 0.67578125 0.431640625 0.673828125 0.431640625 0.669921875 0.43359375 0.66796875 0.43359375 0.66015625 0.431640625 0.658203125 0.431640625 0.654296875 0.427734375 0.650390625 0.42578125 0.650390625 0.423828125 0.6484375
1 0.37109375 0.392578125 0.37109375 0.396484375 0.369140625 0.3984375 0.369140625 0.400390625 0.37109375 0.40234375 0.37109375 0.408203125 0.373046875 0.41015625 0.375 0.41015625 0.376953125 0.412109375 0.37890625 0.412109375 0.380859375 0.4140625 0.388671875 0.4140625 0.39453125 0.408203125 0.39453125 0.40625 0.396484375 0.404296875 0.396484375 0.40234375 0.39453125 0.400390625 0.39453125 0.396484375 0.390625 0.392578125
1 0.892578125 0.3515625 0.890625 0.353515625 0.890625 0.359375 0.892578125 0.361328125 0.900390625 0.361328125 0.90234375 0.359375 0.90234375 0.35546875 0.8984375 0.3515625
1 0.525390625 0.322265625 0.525390625 0.33203125 0.52734375 0.333984375 0.533203125 0.333984375 0.533203125 0.32421875 0.53125 0.322265625
1 0.412109375 0.248046875 0.41015625 0.25 0.41015625 0.259765625 0.412109375 0.26171875 0.412109375 0.263671875 0.4140625 0.263671875 0.416015625 0.265625 0.42578125 0.265625 0.42578125 0.263671875 0.427734375 0.26171875 0.427734375 0.255859375 0.42578125 0.25390625 0.42578125 0.251953125 0.423828125 0.25 0.421875 0.25 0.419921875 0.248046875
1 0.5546875 0.19140625 0.5546875 0.193359375 0.552734375 0.1953125 0.552734375 0.19921875 0.55078125 0.201171875 0.55078125 0.203125 0.5546875 0.20703125 0.5546875 0.208984375 0.556640625 0.208984375 0.55859375 0.2109375 0.5625 0.2109375 0.564453125 0.208984375 0.56640625 0.208984375 0.572265625 0.203125 0.572265625 0.19921875 0.56640625 0.193359375 0.564453125 0.193359375 0.5625 0.19140625
1 0.6484375 0.134765625 0.646484375 0.13671875 0.646484375 0.146484375 0.6484375 0.1484375 0.654296875 0.1484375 0.658203125 0.14453125 0.658203125 0.138671875 0.654296875 0.134765625
1 0.54296875 0.130859375 0.541015625 0.1328125 0.5390625 0.1328125 0.537109375 0.134765625 0.537109375 0.142578125 0.5390625 0.14453125 0.541015625 0.14453125 0.54296875 0.146484375 0.55078125 0.146484375 0.552734375 0.14453125 0.5546875 0.14453125 0.5546875 0.142578125 0.556640625 0.140625 0.556640625 0.134765625 0.552734375 0.130859375
1 0.630859375 0.08984375 0.62890625 0.091796875 0.62890625 0.09375 0.630859375 0.095703125 0.63671875 0.095703125 0.638671875 0.09375 0.634765625 0.08984375
1 0.158203125 0.0859375 0.15625 0.087890625 0.15625 0.109375 0.16015625 0.11328125 0.1640625 0.11328125 0.166015625 0.111328125 0.166015625 0.109375 0.173828125 0.1015625 0.173828125 0.09375 0.16796875 0.087890625 0.1640625 0.087890625 0.162109375 0.0859375
1 0.564453125 0.0625 0.560546875 0.06640625 0.55859375 0.06640625 0.55859375 0.072265625 0.568359375 0.072265625 0.5703125 0.0703125 0.5703125 0.06640625 0.56640625 0.0625
1 0.2109375 0.04296875 0.20703125 0.046875 0.20703125 0.048828125 0.205078125 0.05078125 0.205078125 0.056640625 0.208984375 0.060546875 0.208984375 0.0625 0.2109375 0.064453125 0.2265625 0.064453125 0.228515625 0.0625 0.228515625 0.046875 0.224609375 0.04296875
1 0.669921875 0.037109375 0.66796875 0.0390625 0.6640625 0.0390625 0.65625 0.046875 0.654296875 0.046875 0.65234375 0.048828125 0.650390625 0.048828125 0.650390625 0.05078125 0.646484375 0.0546875 0.646484375 0.06640625 0.650390625 0.0703125 0.650390625 0.072265625 0.65234375 0.072265625 0.662109375 0.08203125 0.666015625 0.08203125 0.66796875 0.083984375 0.669921875 0.083984375 0.671875 0.0859375 0.673828125 0.0859375 0.67578125 0.087890625 0.677734375 0.087890625 0.681640625 0.091796875 0.693359375 0.091796875 0.6953125 0.08984375 0.697265625 0.08984375 0.703125 0.083984375 0.705078125 0.083984375 0.708984375 0.080078125 0.708984375 0.078125 0.7109375 0.076171875 0.7109375 0.07421875 0.712890625 0.072265625 0.71484375 0.072265625 0.71484375 0.064453125 0.712890625 0.0625 0.712890625 0.056640625 0.7109375 0.0546875 0.7109375 0.052734375 0.708984375 0.05078125 0.708984375 0.046875 0.70703125 0.044921875 0.70703125 0.04296875 0.703125 0.0390625 0.701171875 0.0390625 0.69921875 0.037109375
1 0.26171875 0.033203125 0.259765625 0.03515625 0.259765625 0.041015625 0.26171875 0.04296875 0.263671875 0.04296875 0.265625 0.041015625 0.267578125 0.041015625 0.267578125 0.033203125
