0 0.7734375 0.837890625 0.771484375 0.83984375 0.76953125 0.83984375 0.76953125 0.845703125 0.771484375 0.845703125 0.775390625 0.849609375 0.78125 0.849609375 0.78515625 0.845703125 0.78515625 0.83984375 0.783203125 0.837890625
0 0.642578125 0.779296875 0.640625 0.78125 0.638671875 0.78125 0.638671875 0.78515625 0.634765625 0.7890625 0.634765625 0.802734375 0.638671875 0.806640625 0.638671875 0.810546875 0.642578125 0.810546875 0.64453125 0.8125 0.650390625 0.8125 0.65234375 0.810546875 0.662109375 0.810546875 0.662109375 0.80859375 0.6640625 0.806640625 0.666015625 0.806640625 0.669921875 0.802734375 0.669921875 0.796875 0.671875 0.794921875 0.671875 0.791015625 0.669921875 0.7890625 0.669921875 0.78515625 0.66796875 0.78515625 0.666015625 0.783203125 0.666015625 0.78125 0.66015625 0.78125 0.658203125 0.779296875
0 0.375 0.734375 0.373046875 0.736328125 0.373046875 0.75 0.375 0.751953125 0.3828125 0.751953125 0.384765625 0.75 0.38671875 0.75 0.38671875 0.736328125 0.384765625 0.736328125 0.3828125 0.734375
0 0.986328125 0.724609375 0.984375 0.7265625 0.984375 0.734375 0.9921875 0.734375 0.9921875 0.724609375
0 0.49609375 0.626953125 0.4921875 0.630859375 0.490234375 0.630859375 0.490234375 0.642578125 0.4921875 0.642578125 0.494140625 0.64453125 0.5 0.64453125 0.501953125 0.642578125 0.50390625 0.642578125 0.50390625 0.640625 0.505859375 0.638671875 0.505859375 0.630859375 0.501953125 0.626953125
0 0.12890625 0.587890625 0.126953125 0.58984375 0.126953125 0.595703125 0.12890625 0.59765625 0.12890625 0.599609375 0.13671875 0.599609375 0.13671875 0.59765625 0.138671875 0.595703125 0.138671875 0.58984375 0.13671875 0.587890625
0 0.302734375 0.568359375 0.30078125 0.5703125 0.29296875 0.5703125 0.291015625 0.572265625 0.2890625 0.572265625 0.2890625 0.583984375 0.291015625 0.583984375 0.29296875 0.5859375 0.306640625 0.5859375 0.30859375 0.583984375 0.30859375 0.572265625 0.306640625 0.5703125 0.306640625 0.568359375
0 0.3125 0.52734375 0.3125 0.529296875 0.310546875 0.53125 0.30859375 0.53125 0.306640625 0.533203125 0.3046875 0.533203125 0.3046875 0.546875 0.306640625 0.546875 0.30859375 0.548828125 0.310546875 0.548828125 0.3125 0.55078125 0.318359375 0.55078125 0.3203125 0.548828125 0.32421875 0.548828125 0.326171875 0.546875 0.326171875 0.544921875 0.328125 0.54296875 0.328125 0.53125 0.326171875 0.529296875 0.326171875 0.52734375
0 0.5234375 0.5234375 0.521484375 0.525390625 0.521484375 0.53125 0.5234375 0.533203125 0.52734375 0.533203125 0.52734375 0.525390625 0.525390625 0.5234375
1 0.7734375 0.837890625 0.771484375 0.83984375 0.76953125 0.83984375 0.76953125 0.845703125 0.771484375 0.845703125 0.775390625 0.849609375 0.78125 0.849609375 0.78515625 0.845703125 0.78515625 0.83984375 0.783203125 0.837890625
1 0.642578125 0.779296875 0.640625 0.78125 0.638671875 0.78125 0.638671875 0.78515625 0.634765625 0.7890625 0.634765625 0.802734375 0.638671875 0.806640625 0.638671875 0.810546875 0.642578125 0.810546875 0.64453125 0.8125 0.650390625 0.8125 0.65234375 0.810546875 0.662109375 0.810546875 0.662109375 0.80859375 0.6640625 0.806640625 0.666015625 0.806640625 0.669921875 0.802734375 0.669921875 0.796875 0.671875 0.794921875 0.671875 0.791015625 0.669921875 0.7890625 0.669921875 0.78515625 0.66796875 0.78515625 0.666015625 0.783203125 0.666015625 0.78125 0.66015625 0.78125 0.658203125 0.779296875
1 0.375 0.734375 0.373046875 0.736328125 0.373046875 0.75 0.375 0.751953125 0.3828125 0.751953125 0.384765625 0.75 0.38671875 0.75 0.38671875 0.736328125 0.384765625 0.736328125 0.3828125 0.734375
1 0.986328125 0.724609375 0.984375 0.7265625 0.984375 0.734375 0.9921875 0.734375 0.9921875 0.724609375
1 0.49609375 0.626953125 0.4921875 0.630859375 0.490234375 0.630859375 0.490234375 0.642578125 0.4921875 0.642578125 0.494140625 0.64453125 0.5 0.64453125 0.501953125 0.642578125 0.50390625 0.642578125 0.50390625 0.640625 0.505859375 0.638671875 0.505859375 0.630859375 0.501953125 0.626953125
1 0.12890625 0.587890625 0.126953125 0.58984375 0.126953125 0.595703125 0.12890625 0.59765625 0.12890625 0.599609375 0.13671875 0.599609375 0.13671875 0.59765625 0.138671875 0.595703125 0.138671875 0.58984375 0.13671875 0.587890625
1 0.302734375 0.568359375 0.30078125 0.5703125 0.29296875 0.5703125 0.291015625 0.572265625 0.2890625 0.572265625 0.2890625 0.583984375 0.291015625 0.583984375 0.29296875 0.5859375 0.306640625 0.5859375 0.30859375 0.583984375 0.30859375 0.572265625 0.306640625 0.5703125 0.306640625 0.568359375
1 0.3125 0.52734375 0.3125 0.529296875 0.310546875 0.53125 0.30859375 0.53125 0.306640625 0.533203125 0.3046875 0.533203125 0.3046875 0.546875 0.306640625 0.546875 0.30859375 0.548828125 0.310546875 0.548828125 0.3125 0.55078125 0.318359375 0.55078125 0.3203125 0.548828125 0.32421875 0.548828125 0.326171875 0.546875 0.326171875 0.544921875 0.328125 0.54296875 0.328125 0.53125 0.326171875 0.529296875 0.326171875 0.52734375
1 0.5234375 0.5234375 0.521484375 0.525390625 0.521484375 0.53125 0.5234375 0.533203125 0.52734375 0.533203125 0.52734375 0.525390625 0.525390625 0.5234375
