0 0.271484375 0.978515625 0.26953125 0.98046875 0.267578125 0.98046875 0.263671875 0.984375 0.263671875 0.986328125 0.265625 0.98828125 0.265625 0.99609375 0.267578125 0.99609375 0.26953125 0.998046875 0.27734375 0.998046875 0.279296875 0.99609375 0.283203125 0.99609375 0.283203125 0.986328125 0.27734375 0.98046875 0.275390625 0.98046875 0.2734375 0.978515625
0 0.23828125 0.93359375 0.232421875 0.939453125 0.232421875 0.94140625 0.234375 0.943359375 0.236328125 0.943359375 0.23828125 0.9453125 0.2421875 0.9453125 0.24609375 0.94140625 0.24609375 0.939453125 0.244140625 0.9375 0.244140625 0.935546875 0.2421875 0.935546875 0.240234375 0.93359375
0 0.787109375 0.8359375 0.78515625 0.837890625 0.78515625 0.83984375 0.783203125 0.841796875 0.783203125 0.8515625 0.78515625 0.853515625 0.78515625 0.85546875 0.798828125 0.85546875 0.80078125 0.853515625 0.80078125 0.8515625 0.802734375 0.849609375 0.802734375 0.84375 0.80078125 0.841796875 0.80078125 0.83984375 0.798828125 0.837890625 0.794921875 0.837890625 0.79296875 0.8359375
0 0.74609375 0.814453125 0.744140625 0.81640625 0.744140625 0.8203125 0.74609375 0.822265625 0.74609375 0.82421875 0.748046875 0.826171875 0.751953125 0.826171875 0.751953125 0.82421875 0.75390625 0.822265625 0.75390625 0.814453125
0 0.5546875 0.771484375 0.552734375 0.7734375 0.55078125 0.7734375 0.548828125 0.775390625 0.546875 0.775390625 0.544921875 0.77734375 0.544921875 0.78125 0.548828125 0.78515625 0.55859375 0.78515625 0.55859375 0.783203125 0.560546875 0.78125 0.560546875 0.775390625 0.55859375 0.7734375 0.556640625 0.7734375
0 0.267578125 0.728515625 0.263671875 0.732421875 0.26171875 0.732421875 0.2578125 0.736328125 0.2578125 0.740234375 0.255859375 0.7421875 0.255859375 0.744140625 0.25390625 0.74609375 0.25390625 0.7578125 0.2578125 0.76171875 0.2578125 0.763671875 0.259765625 0.765625 0.263671875 0.765625 0.265625 0.767578125 0.265625 0.76953125 0.26953125 0.7734375 0.26953125 0.775390625 0.271484375 0.775390625 0.2734375 0.77734375 0.27734375 0.77734375 0.279296875 0.779296875 0.287109375 0.779296875 0.291015625 0.775390625 0.29296875 0.775390625 0.29296875 0.7734375 0.294921875 0.771484375 0.294921875 0.76953125 0.296875 0.767578125 0.296875 0.765625 0.30078125 0.76171875 0.30078125 0.755859375 0.29296875 0.748046875 0.29296875 0.734375 0.2890625 0.73046875 0.287109375 0.73046875 0.28515625 0.728515625
0 0.353515625 0.689453125 0.3515625 0.69140625 0.3515625 0.6953125 0.353515625 0.697265625 0.359375 0.697265625 0.359375 0.689453125
0 0.990234375 0.4921875 0.98828125 0.494140625 0.98828125 0.5 0.990234375 0.501953125 0.994140625 0.501953125 0.994140625 0.4921875
1 0.271484375 0.978515625 0.26953125 0.98046875 0.267578125 0.98046875 0.263671875 0.984375 0.263671875 0.986328125 0.265625 0.98828125 0.265625 0.99609375 0.267578125 0.99609375 0.26953125 0.998046875 0.27734375 0.998046875 0.279296875 0.99609375 0.283203125 0.99609375 0.283203125 0.986328125 0.27734375 0.98046875 0.275390625 0.98046875 0.2734375 0.978515625
1 0.23828125 0.93359375 0.232421875 0.939453125 0.232421875 0.94140625 0.234375 0.943359375 0.236328125 0.943359375 0.23828125 0.9453125 0.2421875 0.9453125 0.24609375 0.94140625 0.24609375 0.939453125 0.244140625 0.9375 0.244140625 0.935546875 0.2421875 0.935546875 0.240234375 0.93359375
1 0.787109375 0.8359375 0.78515625 0.837890625 0.78515625 0.83984375 0.783203125 0.841796875 0.783203125 0.8515625 0.78515625 0.853515625 0.78515625 0.85546875 0.798828125 0.85546875 0.80078125 0.853515625 0.80078125 0.8515625 0.802734375 0.849609375 0.802734375 0.84375 0.80078125 0.841796875 0.80078125 0.83984375 0.798828125 0.837890625 0.794921875 0.837890625 0.79296875 0.8359375
1 0.74609375 0.814453125 0.744140625 0.81640625 0.744140625 0.8203125 0.74609375 0.822265625 0.74609375 0.82421875 0.748046875 0.826171875 0.751953125 0.826171875 0.751953125 0.82421875 0.75390625 0.822265625 0.75390625 0.814453125
1 0.5546875 0.771484375 0.552734375 0.7734375 0.55078125 0.7734375 0.548828125 0.775390625 0.546875 0.775390625 0.544921875 0.77734375 0.544921875 0.78125 0.548828125 0.78515625 0.55859375 0.78515625 0.55859375 0.783203125 0.560546875 0.78125 0.560546875 0.775390625 0.55859375 0.7734375 0.556640625 0.7734375
1 0.267578125 0.728515625 0.263671875 0.732421875 0.26171875 0.732421875 0.2578125 0.736328125 0.2578125 0.740234375 0.255859375 0.7421875 0.255859375 0.744140625 0.25390625 0.74609375 0.25390625 0.7578125 0.2578125 0.76171875 0.2578125 0.763671875 0.259765625 0.765625 0.263671875 0.765625 0.265625 0.767578125 0.265625 0.76953125 0.26953125 0.7734375 0.26953125 0.775390625 0.271484375 0.775390625 0.2734375 0.77734375 0.27734375 0.77734375 0.279296875 0.779296875 0.287109375 0.779296875 0.291015625 0.775390625 0.29296875 0.775390625 0.29296875 0.7734375 0.294921875 0.771484375 0.294921875 0.76953125 0.296875 0.767578125 0.296875 0.765625 0.30078125 0.76171875 0.30078125 0.755859375 0.29296875 0.748046875 0.29296875 0.734375 0.2890625 0.73046875 0.287109375 0.73046875 0.28515625 0.728515625
1 0.353515625 0.689453125 0.3515625 0.69140625 0.3515625 0.6953125 0.353515625 0.697265625 0.359375 0.697265625 0.359375 0.689453125
1 0.990234375 0.4921875 0.98828125 0.494140625 0.98828125 0.5 0.990234375 0.501953125 0.994140625 0.501953125 0.994140625 0.4921875
