0 0.265625 0.283203125 0.265625 0.28515625 0.263671875 0.287109375 0.263671875 0.291015625 0.265625 0.29296875 0.265625 0.294921875 0.2734375 0.294921875 0.275390625 0.29296875 0.275390625 0.287109375 0.271484375 0.283203125
0 0.20703125 0.283203125 0.203125 0.287109375 0.203125 0.2890625 0.201171875 0.291015625 0.201171875 0.298828125 0.20703125 0.3046875 0.208984375 0.3046875 0.2109375 0.306640625 0.21875 0.306640625 0.220703125 0.3046875 0.224609375 0.3046875 0.2265625 0.302734375 0.228515625 0.302734375 0.234375 0.296875 0.234375 0.294921875 0.236328125 0.29296875 0.236328125 0.2890625 0.234375 0.287109375 0.234375 0.28515625 0.232421875 0.28515625 0.23046875 0.283203125
0 0.31640625 0.2265625 0.314453125 0.228515625 0.3125 0.228515625 0.310546875 0.23046875 0.310546875 0.232421875 0.30859375 0.234375 0.3125 0.23828125 0.3203125 0.23828125 0.322265625 0.236328125 0.32421875 0.236328125 0.32421875 0.228515625 0.322265625 0.228515625 0.3203125 0.2265625
0 0.76953125 0.1484375 0.76953125 0.150390625 0.767578125 0.15234375 0.767578125 0.15625 0.76953125 0.158203125 0.77734375 0.158203125 0.77734375 0.150390625 0.775390625 0.1484375
0 0.392578125 0.091796875 0.390625 0.09375 0.388671875 0.09375 0.384765625 0.09765625 0.384765625 0.109375 0.388671875 0.11328125 0.390625 0.11328125 0.396484375 0.107421875 0.3984375 0.107421875 0.400390625 0.10546875 0.40234375 0.10546875 0.40234375 0.095703125 0.400390625 0.09375 0.400390625 0.091796875
0 0.345703125 0.072265625 0.34375 0.07421875 0.34375 0.078125 0.3515625 0.078125 0.353515625 0.076171875 0.349609375 0.072265625
1 0.265625 0.283203125 0.265625 0.28515625 0.263671875 0.287109375 0.263671875 0.291015625 0.265625 0.29296875 0.265625 0.294921875 0.2734375 0.294921875 0.275390625 0.29296875 0.275390625 0.287109375 0.271484375 0.283203125
1 0.20703125 0.283203125 0.203125 0.287109375 0.203125 0.2890625 0.201171875 0.291015625 0.201171875 0.298828125 0.20703125 0.3046875 0.208984375 0.3046875 0.2109375 0.306640625 0.21875 0.306640625 0.220703125 0.3046875 0.224609375 0.3046875 0.2265625 0.302734375 0.228515625 0.302734375 0.234375 0.296875 0.234375 0.294921875 0.236328125 0.29296875 0.236328125 0.2890625 0.234375 0.287109375 0.234375 0.28515625 0.232421875 0.28515625 0.23046875 0.283203125
1 0.31640625 0.2265625 0.314453125 0.228515625 0.3125 0.228515625 0.310546875 0.23046875 0.310546875 0.232421875 0.30859375 0.234375 0.3125 0.23828125 0.3203125 0.23828125 0.322265625 0.236328125 0.32421875 0.236328125 0.32421875 0.228515625 0.322265625 0.228515625 0.3203125 0.2265625
1 0.76953125 0.1484375 0.76953125 0.150390625 0.767578125 0.15234375 0.767578125 0.15625 0.76953125 0.158203125 0.77734375 0.158203125 0.77734375 0.150390625 0.775390625 0.1484375
1 0.392578125 0.091796875 0.390625 0.09375 0.388671875 0.09375 0.384765625 0.09765625 0.384765625 0.109375 0.388671875 0.11328125 0.390625 0.11328125 0.396484375 0.107421875 0.3984375 0.107421875 0.400390625 0.10546875 0.40234375 0.10546875 0.40234375 0.095703125 0.400390625 0.09375 0.400390625 0.091796875
1 0.345703125 0.072265625 0.34375 0.07421875 0.34375 0.078125 0.3515625 0.078125 0.353515625 0.076171875 0.349609375 0.072265625
