0 0.1015625 0.966796875 0.099609375 0.96875 0.099609375 0.974609375 0.1015625 0.9765625 0.1015625 0.978515625 0.103515625 0.978515625 0.107421875 0.982421875 0.111328125 0.982421875 0.115234375 0.978515625 0.115234375 0.97265625 0.109375 0.966796875
0 0.318359375 0.8671875 0.314453125 0.87109375 0.314453125 0.876953125 0.31640625 0.87890625 0.31640625 0.880859375 0.318359375 0.8828125 0.328125 0.8828125 0.330078125 0.880859375 0.33203125 0.880859375 0.33203125 0.876953125 0.333984375 0.875 0.33203125 0.873046875 0.33203125 0.87109375 0.328125 0.8671875
0 0.134765625 0.849609375 0.134765625 0.8515625 0.1328125 0.853515625 0.1328125 0.86328125 0.134765625 0.865234375 0.142578125 0.865234375 0.1484375 0.859375 0.1484375 0.85546875 0.142578125 0.849609375
0 0.65234375 0.775390625 0.650390625 0.77734375 0.650390625 0.78515625 0.654296875 0.78515625 0.65625 0.787109375 0.658203125 0.787109375 0.66015625 0.78515625 0.662109375 0.78515625 0.6640625 0.783203125 0.6640625 0.78125 0.662109375 0.779296875 0.662109375 0.77734375 0.66015625 0.775390625
0 0.34375 0.72265625 0.341796875 0.724609375 0.33984375 0.724609375 0.3359375 0.728515625 0.3359375 0.73046875 0.333984375 0.732421875 0.333984375 0.740234375 0.3359375 0.7421875 0.337890625 0.7421875 0.33984375 0.744140625 0.341796875 0.7421875 0.3515625 0.7421875 0.353515625 0.740234375 0.353515625 0.73828125 0.35546875 0.736328125 0.35546875 0.732421875 0.353515625 0.73046875 0.353515625 0.728515625 0.34765625 0.72265625
0 0.47265625 0.609375 0.470703125 0.611328125 0.470703125 0.61328125 0.46875 0.615234375 0.46875 0.6171875 0.470703125 0.619140625 0.474609375 0.619140625 0.478515625 0.615234375 0.478515625 0.609375
0 0.873046875 0.5390625 0.87109375 0.541015625 0.869140625 0.541015625 0.8671875 0.54296875 0.865234375 0.54296875 0.865234375 0.548828125 0.8671875 0.55078125 0.8671875 0.5546875 0.87109375 0.55859375 0.873046875 0.55859375 0.875 0.560546875 0.88671875 0.560546875 0.888671875 0.55859375 0.890625 0.55859375 0.89453125 0.5546875 0.896484375 0.5546875 0.896484375 0.548828125 0.892578125 0.544921875 0.892578125 0.54296875 0.890625 0.541015625 0.88671875 0.541015625 0.884765625 0.5390625
0 0.0859375 0.458984375 0.083984375 0.4609375 0.08203125 0.4609375 0.08203125 0.466796875 0.0859375 0.470703125 0.087890625 0.46875 0.08984375 0.46875 0.091796875 0.466796875 0.091796875 0.4609375 0.08984375 0.4609375 0.087890625 0.458984375
0 0.048828125 0.197265625 0.046875 0.19921875 0.041015625 0.19921875 0.03515625 0.205078125 0.033203125 0.205078125 0.029296875 0.208984375 0.02734375 0.208984375 0.02734375 0.2109375 0.025390625 0.212890625 0.025390625 0.224609375 0.02734375 0.2265625 0.02734375 0.228515625 0.029296875 0.23046875 0.03125 0.23046875 0.033203125 0.232421875 0.03515625 0.232421875 0.037109375 0.234375 0.04296875 0.234375 0.044921875 0.232421875 0.05078125 0.232421875 0.0546875 0.228515625 0.0546875 0.224609375 0.056640625 0.22265625 0.056640625 0.21875 0.05859375 0.216796875 0.05859375 0.203125 0.0546875 0.19921875 0.052734375 0.19921875 0.05078125 0.197265625
0 0.03125 0.05078125 0.029296875 0.052734375 0.029296875 0.0546875 0.03125 0.056640625 0.03125 0.05859375 0.033203125 0.060546875 0.03515625 0.060546875 0.0390625 0.056640625 0.0390625 0.0546875 0.03515625 0.05078125
1 0.1015625 0.966796875 0.099609375 0.96875 0.099609375 0.974609375 0.1015625 0.9765625 0.1015625 0.978515625 0.103515625 0.978515625 0.107421875 0.982421875 0.111328125 0.982421875 0.115234375 0.978515625 0.115234375 0.97265625 0.109375 0.966796875
1 0.318359375 0.8671875 0.314453125 0.87109375 0.314453125 0.876953125 0.31640625 0.87890625 0.31640625 0.880859375 0.318359375 0.8828125 0.328125 0.8828125 0.330078125 0.880859375 0.33203125 0.880859375 0.33203125 0.876953125 0.333984375 0.875 0.33203125 0.873046875 0.33203125 0.87109375 0.328125 0.8671875
1 0.134765625 0.849609375 0.134765625 0.8515625 0.1328125 0.853515625 0.1328125 0.86328125 0.134765625 0.865234375 0.142578125 0.865234375 0.1484375 0.859375 0.1484375 0.85546875 0.142578125 0.849609375
1 0.65234375 0.775390625 0.650390625 0.77734375 0.650390625 0.78515625 0.654296875 0.78515625 0.65625 0.787109375 0.658203125 0.787109375 0.66015625 0.78515625 0.662109375 0.78515625 0.6640625 0.783203125 0.6640625 0.78125 0.662109375 0.779296875 0.662109375 0.77734375 0.66015625 0.775390625
1 0.34375 0.72265625 0.341796875 0.724609375 0.33984375 0.724609375 0.3359375 0.728515625 0.3359375 0.73046875 0.333984375 0.732421875 0.333984375 0.740234375 0.3359375 0.7421875 0.337890625 0.7421875 0.33984375 0.744140625 0.341796875 0.7421875 0.3515625 0.7421875 0.353515625 0.740234375 0.353515625 0.73828125 0.35546875 0.736328125 0.35546875 0.732421875 0.353515625 0.73046875 0.353515625 0.728515625 0.34765625 0.72265625
1 0.47265625 0.609375 0.470703125 0.611328125 0.470703125 0.61328125 0.46875 0.615234375 0.46875 0.6171875 0.470703125 0.619140625 0.474609375 0.619140625 0.478515625 0.615234375 0.478515625 0.609375
1 0.873046875 0.5390625 0.87109375 0.541015625 0.869140625 0.541015625 0.8671875 0.54296875 0.865234375 0.54296875 0.865234375 0.548828125 0.8671875 0.55078125 0.8671875 0.5546875 0.87109375 0.55859375 0.873046875 0.55859375 0.875 0.560546875 0.88671875 0.560546875 0.888671875 0.55859375 0.890625 0.55859375 0.89453125 0.5546875 0.896484375 0.5546875 0.896484375 0.548828125 0.892578125 0.544921875 0.892578125 0.54296875 0.890625 0.541015625 0.88671875 0.541015625 0.884765625 0.5390625
1 0.0859375 0.458984375 0.083984375 0.4609375 0.08203125 0.4609375 0.08203125 0.466796875 0.0859375 0.470703125 0.087890625 0.46875 0.08984375 0.46875 0.091796875 0.466796875 0.091796875 0.4609375 0.08984375 0.4609375 0.087890625 0.458984375
1 0.048828125 0.197265625 0.046875 0.19921875 0.041015625 0.19921875 0.03515625 0.205078125 0.033203125 0.205078125 0.029296875 0.208984375 0.02734375 0.208984375 0.02734375 0.2109375 0.025390625 0.212890625 0.025390625 0.224609375 0.02734375 0.2265625 0.02734375 0.228515625 0.029296875 0.23046875 0.03125 0.23046875 0.033203125 0.232421875 0.03515625 0.232421875 0.037109375 0.234375 0.04296875 0.234375 0.044921875 0.232421875 0.05078125 0.232421875 0.0546875 0.228515625 0.0546875 0.224609375 0.056640625 0.22265625 0.056640625 0.21875 0.05859375 0.216796875 0.05859375 0.203125 0.0546875 0.19921875 0.052734375 0.19921875 0.05078125 0.197265625
1 0.03125 0.05078125 0.029296875 0.052734375 0.029296875 0.0546875 0.03125 0.056640625 0.03125 0.05859375 0.033203125 0.060546875 0.03515625 0.060546875 0.0390625 0.056640625 0.0390625 0.0546875 0.03515625 0.05078125
