0 0.91015625 0.927734375 0.908203125 0.9296875 0.90625 0.9296875 0.904296875 0.931640625 0.904296875 0.94140625 0.908203125 0.9453125 0.916015625 0.9453125 0.91796875 0.943359375 0.919921875 0.943359375 0.923828125 0.939453125 0.923828125 0.93359375 0.921875 0.931640625 0.921875 0.9296875 0.919921875 0.927734375
0 0.15234375 0.853515625 0.150390625 0.85546875 0.1484375 0.85546875 0.1484375 0.857421875 0.146484375 0.859375 0.146484375 0.865234375 0.150390625 0.869140625 0.154296875 0.869140625 0.15625 0.8671875 0.16015625 0.8671875 0.162109375 0.865234375 0.162109375 0.859375 0.16015625 0.857421875 0.16015625 0.85546875 0.158203125 0.853515625
0 0.083984375 0.845703125 0.08203125 0.84765625 0.08203125 0.849609375 0.083984375 0.8515625 0.0859375 0.8515625 0.087890625 0.849609375 0.087890625 0.84765625 0.0859375 0.845703125
0 0.32421875 0.841796875 0.3203125 0.845703125 0.3203125 0.8515625 0.322265625 0.8515625 0.32421875 0.853515625 0.328125 0.853515625 0.33203125 0.849609375 0.33203125 0.845703125 0.328125 0.841796875
0 0.37109375 0.818359375 0.369140625 0.8203125 0.361328125 0.8203125 0.357421875 0.82421875 0.357421875 0.83203125 0.35546875 0.833984375 0.35546875 0.8359375 0.357421875 0.837890625 0.3671875 0.837890625 0.369140625 0.83984375 0.376953125 0.83984375 0.37890625 0.837890625 0.37890625 0.8359375 0.384765625 0.830078125 0.384765625 0.82421875 0.380859375 0.8203125 0.37890625 0.8203125 0.376953125 0.818359375
0 0.291015625 0.80078125 0.287109375 0.8046875 0.287109375 0.806640625 0.28125 0.8125 0.28125 0.814453125 0.279296875 0.81640625 0.279296875 0.822265625 0.28125 0.82421875 0.28125 0.826171875 0.28515625 0.830078125 0.28515625 0.83203125 0.287109375 0.833984375 0.302734375 0.833984375 0.3046875 0.83203125 0.306640625 0.83203125 0.30859375 0.830078125 0.310546875 0.830078125 0.31640625 0.82421875 0.31640625 0.8203125 0.318359375 0.818359375 0.318359375 0.81640625 0.31640625 0.814453125 0.31640625 0.8125 0.3125 0.80859375 0.3125 0.806640625 0.30859375 0.802734375 0.3046875 0.802734375 0.302734375 0.80078125
0 0.955078125 0.771484375 0.951171875 0.775390625 0.951171875 0.78515625 0.953125 0.787109375 0.95703125 0.787109375 0.962890625 0.78125 0.962890625 0.7734375 0.9609375 0.771484375
0 0.443359375 0.755859375 0.439453125 0.759765625 0.439453125 0.763671875 0.4375 0.765625 0.4375 0.76953125 0.439453125 0.771484375 0.439453125 0.775390625 0.44140625 0.77734375 0.44140625 0.779296875 0.4453125 0.779296875 0.447265625 0.78125 0.44921875 0.779296875 0.453125 0.779296875 0.45703125 0.775390625 0.45703125 0.7734375 0.458984375 0.771484375 0.458984375 0.765625 0.44921875 0.755859375
0 0.873046875 0.650390625 0.869140625 0.654296875 0.869140625 0.65625 0.865234375 0.66015625 0.865234375 0.662109375 0.86328125 0.6640625 0.86328125 0.673828125 0.865234375 0.67578125 0.8671875 0.67578125 0.869140625 0.677734375 0.875 0.677734375 0.87890625 0.673828125 0.880859375 0.673828125 0.8828125 0.671875 0.8828125 0.669921875 0.888671875 0.6640625 0.888671875 0.650390625
0 0.95703125 0.556640625 0.955078125 0.55859375 0.953125 0.55859375 0.94921875 0.5625 0.94921875 0.568359375 0.953125 0.572265625 0.962890625 0.572265625 0.96484375 0.5703125 0.96484375 0.568359375 0.962890625 0.56640625 0.962890625 0.560546875 0.958984375 0.556640625
0 0.298828125 0.55078125 0.294921875 0.5546875 0.294921875 0.556640625 0.29296875 0.55859375 0.29296875 0.5625 0.294921875 0.564453125 0.302734375 0.564453125 0.3046875 0.5625 0.3046875 0.556640625 0.302734375 0.5546875 0.302734375 0.552734375 0.30078125 0.55078125
0 0.0625 0.53125 0.0546875 0.5390625 0.0546875 0.54296875 0.056640625 0.544921875 0.06640625 0.544921875 0.068359375 0.54296875 0.068359375 0.541015625 0.0703125 0.5390625 0.0703125 0.533203125 0.068359375 0.53125
0 0.263671875 0.52734375 0.26171875 0.529296875 0.259765625 0.529296875 0.2578125 0.53125 0.2578125 0.5390625 0.26171875 0.54296875 0.263671875 0.54296875 0.265625 0.544921875 0.275390625 0.544921875 0.27734375 0.54296875 0.27734375 0.541015625 0.275390625 0.5390625 0.275390625 0.537109375 0.2734375 0.53515625 0.2734375 0.533203125 0.26953125 0.529296875 0.267578125 0.529296875 0.265625 0.52734375
0 0.048828125 0.494140625 0.044921875 0.498046875 0.044921875 0.509765625 0.046875 0.51171875 0.0546875 0.51171875 0.060546875 0.505859375 0.060546875 0.498046875 0.05859375 0.49609375 0.056640625 0.49609375 0.0546875 0.494140625
0 0.326171875 0.474609375 0.32421875 0.4765625 0.322265625 0.4765625 0.31640625 0.482421875 0.31640625 0.4921875 0.318359375 0.494140625 0.318359375 0.49609375 0.3203125 0.49609375 0.322265625 0.498046875 0.326171875 0.498046875 0.328125 0.49609375 0.330078125 0.49609375 0.33203125 0.494140625 0.333984375 0.494140625 0.3359375 0.4921875 0.337890625 0.4921875 0.33984375 0.490234375 0.33984375 0.48046875 0.3359375 0.4765625 0.330078125 0.4765625 0.328125 0.474609375
0 0.4921875 0.421875 0.490234375 0.423828125 0.48828125 0.423828125 0.486328125 0.42578125 0.484375 0.42578125 0.482421875 0.427734375 0.48046875 0.427734375 0.478515625 0.4296875 0.4765625 0.4296875 0.470703125 0.435546875 0.470703125 0.4375 0.46875 0.439453125 0.46875 0.4453125 0.470703125 0.447265625 0.470703125 0.44921875 0.47265625 0.451171875 0.47265625 0.453125 0.478515625 0.458984375 0.478515625 0.46484375 0.48046875 0.466796875 0.48046875 0.470703125 0.484375 0.474609375 0.490234375 0.474609375 0.4921875 0.4765625 0.498046875 0.4765625 0.5 0.478515625 0.5078125 0.478515625 0.509765625 0.4765625 0.51171875 0.4765625 0.51171875 0.474609375 0.517578125 0.46875 0.51953125 0.46875 0.5234375 0.46484375 0.5234375 0.462890625 0.525390625 0.4609375 0.525390625 0.45703125 0.52734375 0.455078125 0.52734375 0.443359375 0.525390625 0.44140625 0.525390625 0.439453125 0.5234375 0.4375 0.5234375 0.43359375 0.521484375 0.43359375 0.515625 0.427734375 0.513671875 0.427734375 0.51171875 0.42578125 0.5078125 0.42578125 0.505859375 0.423828125 0.501953125 0.423828125 0.5 0.421875
0 0.509765625 0.390625 0.5078125 0.392578125 0.505859375 0.392578125 0.501953125 0.396484375 0.501953125 0.3984375 0.5 0.400390625 0.5 0.404296875 0.50390625 0.408203125 0.505859375 0.408203125 0.5078125 0.41015625 0.51171875 0.41015625 0.513671875 0.412109375 0.525390625 0.412109375 0.52734375 0.41015625 0.52734375 0.40625 0.525390625 0.404296875 0.525390625 0.3984375 0.521484375 0.39453125 0.51953125 0.39453125 0.517578125 0.392578125 0.515625 0.392578125 0.513671875 0.390625
0 0.884765625 0.220703125 0.8828125 0.22265625 0.8828125 0.2265625 0.884765625 0.2265625 0.88671875 0.228515625 0.888671875 0.228515625 0.890625 0.2265625 0.890625 0.224609375 0.88671875 0.220703125
0 0.23828125 0.001953125 0.234375 0.005859375 0.234375 0.015625 0.236328125 0.017578125 0.236328125 0.01953125 0.23828125 0.01953125 0.2421875 0.015625 0.244140625 0.015625 0.24609375 0.013671875 0.24609375 0.0078125 0.244140625 0.005859375 0.244140625 0.00390625 0.2421875 0.001953125
1 0.91015625 0.927734375 0.908203125 0.9296875 0.90625 0.9296875 0.904296875 0.931640625 0.904296875 0.94140625 0.908203125 0.9453125 0.916015625 0.9453125 0.91796875 0.943359375 0.919921875 0.943359375 0.923828125 0.939453125 0.923828125 0.93359375 0.921875 0.931640625 0.921875 0.9296875 0.919921875 0.927734375
1 0.15234375 0.853515625 0.150390625 0.85546875 0.1484375 0.85546875 0.1484375 0.857421875 0.146484375 0.859375 0.146484375 0.865234375 0.150390625 0.869140625 0.154296875 0.869140625 0.15625 0.8671875 0.16015625 0.8671875 0.162109375 0.865234375 0.162109375 0.859375 0.16015625 0.857421875 0.16015625 0.85546875 0.158203125 0.853515625
1 0.083984375 0.845703125 0.08203125 0.84765625 0.08203125 0.849609375 0.083984375 0.8515625 0.0859375 0.8515625 0.087890625 0.849609375 0.087890625 0.84765625 0.0859375 0.845703125
1 0.32421875 0.841796875 0.3203125 0.845703125 0.3203125 0.8515625 0.322265625 0.8515625 0.32421875 0.853515625 0.328125 0.853515625 0.33203125 0.849609375 0.33203125 0.845703125 0.328125 0.841796875
1 0.37109375 0.818359375 0.369140625 0.8203125 0.361328125 0.8203125 0.357421875 0.82421875 0.357421875 0.83203125 0.35546875 0.833984375 0.35546875 0.8359375 0.357421875 0.837890625 0.3671875 0.837890625 0.369140625 0.83984375 0.376953125 0.83984375 0.37890625 0.837890625 0.37890625 0.8359375 0.384765625 0.830078125 0.384765625 0.82421875 0.380859375 0.8203125 0.37890625 0.8203125 0.376953125 0.818359375
1 0.291015625 0.80078125 0.287109375 0.8046875 0.287109375 0.806640625 0.28125 0.8125 0.28125 0.814453125 0.279296875 0.81640625 0.279296875 0.822265625 0.28125 0.82421875 0.28125 0.826171875 0.28515625 0.830078125 0.28515625 0.83203125 0.287109375 0.833984375 0.302734375 0.833984375 0.3046875 0.83203125 0.306640625 0.83203125 0.30859375 0.830078125 0.310546875 0.830078125 0.31640625 0.82421875 0.31640625 0.8203125 0.318359375 0.818359375 0.318359375 0.81640625 0.31640625 0.814453125 0.31640625 0.8125 0.3125 0.80859375 0.3125 0.806640625 0.30859375 0.802734375 0.3046875 0.802734375 0.302734375 0.80078125
1 0.955078125 0.771484375 0.951171875 0.775390625 0.951171875 0.78515625 0.953125 0.787109375 0.95703125 0.787109375 0.962890625 0.78125 0.962890625 0.7734375 0.9609375 0.771484375
1 0.443359375 0.755859375 0.439453125 0.759765625 0.439453125 0.763671875 0.4375 0.765625 0.4375 0.76953125 0.439453125 0.771484375 0.439453125 0.775390625 0.44140625 0.77734375 0.44140625 0.779296875 0.4453125 0.779296875 0.447265625 0.78125 0.44921875 0.779296875 0.453125 0.779296875 0.45703125 0.775390625 0.45703125 0.7734375 0.458984375 0.771484375 0.458984375 0.765625 0.44921875 0.755859375
1 0.873046875 0.650390625 0.869140625 0.654296875 0.869140625 0.65625 0.865234375 0.66015625 0.865234375 0.662109375 0.86328125 0.6640625 0.86328125 0.673828125 0.865234375 0.67578125 0.8671875 0.67578125 0.869140625 0.677734375 0.875 0.677734375 0.87890625 0.673828125 0.880859375 0.673828125 0.8828125 0.671875 0.8828125 0.669921875 0.888671875 0.6640625 0.888671875 0.650390625
1 0.95703125 0.556640625 0.955078125 0.55859375 0.953125 0.55859375 0.94921875 0.5625 0.94921875 0.568359375 0.953125 0.572265625 0.962890625 0.572265625 0.96484375 0.5703125 0.96484375 0.568359375 0.962890625 0.56640625 0.962890625 0.560546875 0.958984375 0.556640625
1 0.298828125 0.55078125 0.294921875 0.5546875 0.294921875 0.556640625 0.29296875 0.55859375 0.29296875 0.5625 0.294921875 0.564453125 0.302734375 0.564453125 0.3046875 0.5625 0.3046875 0.556640625 0.302734375 0.5546875 0.302734375 0.552734375 0.30078125 0.55078125
1 0.0625 0.53125 0.0546875 0.5390625 0.0546875 0.54296875 0.056640625 0.544921875 0.06640625 0.544921875 0.068359375 0.54296875 0.068359375 0.541015625 0.0703125 0.5390625 0.0703125 0.533203125 0.068359375 0.53125
1 0.263671875 0.52734375 0.26171875 0.529296875 0.259765625 0.529296875 0.2578125 0.53125 0.2578125 0.5390625 0.26171875 0.54296875 0.263671875 0.54296875 0.265625 0.544921875 0.275390625 0.544921875 0.27734375 0.54296875 0.27734375 0.541015625 0.275390625 0.5390625 0.275390625 0.537109375 0.2734375 0.53515625 0.2734375 0.533203125 0.26953125 0.529296875 0.267578125 0.529296875 0.265625 0.52734375
1 0.048828125 0.494140625 0.044921875 0.498046875 0.044921875 0.509765625 0.046875 0.51171875 0.0546875 0.51171875 0.060546875 0.505859375 0.060546875 0.498046875 0.05859375 0.49609375 0.056640625 0.49609375 0.0546875 0.494140625
1 0.326171875 0.474609375 0.32421875 0.4765625 0.322265625 0.4765625 0.31640625 0.482421875 0.31640625 0.4921875 0.318359375 0.494140625 0.318359375 0.49609375 0.3203125 0.49609375 0.322265625 0.498046875 0.326171875 0.498046875 0.328125 0.49609375 0.330078125 0.49609375 0.33203125 0.494140625 0.333984375 0.494140625 0.3359375 0.4921875 0.337890625 0.4921875 0.33984375 0.490234375 0.33984375 0.48046875 0.3359375 0.4765625 0.330078125 0.4765625 0.328125 0.474609375
1 0.4921875 0.421875 0.490234375 0.423828125 0.48828125 0.423828125 0.486328125 0.42578125 0.484375 0.42578125 0.482421875 0.427734375 0.48046875 0.427734375 0.478515625 0.4296875 0.4765625 0.4296875 0.470703125 0.435546875 0.470703125 0.4375 0.46875 0.439453125 0.46875 0.4453125 0.470703125 0.447265625 0.470703125 0.44921875 0.47265625 0.451171875 0.47265625 0.453125 0.478515625 0.458984375 0.478515625 0.46484375 0.48046875 0.466796875 0.48046875 0.470703125 0.484375 0.474609375 0.490234375 0.474609375 0.4921875 0.4765625 0.498046875 0.4765625 0.5 0.478515625 0.5078125 0.478515625 0.509765625 0.4765625 0.51171875 0.4765625 0.51171875 0.474609375 0.517578125 0.46875 0.51953125 0.46875 0.5234375 0.46484375 0.5234375 0.462890625 0.525390625 0.4609375 0.525390625 0.45703125 0.52734375 0.455078125 0.52734375 0.443359375 0.525390625 0.44140625 0.525390625 0.439453125 0.5234375 0.4375 0.5234375 0.43359375 0.521484375 0.43359375 0.515625 0.427734375 0.513671875 0.427734375 0.51171875 0.42578125 0.5078125 0.42578125 0.505859375 0.423828125 0.501953125 0.423828125 0.5 0.421875
1 0.509765625 0.390625 0.5078125 0.392578125 0.505859375 0.392578125 0.501953125 0.396484375 0.501953125 0.3984375 0.5 0.400390625 0.5 0.404296875 0.50390625 0.408203125 0.505859375 0.408203125 0.5078125 0.41015625 0.51171875 0.41015625 0.513671875 0.412109375 0.525390625 0.412109375 0.52734375 0.41015625 0.52734375 0.40625 0.525390625 0.404296875 0.525390625 0.3984375 0.521484375 0.39453125 0.51953125 0.39453125 0.517578125 0.392578125 0.515625 0.392578125 0.513671875 0.390625
1 0.884765625 0.220703125 0.8828125 0.22265625 0.8828125 0.2265625 0.884765625 0.2265625 0.88671875 0.228515625 0.888671875 0.228515625 0.890625 0.2265625 0.890625 0.224609375 0.88671875 0.220703125
1 0.23828125 0.001953125 0.234375 0.005859375 0.234375 0.015625 0.236328125 0.017578125 0.236328125 0.01953125 0.23828125 0.01953125 0.2421875 0.015625 0.244140625 0.015625 0.24609375 0.013671875 0.24609375 0.0078125 0.244140625 0.005859375 0.244140625 0.00390625 0.2421875 0.001953125
