0 0.451171875 0.939453125 0.44921875 0.94140625 0.4453125 0.94140625 0.4453125 0.943359375 0.44140625 0.947265625 0.44140625 0.962890625 0.4453125 0.966796875 0.4453125 0.96875 0.4609375 0.96875 0.4609375 0.966796875 0.462890625 0.96484375 0.466796875 0.96484375 0.466796875 0.95703125 0.46875 0.955078125 0.46875 0.9453125 0.466796875 0.9453125 0.46484375 0.943359375 0.46484375 0.94140625 0.4609375 0.94140625 0.458984375 0.939453125
0 0.384765625 0.90234375 0.380859375 0.90625 0.37890625 0.90625 0.37890625 0.91796875 0.380859375 0.91796875 0.384765625 0.921875 0.39453125 0.921875 0.396484375 0.919921875 0.3984375 0.919921875 0.3984375 0.90625 0.396484375 0.90625 0.39453125 0.904296875 0.392578125 0.904296875 0.390625 0.90234375
0 0.724609375 0.89453125 0.720703125 0.8984375 0.720703125 0.90234375 0.724609375 0.90625 0.73046875 0.90625 0.734375 0.90234375 0.736328125 0.90234375 0.736328125 0.8984375 0.734375 0.8984375 0.732421875 0.896484375 0.732421875 0.89453125
0 0.021484375 0.89453125 0.01953125 0.896484375 0.017578125 0.896484375 0.015625 0.8984375 0.015625 0.90625 0.017578125 0.908203125 0.017578125 0.91015625 0.01953125 0.91015625 0.021484375 0.912109375 0.029296875 0.912109375 0.03125 0.91015625 0.03125 0.8984375 0.02734375 0.89453125
0 0.990234375 0.87890625 0.990234375 0.88671875 0.9921875 0.888671875 0.998046875 0.888671875 0.998046875 0.87890625
0 0.37890625 0.85546875 0.376953125 0.857421875 0.375 0.857421875 0.375 0.8671875 0.37890625 0.87109375 0.384765625 0.87109375 0.38671875 0.869140625 0.390625 0.869140625 0.390625 0.857421875 0.38671875 0.857421875 0.384765625 0.85546875
0 0.259765625 0.806640625 0.259765625 0.810546875 0.2578125 0.8125 0.2578125 0.826171875 0.271484375 0.826171875 0.2734375 0.82421875 0.2734375 0.810546875 0.271484375 0.80859375 0.271484375 0.806640625
0 0.498046875 0.80078125 0.4921875 0.806640625 0.4921875 0.81640625 0.494140625 0.818359375 0.494140625 0.8203125 0.49609375 0.822265625 0.49609375 0.82421875 0.50390625 0.82421875 0.50390625 0.822265625 0.505859375 0.8203125 0.5078125 0.8203125 0.509765625 0.818359375 0.509765625 0.814453125 0.51171875 0.8125 0.51171875 0.810546875 0.509765625 0.80859375 0.509765625 0.802734375 0.5078125 0.80078125
0 0.3359375 0.80078125 0.333984375 0.802734375 0.333984375 0.810546875 0.3359375 0.8125 0.341796875 0.8125 0.341796875 0.802734375 0.33984375 0.80078125
0 0.958984375 0.775390625 0.95703125 0.77734375 0.953125 0.77734375 0.953125 0.779296875 0.951171875 0.78125 0.951171875 0.78515625 0.953125 0.787109375 0.962890625 0.787109375 0.96484375 0.78515625 0.96484375 0.77734375 0.962890625 0.775390625
0 0.650390625 0.76953125 0.6484375 0.771484375 0.6484375 0.779296875 0.650390625 0.78125 0.650390625 0.783203125 0.65234375 0.783203125 0.654296875 0.78515625 0.65625 0.783203125 0.66015625 0.783203125 0.66015625 0.78125 0.662109375 0.779296875 0.662109375 0.771484375 0.66015625 0.76953125
0 0.166015625 0.759765625 0.1640625 0.76171875 0.1640625 0.765625 0.162109375 0.767578125 0.162109375 0.775390625 0.166015625 0.779296875 0.173828125 0.779296875 0.17578125 0.77734375 0.177734375 0.77734375 0.1796875 0.775390625 0.1796875 0.767578125 0.177734375 0.765625 0.177734375 0.76171875 0.17578125 0.76171875 0.173828125 0.759765625
0 0.625 0.73046875 0.625 0.736328125 0.62890625 0.736328125 0.630859375 0.734375 0.630859375 0.73046875
0 0.3515625 0.69921875 0.349609375 0.701171875 0.349609375 0.703125 0.34765625 0.705078125 0.345703125 0.705078125 0.345703125 0.71484375 0.34765625 0.71484375 0.349609375 0.716796875 0.35546875 0.716796875 0.357421875 0.71484375 0.359375 0.71484375 0.359375 0.703125 0.35546875 0.69921875
0 0.427734375 0.64453125 0.42578125 0.646484375 0.42578125 0.65625 0.4296875 0.66015625 0.435546875 0.66015625 0.4375 0.658203125 0.439453125 0.658203125 0.439453125 0.64453125
0 0.607421875 0.609375 0.60546875 0.611328125 0.60546875 0.619140625 0.61328125 0.619140625 0.61328125 0.61328125 0.609375 0.609375
0 0.06640625 0.568359375 0.064453125 0.5703125 0.064453125 0.580078125 0.06640625 0.58203125 0.068359375 0.58203125 0.0703125 0.583984375 0.072265625 0.583984375 0.07421875 0.5859375 0.078125 0.5859375 0.080078125 0.583984375 0.080078125 0.57421875 0.078125 0.572265625 0.078125 0.5703125 0.076171875 0.5703125 0.07421875 0.568359375
0 0.486328125 0.525390625 0.484375 0.52734375 0.484375 0.53515625 0.486328125 0.537109375 0.486328125 0.5390625 0.494140625 0.5390625 0.494140625 0.53515625 0.49609375 0.533203125 0.49609375 0.529296875 0.494140625 0.52734375 0.494140625 0.525390625
0 0.17578125 0.4921875 0.173828125 0.494140625 0.173828125 0.501953125 0.17578125 0.50390625 0.17578125 0.505859375 0.177734375 0.505859375 0.1796875 0.5078125 0.185546875 0.5078125 0.1875 0.505859375 0.1875 0.494140625 0.185546875 0.4921875
0 0.587890625 0.349609375 0.5859375 0.3515625 0.580078125 0.3515625 0.580078125 0.36328125 0.58203125 0.365234375 0.587890625 0.365234375 0.58984375 0.3671875 0.595703125 0.3671875 0.59765625 0.365234375 0.59765625 0.357421875 0.595703125 0.35546875 0.595703125 0.353515625 0.591796875 0.349609375
0 0.18359375 0.310546875 0.18359375 0.3125 0.181640625 0.314453125 0.181640625 0.3203125 0.18359375 0.322265625 0.1875 0.322265625 0.189453125 0.3203125 0.189453125 0.310546875
0 0.919921875 0.234375 0.91796875 0.236328125 0.91796875 0.2421875 0.919921875 0.244140625 0.919921875 0.248046875 0.923828125 0.248046875 0.92578125 0.25 0.9296875 0.25 0.93359375 0.24609375 0.93359375 0.236328125 0.931640625 0.234375
0 0.033203125 0.166015625 0.033203125 0.17578125 0.044921875 0.17578125 0.044921875 0.16796875 0.04296875 0.166015625
0 0.38671875 0.107421875 0.384765625 0.109375 0.384765625 0.115234375 0.38671875 0.1171875 0.38671875 0.12109375 0.388671875 0.12109375 0.392578125 0.125 0.3984375 0.125 0.400390625 0.123046875 0.400390625 0.11328125 0.3984375 0.111328125 0.3984375 0.107421875
0 0.267578125 0.107421875 0.265625 0.109375 0.265625 0.111328125 0.26953125 0.115234375 0.2734375 0.115234375 0.275390625 0.11328125 0.275390625 0.107421875
1 0.451171875 0.939453125 0.44921875 0.94140625 0.4453125 0.94140625 0.4453125 0.943359375 0.44140625 0.947265625 0.44140625 0.962890625 0.4453125 0.966796875 0.4453125 0.96875 0.4609375 0.96875 0.4609375 0.966796875 0.462890625 0.96484375 0.466796875 0.96484375 0.466796875 0.95703125 0.46875 0.955078125 0.46875 0.9453125 0.466796875 0.9453125 0.46484375 0.943359375 0.46484375 0.94140625 0.4609375 0.94140625 0.458984375 0.939453125
1 0.384765625 0.90234375 0.380859375 0.90625 0.37890625 0.90625 0.37890625 0.91796875 0.380859375 0.91796875 0.384765625 0.921875 0.39453125 0.921875 0.396484375 0.919921875 0.3984375 0.919921875 0.3984375 0.90625 0.396484375 0.90625 0.39453125 0.904296875 0.392578125 0.904296875 0.390625 0.90234375
1 0.724609375 0.89453125 0.720703125 0.8984375 0.720703125 0.90234375 0.724609375 0.90625 0.73046875 0.90625 0.734375 0.90234375 0.736328125 0.90234375 0.736328125 0.8984375 0.734375 0.8984375 0.732421875 0.896484375 0.732421875 0.89453125
1 0.021484375 0.89453125 0.01953125 0.896484375 0.017578125 0.896484375 0.015625 0.8984375 0.015625 0.90625 0.017578125 0.908203125 0.017578125 0.91015625 0.01953125 0.91015625 0.021484375 0.912109375 0.029296875 0.912109375 0.03125 0.91015625 0.03125 0.8984375 0.02734375 0.89453125
1 0.990234375 0.87890625 0.990234375 0.88671875 0.9921875 0.888671875 0.998046875 0.888671875 0.998046875 0.87890625
1 0.37890625 0.85546875 0.376953125 0.857421875 0.375 0.857421875 0.375 0.8671875 0.37890625 0.87109375 0.384765625 0.87109375 0.38671875 0.869140625 0.390625 0.869140625 0.390625 0.857421875 0.38671875 0.857421875 0.384765625 0.85546875
1 0.259765625 0.806640625 0.259765625 0.810546875 0.2578125 0.8125 0.2578125 0.826171875 0.271484375 0.826171875 0.2734375 0.82421875 0.2734375 0.810546875 0.271484375 0.80859375 0.271484375 0.806640625
1 0.498046875 0.80078125 0.4921875 0.806640625 0.4921875 0.81640625 0.494140625 0.818359375 0.494140625 0.8203125 0.49609375 0.822265625 0.49609375 0.82421875 0.50390625 0.82421875 0.50390625 0.822265625 0.505859375 0.8203125 0.5078125 0.8203125 0.509765625 0.818359375 0.509765625 0.814453125 0.51171875 0.8125 0.51171875 0.810546875 0.509765625 0.80859375 0.509765625 0.802734375 0.5078125 0.80078125
1 0.3359375 0.80078125 0.333984375 0.802734375 0.333984375 0.810546875 0.3359375 0.8125 0.341796875 0.8125 0.341796875 0.802734375 0.33984375 0.80078125
1 0.958984375 0.775390625 0.95703125 0.77734375 0.953125 0.77734375 0.953125 0.779296875 0.951171875 0.78125 0.951171875 0.78515625 0.953125 0.787109375 0.962890625 0.787109375 0.96484375 0.78515625 0.96484375 0.77734375 0.962890625 0.775390625
1 0.650390625 0.76953125 0.6484375 0.771484375 0.6484375 0.779296875 0.650390625 0.78125 0.650390625 0.783203125 0.65234375 0.783203125 0.654296875 0.78515625 0.65625 0.783203125 0.66015625 0.783203125 0.66015625 0.78125 0.662109375 0.779296875 0.662109375 0.771484375 0.66015625 0.76953125
1 0.166015625 0.759765625 0.1640625 0.76171875 0.1640625 0.765625 0.162109375 0.767578125 0.162109375 0.775390625 0.166015625 0.779296875 0.173828125 0.779296875 0.17578125 0.77734375 0.177734375 0.77734375 0.1796875 0.775390625 0.1796875 0.767578125 0.177734375 0.765625 0.177734375 0.76171875 0.17578125 0.76171875 0.173828125 0.759765625
1 0.625 0.73046875 0.625 0.736328125 0.62890625 0.736328125 0.630859375 0.734375 0.630859375 0.73046875
1 0.3515625 0.69921875 0.349609375 0.701171875 0.349609375 0.703125 0.34765625 0.705078125 0.345703125 0.705078125 0.345703125 0.71484375 0.34765625 0.71484375 0.349609375 0.716796875 0.35546875 0.716796875 0.357421875 0.71484375 0.359375 0.71484375 0.359375 0.703125 0.35546875 0.69921875
1 0.427734375 0.64453125 0.42578125 0.646484375 0.42578125 0.65625 0.4296875 0.66015625 0.435546875 0.66015625 0.4375 0.658203125 0.439453125 0.658203125 0.439453125 0.64453125
1 0.607421875 0.609375 0.60546875 0.611328125 0.60546875 0.619140625 0.61328125 0.619140625 0.61328125 0.61328125 0.609375 0.609375
1 0.06640625 0.568359375 0.064453125 0.5703125 0.064453125 0.580078125 0.06640625 0.58203125 0.068359375 0.58203125 0.0703125 0.583984375 0.072265625 0.583984375 0.07421875 0.5859375 0.078125 0.5859375 0.080078125 0.583984375 0.080078125 0.57421875 0.078125 0.572265625 0.078125 0.5703125 0.076171875 0.5703125 0.07421875 0.568359375
1 0.486328125 0.525390625 0.484375 0.52734375 0.484375 0.53515625 0.486328125 0.537109375 0.486328125 0.5390625 0.494140625 0.5390625 0.494140625 0.53515625 0.49609375 0.533203125 0.49609375 0.529296875 0.494140625 0.52734375 0.494140625 0.525390625
1 0.17578125 0.4921875 0.173828125 0.494140625 0.173828125 0.501953125 0.17578125 0.50390625 0.17578125 0.505859375 0.177734375 0.505859375 0.1796875 0.5078125 0.185546875 0.5078125 0.1875 0.505859375 0.1875 0.494140625 0.185546875 0.4921875
1 0.587890625 0.349609375 0.5859375 0.3515625 0.580078125 0.3515625 0.580078125 0.36328125 0.58203125 0.365234375 0.587890625 0.365234375 0.58984375 0.3671875 0.595703125 0.3671875 0.59765625 0.365234375 0.59765625 0.357421875 0.595703125 0.35546875 0.595703125 0.353515625 0.591796875 0.349609375
1 0.18359375 0.310546875 0.18359375 0.3125 0.181640625 0.314453125 0.181640625 0.3203125 0.18359375 0.322265625 0.1875 0.322265625 0.189453125 0.3203125 0.189453125 0.310546875
1 0.919921875 0.234375 0.91796875 0.236328125 0.91796875 0.2421875 0.919921875 0.244140625 0.919921875 0.248046875 0.923828125 0.248046875 0.92578125 0.25 0.9296875 0.25 0.93359375 0.24609375 0.93359375 0.236328125 0.931640625 0.234375
1 0.033203125 0.166015625 0.033203125 0.17578125 0.044921875 0.17578125 0.044921875 0.16796875 0.04296875 0.166015625
1 0.38671875 0.107421875 0.384765625 0.109375 0.384765625 0.115234375 0.38671875 0.1171875 0.38671875 0.12109375 0.388671875 0.12109375 0.392578125 0.125 0.3984375 0.125 0.400390625 0.123046875 0.400390625 0.11328125 0.3984375 0.111328125 0.3984375 0.107421875
1 0.267578125 0.107421875 0.265625 0.109375 0.265625 0.111328125 0.26953125 0.115234375 0.2734375 0.115234375 0.275390625 0.11328125 0.275390625 0.107421875
