0 0.802734375 0.94921875 0.80078125 0.951171875 0.80078125 0.95703125 0.802734375 0.958984375 0.802734375 0.9609375 0.806640625 0.9609375 0.80859375 0.958984375 0.80859375 0.95703125 0.810546875 0.955078125 0.810546875 0.951171875 0.80859375 0.94921875
0 0.462890625 0.91015625 0.45703125 0.916015625 0.455078125 0.916015625 0.453125 0.91796875 0.451171875 0.91796875 0.451171875 0.9375 0.453125 0.939453125 0.453125 0.94140625 0.4609375 0.94140625 0.462890625 0.939453125 0.46484375 0.939453125 0.470703125 0.93359375 0.470703125 0.931640625 0.47265625 0.9296875 0.47265625 0.91796875 0.46875 0.9140625 0.46875 0.912109375 0.466796875 0.91015625
0 0.529296875 0.8828125 0.529296875 0.884765625 0.52734375 0.88671875 0.52734375 0.888671875 0.53125 0.892578125 0.533203125 0.890625 0.53515625 0.890625 0.537109375 0.888671875 0.537109375 0.884765625 0.53515625 0.8828125
0 0.322265625 0.78125 0.3203125 0.783203125 0.3203125 0.791015625 0.322265625 0.791015625 0.326171875 0.787109375 0.326171875 0.783203125 0.32421875 0.78125
0 0.1640625 0.681640625 0.162109375 0.68359375 0.162109375 0.685546875 0.16015625 0.6875 0.16015625 0.689453125 0.162109375 0.69140625 0.169921875 0.69140625 0.169921875 0.68359375 0.16796875 0.681640625
0 0.197265625 0.60546875 0.19140625 0.611328125 0.19140625 0.619140625 0.193359375 0.619140625 0.1953125 0.62109375 0.19921875 0.62109375 0.201171875 0.623046875 0.203125 0.62109375 0.20703125 0.62109375 0.208984375 0.619140625 0.208984375 0.6171875 0.2109375 0.615234375 0.208984375 0.61328125 0.208984375 0.611328125 0.205078125 0.607421875 0.203125 0.607421875 0.201171875 0.60546875
0 0.26171875 0.533203125 0.2578125 0.537109375 0.2578125 0.541015625 0.255859375 0.54296875 0.2578125 0.544921875 0.2578125 0.55078125 0.259765625 0.552734375 0.259765625 0.5546875 0.26171875 0.5546875 0.263671875 0.556640625 0.26953125 0.556640625 0.271484375 0.5546875 0.275390625 0.5546875 0.27734375 0.552734375 0.27734375 0.548828125 0.279296875 0.546875 0.279296875 0.5390625 0.275390625 0.53515625 0.26953125 0.53515625 0.267578125 0.533203125
1 0.802734375 0.94921875 0.80078125 0.951171875 0.80078125 0.95703125 0.802734375 0.958984375 0.802734375 0.9609375 0.806640625 0.9609375 0.80859375 0.958984375 0.80859375 0.95703125 0.810546875 0.955078125 0.810546875 0.951171875 0.80859375 0.94921875
1 0.462890625 0.91015625 0.45703125 0.916015625 0.455078125 0.916015625 0.453125 0.91796875 0.451171875 0.91796875 0.451171875 0.9375 0.453125 0.939453125 0.453125 0.94140625 0.4609375 0.94140625 0.462890625 0.939453125 0.46484375 0.939453125 0.470703125 0.93359375 0.470703125 0.931640625 0.47265625 0.9296875 0.47265625 0.91796875 0.46875 0.9140625 0.46875 0.912109375 0.466796875 0.91015625
1 0.529296875 0.8828125 0.529296875 0.884765625 0.52734375 0.88671875 0.52734375 0.888671875 0.53125 0.892578125 0.533203125 0.890625 0.53515625 0.890625 0.537109375 0.888671875 0.537109375 0.884765625 0.53515625 0.8828125
1 0.322265625 0.78125 0.3203125 0.783203125 0.3203125 0.791015625 0.322265625 0.791015625 0.326171875 0.787109375 0.326171875 0.783203125 0.32421875 0.78125
1 0.1640625 0.681640625 0.162109375 0.68359375 0.162109375 0.685546875 0.16015625 0.6875 0.16015625 0.689453125 0.162109375 0.69140625 0.169921875 0.69140625 0.169921875 0.68359375 0.16796875 0.681640625
1 0.197265625 0.60546875 0.19140625 0.611328125 0.19140625 0.619140625 0.193359375 0.619140625 0.1953125 0.62109375 0.19921875 0.62109375 0.201171875 0.623046875 0.203125 0.62109375 0.20703125 0.62109375 0.208984375 0.619140625 0.208984375 0.6171875 0.2109375 0.615234375 0.208984375 0.61328125 0.208984375 0.611328125 0.205078125 0.607421875 0.203125 0.607421875 0.201171875 0.60546875
1 0.26171875 0.533203125 0.2578125 0.537109375 0.2578125 0.541015625 0.255859375 0.54296875 0.2578125 0.544921875 0.2578125 0.55078125 0.259765625 0.552734375 0.259765625 0.5546875 0.26171875 0.5546875 0.263671875 0.556640625 0.26953125 0.556640625 0.271484375 0.5546875 0.275390625 0.5546875 0.27734375 0.552734375 0.27734375 0.548828125 0.279296875 0.546875 0.279296875 0.5390625 0.275390625 0.53515625 0.26953125 0.53515625 0.267578125 0.533203125
