0 0.734375 0.986328125 0.73046875 0.990234375 0.73046875 0.9921875 0.728515625 0.994140625 0.728515625 0.998046875 0.740234375 0.998046875 0.7421875 0.99609375 0.7421875 0.990234375 0.740234375 0.98828125 0.740234375 0.986328125
0 0.28515625 0.970703125 0.28515625 0.97265625 0.28125 0.9765625 0.28125 0.98046875 0.283203125 0.982421875 0.283203125 0.986328125 0.28515625 0.98828125 0.28515625 0.990234375 0.287109375 0.9921875 0.291015625 0.9921875 0.294921875 0.98828125 0.294921875 0.974609375 0.291015625 0.970703125
0 0.2265625 0.943359375 0.224609375 0.9453125 0.224609375 0.951171875 0.2265625 0.953125 0.2265625 0.95703125 0.228515625 0.958984375 0.228515625 0.9609375 0.23828125 0.9609375 0.240234375 0.958984375 0.240234375 0.95703125 0.2421875 0.955078125 0.2421875 0.947265625 0.23828125 0.943359375
0 0.732421875 0.94140625 0.73046875 0.943359375 0.728515625 0.943359375 0.7265625 0.9453125 0.7265625 0.955078125 0.732421875 0.9609375 0.73828125 0.9609375 0.740234375 0.958984375 0.740234375 0.947265625 0.734375 0.94140625
0 0.8671875 0.939453125 0.865234375 0.94140625 0.861328125 0.94140625 0.849609375 0.953125 0.849609375 0.955078125 0.84765625 0.95703125 0.84765625 0.966796875 0.853515625 0.97265625 0.857421875 0.97265625 0.859375 0.974609375 0.869140625 0.974609375 0.87109375 0.97265625 0.873046875 0.97265625 0.875 0.970703125 0.876953125 0.970703125 0.880859375 0.966796875 0.880859375 0.96484375 0.884765625 0.9609375 0.884765625 0.953125 0.8828125 0.951171875 0.8828125 0.947265625 0.876953125 0.94140625 0.87109375 0.94140625 0.869140625 0.939453125
0 0.423828125 0.9296875 0.421875 0.931640625 0.421875 0.939453125 0.42578125 0.943359375 0.427734375 0.943359375 0.4296875 0.9453125 0.431640625 0.943359375 0.4375 0.943359375 0.44140625 0.939453125 0.44140625 0.93359375 0.439453125 0.931640625 0.4375 0.931640625 0.435546875 0.9296875
0 0.791015625 0.91015625 0.791015625 0.919921875 0.79296875 0.921875 0.796875 0.921875 0.80078125 0.91796875 0.80078125 0.9140625 0.796875 0.91015625
0 0.681640625 0.8984375 0.67578125 0.904296875 0.67578125 0.91015625 0.677734375 0.912109375 0.677734375 0.9140625 0.6796875 0.9140625 0.681640625 0.916015625 0.681640625 0.91796875 0.68359375 0.91796875 0.685546875 0.919921875 0.69140625 0.919921875 0.693359375 0.91796875 0.6953125 0.91796875 0.6953125 0.9140625 0.697265625 0.912109375 0.697265625 0.904296875 0.6953125 0.90234375 0.6953125 0.900390625 0.693359375 0.900390625 0.69140625 0.8984375
0 0.470703125 0.888671875 0.46875 0.890625 0.466796875 0.890625 0.458984375 0.8984375 0.458984375 0.90234375 0.4609375 0.904296875 0.4609375 0.90625 0.46484375 0.91015625 0.46484375 0.912109375 0.46875 0.916015625 0.46875 0.91796875 0.4765625 0.91796875 0.4765625 0.916015625 0.478515625 0.9140625 0.482421875 0.9140625 0.486328125 0.91015625 0.486328125 0.90625 0.48828125 0.904296875 0.48828125 0.90234375 0.486328125 0.900390625 0.486328125 0.896484375 0.478515625 0.888671875
0 0.28125 0.869140625 0.27734375 0.873046875 0.27734375 0.87890625 0.279296875 0.880859375 0.291015625 0.880859375 0.29296875 0.87890625 0.29296875 0.876953125 0.287109375 0.87109375 0.28515625 0.87109375 0.283203125 0.869140625
0 0.130859375 0.86328125 0.12890625 0.865234375 0.12890625 0.869140625 0.130859375 0.87109375 0.130859375 0.873046875 0.134765625 0.873046875 0.13671875 0.87109375 0.13671875 0.865234375 0.134765625 0.86328125
0 0.681640625 0.8359375 0.6796875 0.837890625 0.6796875 0.83984375 0.677734375 0.841796875 0.677734375 0.84375 0.6796875 0.845703125 0.6796875 0.84765625 0.681640625 0.849609375 0.68359375 0.849609375 0.685546875 0.8515625 0.6875 0.8515625 0.69140625 0.84765625 0.69140625 0.845703125 0.693359375 0.84375 0.69140625 0.841796875 0.69140625 0.837890625 0.689453125 0.837890625 0.6875 0.8359375
0 0.59375 0.8359375 0.591796875 0.837890625 0.591796875 0.83984375 0.58984375 0.841796875 0.58984375 0.84765625 0.591796875 0.849609375 0.591796875 0.8515625 0.59375 0.853515625 0.59765625 0.853515625 0.599609375 0.8515625 0.6015625 0.8515625 0.6015625 0.849609375 0.603515625 0.84765625 0.603515625 0.84375 0.6015625 0.841796875 0.6015625 0.83984375 0.59765625 0.8359375
0 0.3515625 0.82421875 0.349609375 0.826171875 0.34765625 0.826171875 0.34375 0.830078125 0.34375 0.833984375 0.34765625 0.837890625 0.35546875 0.837890625 0.359375 0.833984375 0.359375 0.828125 0.357421875 0.826171875 0.353515625 0.826171875
0 0.54296875 0.818359375 0.5390625 0.822265625 0.5390625 0.828125 0.544921875 0.833984375 0.55078125 0.833984375 0.552734375 0.83203125 0.552734375 0.830078125 0.5546875 0.828125 0.5546875 0.826171875 0.552734375 0.82421875 0.552734375 0.822265625 0.55078125 0.8203125 0.55078125 0.818359375
0 0.73828125 0.798828125 0.73828125 0.810546875 0.740234375 0.8125 0.748046875 0.8125 0.75390625 0.806640625 0.75390625 0.802734375 0.75 0.798828125
0 0.98046875 0.771484375 0.9765625 0.775390625 0.9765625 0.77734375 0.974609375 0.779296875 0.974609375 0.78125 0.9765625 0.783203125 0.9765625 0.78515625 0.98046875 0.78515625 0.98828125 0.77734375 0.98828125 0.7734375 0.986328125 0.771484375
0 0.599609375 0.7421875 0.59765625 0.744140625 0.595703125 0.744140625 0.59375 0.74609375 0.59375 0.748046875 0.591796875 0.75 0.591796875 0.755859375 0.59375 0.7578125 0.59375 0.76171875 0.595703125 0.763671875 0.595703125 0.765625 0.59765625 0.767578125 0.599609375 0.767578125 0.6015625 0.76953125 0.607421875 0.76953125 0.609375 0.767578125 0.611328125 0.767578125 0.615234375 0.763671875 0.615234375 0.7578125 0.6171875 0.755859375 0.615234375 0.75390625 0.615234375 0.75 0.607421875 0.7421875
0 0.498046875 0.734375 0.498046875 0.73828125 0.49609375 0.740234375 0.5 0.744140625 0.50390625 0.744140625 0.5078125 0.740234375 0.5078125 0.73828125 0.505859375 0.736328125 0.505859375 0.734375
0 0.259765625 0.705078125 0.255859375 0.708984375 0.255859375 0.7109375 0.2578125 0.712890625 0.2578125 0.71484375 0.259765625 0.716796875 0.26171875 0.716796875 0.263671875 0.71875 0.265625 0.71875 0.267578125 0.716796875 0.26953125 0.716796875 0.26953125 0.70703125 0.267578125 0.70703125 0.265625 0.705078125
0 0.8828125 0.646484375 0.880859375 0.6484375 0.87890625 0.6484375 0.875 0.65234375 0.875 0.66015625 0.87890625 0.6640625 0.8828125 0.6640625 0.884765625 0.666015625 0.888671875 0.666015625 0.890625 0.66796875 0.892578125 0.666015625 0.89453125 0.666015625 0.8984375 0.662109375 0.900390625 0.662109375 0.90234375 0.66015625 0.90234375 0.65625 0.900390625 0.654296875 0.900390625 0.65234375 0.8984375 0.65234375 0.896484375 0.650390625 0.89453125 0.650390625 0.890625 0.646484375
1 0.734375 0.986328125 0.73046875 0.990234375 0.73046875 0.9921875 0.728515625 0.994140625 0.728515625 0.998046875 0.740234375 0.998046875 0.7421875 0.99609375 0.7421875 0.990234375 0.740234375 0.98828125 0.740234375 0.986328125
1 0.28515625 0.970703125 0.28515625 0.97265625 0.28125 0.9765625 0.28125 0.98046875 0.283203125 0.982421875 0.283203125 0.986328125 0.28515625 0.98828125 0.28515625 0.990234375 0.287109375 0.9921875 0.291015625 0.9921875 0.294921875 0.98828125 0.294921875 0.974609375 0.291015625 0.970703125
1 0.2265625 0.943359375 0.224609375 0.9453125 0.224609375 0.951171875 0.2265625 0.953125 0.2265625 0.95703125 0.228515625 0.958984375 0.228515625 0.9609375 0.23828125 0.9609375 0.240234375 0.958984375 0.240234375 0.95703125 0.2421875 0.955078125 0.2421875 0.947265625 0.23828125 0.943359375
1 0.732421875 0.94140625 0.73046875 0.943359375 0.728515625 0.943359375 0.7265625 0.9453125 0.7265625 0.955078125 0.732421875 0.9609375 0.73828125 0.9609375 0.740234375 0.958984375 0.740234375 0.947265625 0.734375 0.94140625
1 0.8671875 0.939453125 0.865234375 0.94140625 0.861328125 0.94140625 0.849609375 0.953125 0.849609375 0.955078125 0.84765625 0.95703125 0.84765625 0.966796875 0.853515625 0.97265625 0.857421875 0.97265625 0.859375 0.974609375 0.869140625 0.974609375 0.87109375 0.97265625 0.873046875 0.97265625 0.875 0.970703125 0.876953125 0.970703125 0.880859375 0.966796875 0.880859375 0.96484375 0.884765625 0.9609375 0.884765625 0.953125 0.8828125 0.951171875 0.8828125 0.947265625 0.876953125 0.94140625 0.87109375 0.94140625 0.869140625 0.939453125
1 0.423828125 0.9296875 0.421875 0.931640625 0.421875 0.939453125 0.42578125 0.943359375 0.427734375 0.943359375 0.4296875 0.9453125 0.431640625 0.943359375 0.4375 0.943359375 0.44140625 0.939453125 0.44140625 0.93359375 0.439453125 0.931640625 0.4375 0.931640625 0.435546875 0.9296875
1 0.791015625 0.91015625 0.791015625 0.919921875 0.79296875 0.921875 0.796875 0.921875 0.80078125 0.91796875 0.80078125 0.9140625 0.796875 0.91015625
1 0.681640625 0.8984375 0.67578125 0.904296875 0.67578125 0.91015625 0.677734375 0.912109375 0.677734375 0.9140625 0.6796875 0.9140625 0.681640625 0.916015625 0.681640625 0.91796875 0.68359375 0.91796875 0.685546875 0.919921875 0.69140625 0.919921875 0.693359375 0.91796875 0.6953125 0.91796875 0.6953125 0.9140625 0.697265625 0.912109375 0.697265625 0.904296875 0.6953125 0.90234375 0.6953125 0.900390625 0.693359375 0.900390625 0.69140625 0.8984375
1 0.470703125 0.888671875 0.46875 0.890625 0.466796875 0.890625 0.458984375 0.8984375 0.458984375 0.90234375 0.4609375 0.904296875 0.4609375 0.90625 0.46484375 0.91015625 0.46484375 0.912109375 0.46875 0.916015625 0.46875 0.91796875 0.4765625 0.91796875 0.4765625 0.916015625 0.478515625 0.9140625 0.482421875 0.9140625 0.486328125 0.91015625 0.486328125 0.90625 0.48828125 0.904296875 0.48828125 0.90234375 0.486328125 0.900390625 0.486328125 0.896484375 0.478515625 0.888671875
1 0.28125 0.869140625 0.27734375 0.873046875 0.27734375 0.87890625 0.279296875 0.880859375 0.291015625 0.880859375 0.29296875 0.87890625 0.29296875 0.876953125 0.287109375 0.87109375 0.28515625 0.87109375 0.283203125 0.869140625
1 0.130859375 0.86328125 0.12890625 0.865234375 0.12890625 0.869140625 0.130859375 0.87109375 0.130859375 0.873046875 0.134765625 0.873046875 0.13671875 0.87109375 0.13671875 0.865234375 0.134765625 0.86328125
1 0.681640625 0.8359375 0.6796875 0.837890625 0.6796875 0.83984375 0.677734375 0.841796875 0.677734375 0.84375 0.6796875 0.845703125 0.6796875 0.84765625 0.681640625 0.849609375 0.68359375 0.849609375 0.685546875 0.8515625 0.6875 0.8515625 0.69140625 0.84765625 0.69140625 0.845703125 0.693359375 0.84375 0.69140625 0.841796875 0.69140625 0.837890625 0.689453125 0.837890625 0.6875 0.8359375
1 0.59375 0.8359375 0.591796875 0.837890625 0.591796875 0.83984375 0.58984375 0.841796875 0.58984375 0.84765625 0.591796875 0.849609375 0.591796875 0.8515625 0.59375 0.853515625 0.59765625 0.853515625 0.599609375 0.8515625 0.6015625 0.8515625 0.6015625 0.849609375 0.603515625 0.84765625 0.603515625 0.84375 0.6015625 0.841796875 0.6015625 0.83984375 0.59765625 0.8359375
1 0.3515625 0.82421875 0.349609375 0.826171875 0.34765625 0.826171875 0.34375 0.830078125 0.34375 0.833984375 0.34765625 0.837890625 0.35546875 0.837890625 0.359375 0.833984375 0.359375 0.828125 0.357421875 0.826171875 0.353515625 0.826171875
1 0.54296875 0.818359375 0.5390625 0.822265625 0.5390625 0.828125 0.544921875 0.833984375 0.55078125 0.833984375 0.552734375 0.83203125 0.552734375 0.830078125 0.5546875 0.828125 0.5546875 0.826171875 0.552734375 0.82421875 0.552734375 0.822265625 0.55078125 0.8203125 0.55078125 0.818359375
1 0.73828125 0.798828125 0.73828125 0.810546875 0.740234375 0.8125 0.748046875 0.8125 0.75390625 0.806640625 0.75390625 0.802734375 0.75 0.798828125
1 0.98046875 0.771484375 0.9765625 0.775390625 0.9765625 0.77734375 0.974609375 0.779296875 0.974609375 0.78125 0.9765625 0.783203125 0.9765625 0.78515625 0.98046875 0.78515625 0.98828125 0.77734375 0.98828125 0.7734375 0.986328125 0.771484375
1 0.599609375 0.7421875 0.59765625 0.744140625 0.595703125 0.744140625 0.59375 0.74609375 0.59375 0.748046875 0.591796875 0.75 0.591796875 0.755859375 0.59375 0.7578125 0.59375 0.76171875 0.595703125 0.763671875 0.595703125 0.765625 0.59765625 0.767578125 0.599609375 0.767578125 0.6015625 0.76953125 0.607421875 0.76953125 0.609375 0.767578125 0.611328125 0.767578125 0.615234375 0.763671875 0.615234375 0.7578125 0.6171875 0.755859375 0.615234375 0.75390625 0.615234375 0.75 0.607421875 0.7421875
1 0.498046875 0.734375 0.498046875 0.73828125 0.49609375 0.740234375 0.5 0.744140625 0.50390625 0.744140625 0.5078125 0.740234375 0.5078125 0.73828125 0.505859375 0.736328125 0.505859375 0.734375
1 0.259765625 0.705078125 0.255859375 0.708984375 0.255859375 0.7109375 0.2578125 0.712890625 0.2578125 0.71484375 0.259765625 0.716796875 0.26171875 0.716796875 0.263671875 0.71875 0.265625 0.71875 0.267578125 0.716796875 0.26953125 0.716796875 0.26953125 0.70703125 0.267578125 0.70703125 0.265625 0.705078125
1 0.8828125 0.646484375 0.880859375 0.6484375 0.87890625 0.6484375 0.875 0.65234375 0.875 0.66015625 0.87890625 0.6640625 0.8828125 0.6640625 0.884765625 0.666015625 0.888671875 0.666015625 0.890625 0.66796875 0.892578125 0.666015625 0.89453125 0.666015625 0.8984375 0.662109375 0.900390625 0.662109375 0.90234375 0.66015625 0.90234375 0.65625 0.900390625 0.654296875 0.900390625 0.65234375 0.8984375 0.65234375 0.896484375 0.650390625 0.89453125 0.650390625 0.890625 0.646484375
