0 0.927734375 0.876953125 0.927734375 0.87890625 0.931640625 0.8828125 0.935546875 0.8828125 0.9375 0.880859375 0.9375 0.87890625 0.935546875 0.876953125
0 0.884765625 0.71875 0.884765625 0.720703125 0.8828125 0.72265625 0.8828125 0.7265625 0.88671875 0.73046875 0.890625 0.73046875 0.89453125 0.7265625 0.89453125 0.720703125 0.892578125 0.71875
0 0.783203125 0.67578125 0.78125 0.677734375 0.779296875 0.677734375 0.77734375 0.6796875 0.775390625 0.6796875 0.771484375 0.68359375 0.771484375 0.6953125 0.7734375 0.697265625 0.783203125 0.697265625 0.78515625 0.69921875 0.794921875 0.69921875 0.796875 0.697265625 0.798828125 0.697265625 0.798828125 0.693359375 0.80078125 0.69140625 0.80078125 0.681640625 0.794921875 0.67578125
0 0.619140625 0.640625 0.615234375 0.64453125 0.615234375 0.654296875 0.62109375 0.654296875 0.625 0.650390625 0.625 0.6484375 0.623046875 0.646484375 0.623046875 0.64453125
0 0.1796875 0.63671875 0.177734375 0.638671875 0.177734375 0.646484375 0.1796875 0.6484375 0.185546875 0.6484375 0.189453125 0.64453125 0.1875 0.642578125 0.1875 0.638671875 0.185546875 0.63671875
0 0.216796875 0.625 0.212890625 0.62890625 0.212890625 0.630859375 0.2109375 0.6328125 0.212890625 0.634765625 0.212890625 0.63671875 0.216796875 0.640625 0.220703125 0.640625 0.2265625 0.634765625 0.2265625 0.62890625 0.22265625 0.625
0 0.263671875 0.61328125 0.26171875 0.615234375 0.259765625 0.615234375 0.255859375 0.619140625 0.255859375 0.625 0.2578125 0.626953125 0.259765625 0.626953125 0.26171875 0.62890625 0.263671875 0.62890625 0.26953125 0.623046875 0.26953125 0.6171875 0.265625 0.61328125
0 0.443359375 0.6015625 0.44140625 0.603515625 0.439453125 0.603515625 0.4375 0.60546875 0.4375 0.607421875 0.435546875 0.609375 0.435546875 0.611328125 0.43359375 0.61328125 0.43359375 0.615234375 0.435546875 0.6171875 0.435546875 0.62109375 0.439453125 0.625 0.439453125 0.626953125 0.44140625 0.62890625 0.451171875 0.62890625 0.453125 0.626953125 0.455078125 0.626953125 0.45703125 0.625 0.45703125 0.623046875 0.46484375 0.615234375 0.46484375 0.61328125 0.4609375 0.609375 0.458984375 0.609375 0.453125 0.603515625 0.451171875 0.603515625 0.44921875 0.6015625
0 0.69921875 0.58984375 0.689453125 0.599609375 0.689453125 0.603515625 0.69140625 0.60546875 0.69140625 0.609375 0.6953125 0.61328125 0.697265625 0.61328125 0.69921875 0.611328125 0.705078125 0.611328125 0.7109375 0.60546875 0.7109375 0.6015625 0.712890625 0.599609375 0.712890625 0.59765625 0.71484375 0.595703125 0.71484375 0.59375 0.712890625 0.591796875 0.708984375 0.591796875 0.70703125 0.58984375
0 0.736328125 0.53515625 0.732421875 0.5390625 0.732421875 0.54296875 0.734375 0.544921875 0.736328125 0.544921875 0.73828125 0.546875 0.740234375 0.546875 0.7421875 0.544921875 0.744140625 0.544921875 0.744140625 0.5390625 0.740234375 0.53515625
0 0.95703125 0.484375 0.955078125 0.486328125 0.955078125 0.48828125 0.951171875 0.4921875 0.951171875 0.498046875 0.953125 0.5 0.953125 0.50390625 0.95703125 0.5078125 0.96875 0.5078125 0.970703125 0.505859375 0.970703125 0.49609375 0.958984375 0.484375
0 0.619140625 0.365234375 0.6171875 0.3671875 0.615234375 0.3671875 0.609375 0.373046875 0.607421875 0.373046875 0.60546875 0.375 0.60546875 0.3828125 0.611328125 0.388671875 0.61328125 0.388671875 0.615234375 0.38671875 0.6171875 0.38671875 0.619140625 0.384765625 0.62109375 0.384765625 0.625 0.380859375 0.625 0.373046875 0.623046875 0.37109375 0.623046875 0.3671875 0.62109375 0.365234375
0 0.474609375 0.005859375 0.47265625 0.0078125 0.47265625 0.013671875 0.4765625 0.017578125 0.482421875 0.017578125 0.482421875 0.009765625 0.48046875 0.0078125 0.48046875 0.005859375
0 0.529296875 0.0 0.5234375 0.005859375 0.521484375 0.005859375 0.521484375 0.0078125 0.51953125 0.009765625 0.51953125 0.01171875 0.529296875 0.021484375 0.533203125 0.021484375 0.541015625 0.013671875 0.541015625 0.009765625 0.54296875 0.0078125 0.54296875 0.005859375 0.541015625 0.00390625 0.541015625 0.001953125 0.5390625 0.0
1 0.927734375 0.876953125 0.927734375 0.87890625 0.931640625 0.8828125 0.935546875 0.8828125 0.9375 0.880859375 0.9375 0.87890625 0.935546875 0.876953125
1 0.884765625 0.71875 0.884765625 0.720703125 0.8828125 0.72265625 0.8828125 0.7265625 0.88671875 0.73046875 0.890625 0.73046875 0.89453125 0.7265625 0.89453125 0.720703125 0.892578125 0.71875
1 0.783203125 0.67578125 0.78125 0.677734375 0.779296875 0.677734375 0.77734375 0.6796875 0.775390625 0.6796875 0.771484375 0.68359375 0.771484375 0.6953125 0.7734375 0.697265625 0.783203125 0.697265625 0.78515625 0.69921875 0.794921875 0.69921875 0.796875 0.697265625 0.798828125 0.697265625 0.798828125 0.693359375 0.80078125 0.69140625 0.80078125 0.681640625 0.794921875 0.67578125
1 0.619140625 0.640625 0.615234375 0.64453125 0.615234375 0.654296875 0.62109375 0.654296875 0.625 0.650390625 0.625 0.6484375 0.623046875 0.646484375 0.623046875 0.64453125
1 0.1796875 0.63671875 0.177734375 0.638671875 0.177734375 0.646484375 0.1796875 0.6484375 0.185546875 0.6484375 0.189453125 0.64453125 0.1875 0.642578125 0.1875 0.638671875 0.185546875 0.63671875
1 0.216796875 0.625 0.212890625 0.62890625 0.212890625 0.630859375 0.2109375 0.6328125 0.212890625 0.634765625 0.212890625 0.63671875 0.216796875 0.640625 0.220703125 0.640625 0.2265625 0.634765625 0.2265625 0.62890625 0.22265625 0.625
1 0.263671875 0.61328125 0.26171875 0.615234375 0.259765625 0.615234375 0.255859375 0.619140625 0.255859375 0.625 0.2578125 0.626953125 0.259765625 0.626953125 0.26171875 0.62890625 0.263671875 0.62890625 0.26953125 0.623046875 0.26953125 0.6171875 0.265625 0.61328125
1 0.443359375 0.6015625 0.44140625 0.603515625 0.439453125 0.603515625 0.4375 0.60546875 0.4375 0.607421875 0.435546875 0.609375 0.435546875 0.611328125 0.43359375 0.61328125 0.43359375 0.615234375 0.435546875 0.6171875 0.435546875 0.62109375 0.439453125 0.625 0.439453125 0.626953125 0.44140625 0.62890625 0.451171875 0.62890625 0.453125 0.626953125 0.455078125 0.626953125 0.45703125 0.625 0.45703125 0.623046875 0.46484375 0.615234375 0.46484375 0.61328125 0.4609375 0.609375 0.458984375 0.609375 0.453125 0.603515625 0.451171875 0.603515625 0.44921875 0.6015625
1 0.69921875 0.58984375 0.689453125 0.599609375 0.689453125 0.603515625 0.69140625 0.60546875 0.69140625 0.609375 0.6953125 0.61328125 0.697265625 0.61328125 0.69921875 0.611328125 0.705078125 0.611328125 0.7109375 0.60546875 0.7109375 0.6015625 0.712890625 0.599609375 0.712890625 0.59765625 0.71484375 0.595703125 0.71484375 0.59375 0.712890625 0.591796875 0.708984375 0.591796875 0.70703125 0.58984375
1 0.736328125 0.53515625 0.732421875 0.5390625 0.732421875 0.54296875 0.734375 0.544921875 0.736328125 0.544921875 0.73828125 0.546875 0.740234375 0.546875 0.7421875 0.544921875 0.744140625 0.544921875 0.744140625 0.5390625 0.740234375 0.53515625
1 0.95703125 0.484375 0.955078125 0.486328125 0.955078125 0.48828125 0.951171875 0.4921875 0.951171875 0.498046875 0.953125 0.5 0.953125 0.50390625 0.95703125 0.5078125 0.96875 0.5078125 0.970703125 0.505859375 0.970703125 0.49609375 0.958984375 0.484375
1 0.619140625 0.365234375 0.6171875 0.3671875 0.615234375 0.3671875 0.609375 0.373046875 0.607421875 0.373046875 0.60546875 0.375 0.60546875 0.3828125 0.611328125 0.388671875 0.61328125 0.388671875 0.615234375 0.38671875 0.6171875 0.38671875 0.619140625 0.384765625 0.62109375 0.384765625 0.625 0.380859375 0.625 0.373046875 0.623046875 0.37109375 0.623046875 0.3671875 0.62109375 0.365234375
1 0.474609375 0.005859375 0.47265625 0.0078125 0.47265625 0.013671875 0.4765625 0.017578125 0.482421875 0.017578125 0.482421875 0.009765625 0.48046875 0.0078125 0.48046875 0.005859375
1 0.529296875 0.0 0.5234375 0.005859375 0.521484375 0.005859375 0.521484375 0.0078125 0.51953125 0.009765625 0.51953125 0.01171875 0.529296875 0.021484375 0.533203125 0.021484375 0.541015625 0.013671875 0.541015625 0.009765625 0.54296875 0.0078125 0.54296875 0.005859375 0.541015625 0.00390625 0.541015625 0.001953125 0.5390625 0.0
