0 0.53515625 0.966796875 0.53125 0.970703125 0.53125 0.974609375 0.529296875 0.9765625 0.529296875 0.98828125 0.53125 0.990234375 0.533203125 0.990234375 0.53515625 0.9921875 0.537109375 0.9921875 0.5390625 0.990234375 0.541015625 0.990234375 0.54296875 0.98828125 0.54296875 0.986328125 0.544921875 0.984375 0.544921875 0.974609375 0.54296875 0.97265625 0.54296875 0.96875 0.541015625 0.966796875
0 0.14453125 0.888671875 0.140625 0.892578125 0.140625 0.89453125 0.138671875 0.896484375 0.138671875 0.90234375 0.142578125 0.90625 0.146484375 0.90625 0.1484375 0.904296875 0.15234375 0.904296875 0.154296875 0.90234375 0.154296875 0.89453125 0.150390625 0.890625 0.1484375 0.890625 0.146484375 0.888671875
0 0.19921875 0.845703125 0.19140625 0.853515625 0.19140625 0.85546875 0.189453125 0.857421875 0.189453125 0.859375 0.193359375 0.86328125 0.201171875 0.86328125 0.203125 0.861328125 0.205078125 0.861328125 0.20703125 0.859375 0.20703125 0.853515625 0.205078125 0.8515625 0.205078125 0.849609375 0.201171875 0.845703125
0 0.95703125 0.802734375 0.95703125 0.8046875 0.955078125 0.806640625 0.955078125 0.810546875 0.962890625 0.810546875 0.96484375 0.80859375 0.96484375 0.8046875 0.962890625 0.802734375
0 0.001953125 0.7734375 0.0 0.775390625 0.0 0.7890625 0.01171875 0.7890625 0.013671875 0.787109375 0.013671875 0.78515625 0.015625 0.783203125 0.015625 0.78125 0.013671875 0.779296875 0.013671875 0.77734375 0.01171875 0.775390625 0.009765625 0.775390625 0.0078125 0.7734375
0 0.01953125 0.74609375 0.015625 0.75 0.013671875 0.75 0.01171875 0.751953125 0.01171875 0.7578125 0.013671875 0.759765625 0.021484375 0.759765625 0.0234375 0.7578125 0.025390625 0.7578125 0.025390625 0.755859375 0.02734375 0.75390625 0.02734375 0.75 0.025390625 0.748046875 0.0234375 0.748046875 0.021484375 0.74609375
0 0.12109375 0.63671875 0.12109375 0.64453125 0.123046875 0.646484375 0.126953125 0.646484375 0.130859375 0.642578125 0.130859375 0.638671875 0.12890625 0.63671875
0 0.001953125 0.630859375 0.0 0.6328125 0.0 0.640625 0.009765625 0.640625 0.009765625 0.638671875 0.01171875 0.63671875 0.01171875 0.6328125 0.009765625 0.630859375
0 0.083984375 0.59765625 0.083984375 0.60546875 0.087890625 0.60546875 0.08984375 0.603515625 0.08984375 0.599609375 0.087890625 0.59765625
1 0.53515625 0.966796875 0.53125 0.970703125 0.53125 0.974609375 0.529296875 0.9765625 0.529296875 0.98828125 0.53125 0.990234375 0.533203125 0.990234375 0.53515625 0.9921875 0.537109375 0.9921875 0.5390625 0.990234375 0.541015625 0.990234375 0.54296875 0.98828125 0.54296875 0.986328125 0.544921875 0.984375 0.544921875 0.974609375 0.54296875 0.97265625 0.54296875 0.96875 0.541015625 0.966796875
1 0.14453125 0.888671875 0.140625 0.892578125 0.140625 0.89453125 0.138671875 0.896484375 0.138671875 0.90234375 0.142578125 0.90625 0.146484375 0.90625 0.1484375 0.904296875 0.15234375 0.904296875 0.154296875 0.90234375 0.154296875 0.89453125 0.150390625 0.890625 0.1484375 0.890625 0.146484375 0.888671875
1 0.19921875 0.845703125 0.19140625 0.853515625 0.19140625 0.85546875 0.189453125 0.857421875 0.189453125 0.859375 0.193359375 0.86328125 0.201171875 0.86328125 0.203125 0.861328125 0.205078125 0.861328125 0.20703125 0.859375 0.20703125 0.853515625 0.205078125 0.8515625 0.205078125 0.849609375 0.201171875 0.845703125
1 0.95703125 0.802734375 0.95703125 0.8046875 0.955078125 0.806640625 0.955078125 0.810546875 0.962890625 0.810546875 0.96484375 0.80859375 0.96484375 0.8046875 0.962890625 0.802734375
1 0.001953125 0.7734375 0.0 0.775390625 0.0 0.7890625 0.01171875 0.7890625 0.013671875 0.787109375 0.013671875 0.78515625 0.015625 0.783203125 0.015625 0.78125 0.013671875 0.779296875 0.013671875 0.77734375 0.01171875 0.775390625 0.009765625 0.775390625 0.0078125 0.7734375
1 0.01953125 0.74609375 0.015625 0.75 0.013671875 0.75 0.01171875 0.751953125 0.01171875 0.7578125 0.013671875 0.759765625 0.021484375 0.759765625 0.0234375 0.7578125 0.025390625 0.7578125 0.025390625 0.755859375 0.02734375 0.75390625 0.02734375 0.75 0.025390625 0.748046875 0.0234375 0.748046875 0.021484375 0.74609375
1 0.12109375 0.63671875 0.12109375 0.64453125 0.123046875 0.646484375 0.126953125 0.646484375 0.130859375 0.642578125 0.130859375 0.638671875 0.12890625 0.63671875
1 0.001953125 0.630859375 0.0 0.6328125 0.0 0.640625 0.009765625 0.640625 0.009765625 0.638671875 0.01171875 0.63671875 0.01171875 0.6328125 0.009765625 0.630859375
1 0.083984375 0.59765625 0.083984375 0.60546875 0.087890625 0.60546875 0.08984375 0.603515625 0.08984375 0.599609375 0.087890625 0.59765625
