0 0.240234375 0.912109375 0.240234375 0.921875 0.2421875 0.923828125 0.244140625 0.923828125 0.24609375 0.921875 0.248046875 0.921875 0.248046875 0.919921875 0.25 0.91796875 0.25 0.9140625 0.248046875 0.912109375
0 0.056640625 0.88671875 0.056640625 0.890625 0.05859375 0.892578125 0.064453125 0.892578125 0.06640625 0.890625 0.06640625 0.888671875 0.064453125 0.88671875
0 0.568359375 0.8046875 0.56640625 0.806640625 0.564453125 0.806640625 0.5625 0.80859375 0.560546875 0.80859375 0.55859375 0.810546875 0.55859375 0.814453125 0.556640625 0.81640625 0.556640625 0.822265625 0.55859375 0.82421875 0.55859375 0.828125 0.560546875 0.830078125 0.560546875 0.83203125 0.5625 0.833984375 0.57421875 0.833984375 0.576171875 0.83203125 0.580078125 0.83203125 0.58203125 0.830078125 0.583984375 0.830078125 0.587890625 0.826171875 0.587890625 0.8203125 0.5859375 0.818359375 0.5859375 0.81640625 0.583984375 0.814453125 0.583984375 0.8125 0.58203125 0.810546875 0.58203125 0.80859375 0.580078125 0.806640625 0.578125 0.806640625 0.576171875 0.8046875
0 0.619140625 0.7421875 0.61328125 0.748046875 0.61328125 0.75 0.611328125 0.751953125 0.611328125 0.755859375 0.6171875 0.76171875 0.619140625 0.76171875 0.62109375 0.759765625 0.625 0.759765625 0.626953125 0.7578125 0.626953125 0.755859375 0.62890625 0.75390625 0.62890625 0.751953125 0.630859375 0.75 0.62890625 0.748046875 0.62890625 0.74609375 0.625 0.7421875
0 0.216796875 0.71484375 0.212890625 0.71875 0.212890625 0.724609375 0.216796875 0.724609375 0.21875 0.7265625 0.2265625 0.7265625 0.23046875 0.72265625 0.22265625 0.71484375
0 0.9765625 0.611328125 0.974609375 0.61328125 0.974609375 0.6171875 0.97265625 0.619140625 0.97265625 0.623046875 0.974609375 0.625 0.974609375 0.62890625 0.9765625 0.630859375 0.98046875 0.630859375 0.986328125 0.625 0.986328125 0.619140625 0.984375 0.6171875 0.984375 0.61328125 0.982421875 0.611328125
0 0.076171875 0.595703125 0.0703125 0.6015625 0.07421875 0.60546875 0.07421875 0.607421875 0.078125 0.611328125 0.083984375 0.611328125 0.091796875 0.603515625 0.091796875 0.599609375 0.08984375 0.59765625 0.087890625 0.59765625 0.0859375 0.595703125
0 0.263671875 0.537109375 0.26171875 0.5390625 0.259765625 0.5390625 0.2578125 0.541015625 0.25390625 0.541015625 0.251953125 0.54296875 0.251953125 0.5546875 0.25390625 0.5546875 0.255859375 0.556640625 0.2578125 0.556640625 0.259765625 0.55859375 0.26953125 0.55859375 0.275390625 0.552734375 0.275390625 0.544921875 0.267578125 0.537109375
0 0.078125 0.478515625 0.076171875 0.48046875 0.07421875 0.48046875 0.072265625 0.482421875 0.072265625 0.494140625 0.076171875 0.498046875 0.08203125 0.498046875 0.083984375 0.49609375 0.0859375 0.49609375 0.0859375 0.494140625 0.087890625 0.4921875 0.087890625 0.48828125 0.08984375 0.486328125 0.08984375 0.48046875 0.087890625 0.478515625
0 0.4140625 0.439453125 0.41015625 0.443359375 0.41015625 0.4453125 0.408203125 0.447265625 0.412109375 0.451171875 0.4140625 0.451171875 0.416015625 0.453125 0.41796875 0.453125 0.419921875 0.451171875 0.421875 0.451171875 0.42578125 0.447265625 0.42578125 0.4453125 0.423828125 0.443359375 0.423828125 0.44140625 0.421875 0.44140625 0.419921875 0.439453125
1 0.240234375 0.912109375 0.240234375 0.921875 0.2421875 0.923828125 0.244140625 0.923828125 0.24609375 0.921875 0.248046875 0.921875 0.248046875 0.919921875 0.25 0.91796875 0.25 0.9140625 0.248046875 0.912109375
1 0.056640625 0.88671875 0.056640625 0.890625 0.05859375 0.892578125 0.064453125 0.892578125 0.06640625 0.890625 0.06640625 0.888671875 0.064453125 0.88671875
1 0.568359375 0.8046875 0.56640625 0.806640625 0.564453125 0.806640625 0.5625 0.80859375 0.560546875 0.80859375 0.55859375 0.810546875 0.55859375 0.814453125 0.556640625 0.81640625 0.556640625 0.822265625 0.55859375 0.82421875 0.55859375 0.828125 0.560546875 0.830078125 0.560546875 0.83203125 0.5625 0.833984375 0.57421875 0.833984375 0.576171875 0.83203125 0.580078125 0.83203125 0.58203125 0.830078125 0.583984375 0.830078125 0.587890625 0.826171875 0.587890625 0.8203125 0.5859375 0.818359375 0.5859375 0.81640625 0.583984375 0.814453125 0.583984375 0.8125 0.58203125 0.810546875 0.58203125 0.80859375 0.580078125 0.806640625 0.578125 0.806640625 0.576171875 0.8046875
1 0.619140625 0.7421875 0.61328125 0.748046875 0.61328125 0.75 0.611328125 0.751953125 0.611328125 0.755859375 0.6171875 0.76171875 0.619140625 0.76171875 0.62109375 0.759765625 0.625 0.759765625 0.626953125 0.7578125 0.626953125 0.755859375 0.62890625 0.75390625 0.62890625 0.751953125 0.630859375 0.75 0.62890625 0.748046875 0.62890625 0.74609375 0.625 0.7421875
1 0.216796875 0.71484375 0.212890625 0.71875 0.212890625 0.724609375 0.216796875 0.724609375 0.21875 0.7265625 0.2265625 0.7265625 0.23046875 0.72265625 0.22265625 0.71484375
1 0.9765625 0.611328125 0.974609375 0.61328125 0.974609375 0.6171875 0.97265625 0.619140625 0.97265625 0.623046875 0.974609375 0.625 0.974609375 0.62890625 0.9765625 0.630859375 0.98046875 0.630859375 0.986328125 0.625 0.986328125 0.619140625 0.984375 0.6171875 0.984375 0.61328125 0.982421875 0.611328125
1 0.076171875 0.595703125 0.0703125 0.6015625 0.07421875 0.60546875 0.07421875 0.607421875 0.078125 0.611328125 0.083984375 0.611328125 0.091796875 0.603515625 0.091796875 0.599609375 0.08984375 0.59765625 0.087890625 0.59765625 0.0859375 0.595703125
1 0.263671875 0.537109375 0.26171875 0.5390625 0.259765625 0.5390625 0.2578125 0.541015625 0.25390625 0.541015625 0.251953125 0.54296875 0.251953125 0.5546875 0.25390625 0.5546875 0.255859375 0.556640625 0.2578125 0.556640625 0.259765625 0.55859375 0.26953125 0.55859375 0.275390625 0.552734375 0.275390625 0.544921875 0.267578125 0.537109375
1 0.078125 0.478515625 0.076171875 0.48046875 0.07421875 0.48046875 0.072265625 0.482421875 0.072265625 0.494140625 0.076171875 0.498046875 0.08203125 0.498046875 0.083984375 0.49609375 0.0859375 0.49609375 0.0859375 0.494140625 0.087890625 0.4921875 0.087890625 0.48828125 0.08984375 0.486328125 0.08984375 0.48046875 0.087890625 0.478515625
1 0.4140625 0.439453125 0.41015625 0.443359375 0.41015625 0.4453125 0.408203125 0.447265625 0.412109375 0.451171875 0.4140625 0.451171875 0.416015625 0.453125 0.41796875 0.453125 0.419921875 0.451171875 0.421875 0.451171875 0.42578125 0.447265625 0.42578125 0.4453125 0.423828125 0.443359375 0.423828125 0.44140625 0.421875 0.44140625 0.419921875 0.439453125
