0 0.087890625 0.857421875 0.0859375 0.859375 0.0859375 0.865234375 0.087890625 0.8671875 0.09375 0.8671875 0.095703125 0.865234375 0.095703125 0.861328125 0.09375 0.859375 0.091796875 0.859375 0.08984375 0.857421875
0 0.0703125 0.81640625 0.068359375 0.818359375 0.068359375 0.830078125 0.0703125 0.83203125 0.072265625 0.83203125 0.07421875 0.830078125 0.076171875 0.830078125 0.078125 0.828125 0.080078125 0.828125 0.08203125 0.826171875 0.08203125 0.82421875 0.083984375 0.822265625 0.083984375 0.8203125 0.08203125 0.818359375 0.080078125 0.818359375 0.078125 0.81640625
0 0.01171875 0.798828125 0.01171875 0.802734375 0.017578125 0.80859375 0.01953125 0.806640625 0.01953125 0.80078125 0.017578125 0.798828125
0 0.296875 0.560546875 0.294921875 0.5625 0.29296875 0.5625 0.29296875 0.564453125 0.291015625 0.56640625 0.291015625 0.5703125 0.2890625 0.572265625 0.2890625 0.57421875 0.291015625 0.576171875 0.291015625 0.578125 0.29296875 0.580078125 0.298828125 0.580078125 0.3046875 0.57421875 0.3046875 0.564453125 0.30078125 0.560546875
0 0.025390625 0.55859375 0.0234375 0.560546875 0.0234375 0.56640625 0.025390625 0.568359375 0.02734375 0.56640625 0.029296875 0.56640625 0.029296875 0.564453125 0.03125 0.5625 0.03125 0.560546875 0.029296875 0.55859375
0 0.29296875 0.53515625 0.2890625 0.5390625 0.2890625 0.541015625 0.296875 0.541015625 0.298828125 0.5390625 0.298828125 0.537109375 0.296875 0.53515625
0 0.380859375 0.439453125 0.37890625 0.44140625 0.376953125 0.44140625 0.373046875 0.4453125 0.373046875 0.45703125 0.375 0.458984375 0.384765625 0.458984375 0.388671875 0.455078125 0.388671875 0.453125 0.390625 0.451171875 0.390625 0.447265625 0.388671875 0.4453125 0.388671875 0.44140625 0.38671875 0.439453125
0 0.12109375 0.3984375 0.119140625 0.400390625 0.119140625 0.408203125 0.12109375 0.41015625 0.125 0.41015625 0.126953125 0.408203125 0.12890625 0.408203125 0.12890625 0.40234375 0.125 0.3984375
0 0.06640625 0.390625 0.0625 0.39453125 0.060546875 0.39453125 0.056640625 0.3984375 0.0546875 0.3984375 0.0546875 0.400390625 0.05078125 0.404296875 0.05078125 0.408203125 0.052734375 0.41015625 0.052734375 0.412109375 0.0546875 0.4140625 0.0546875 0.416015625 0.056640625 0.41796875 0.056640625 0.419921875 0.072265625 0.419921875 0.07421875 0.421875 0.08203125 0.421875 0.0859375 0.41796875 0.0859375 0.408203125 0.083984375 0.40625 0.083984375 0.400390625 0.08203125 0.3984375 0.08203125 0.39453125 0.080078125 0.392578125 0.078125 0.392578125 0.076171875 0.390625
0 0.14453125 0.298828125 0.140625 0.302734375 0.140625 0.3046875 0.1484375 0.3125 0.15625 0.3125 0.16015625 0.30859375 0.16015625 0.302734375 0.15625 0.298828125
0 0.396484375 0.2578125 0.39453125 0.259765625 0.39453125 0.26171875 0.392578125 0.263671875 0.392578125 0.265625 0.400390625 0.265625 0.40234375 0.263671875 0.40234375 0.259765625 0.400390625 0.2578125
0 0.240234375 0.2265625 0.23828125 0.228515625 0.236328125 0.228515625 0.23046875 0.234375 0.23046875 0.23828125 0.228515625 0.240234375 0.228515625 0.2421875 0.23046875 0.244140625 0.23046875 0.24609375 0.232421875 0.248046875 0.232421875 0.25 0.234375 0.251953125 0.236328125 0.251953125 0.23828125 0.25390625 0.248046875 0.25390625 0.251953125 0.25 0.251953125 0.248046875 0.255859375 0.244140625 0.255859375 0.236328125 0.25390625 0.234375 0.251953125 0.234375 0.244140625 0.2265625
0 0.240234375 0.19140625 0.23828125 0.193359375 0.236328125 0.193359375 0.236328125 0.1953125 0.234375 0.197265625 0.234375 0.201171875 0.23828125 0.205078125 0.244140625 0.205078125 0.24609375 0.203125 0.24609375 0.19921875 0.244140625 0.197265625 0.244140625 0.193359375 0.2421875 0.19140625
0 0.35546875 0.15234375 0.349609375 0.158203125 0.349609375 0.1640625 0.3515625 0.1640625 0.353515625 0.166015625 0.357421875 0.166015625 0.359375 0.16796875 0.361328125 0.16796875 0.36328125 0.166015625 0.365234375 0.166015625 0.365234375 0.158203125 0.359375 0.15234375
0 0.193359375 0.146484375 0.19140625 0.1484375 0.189453125 0.1484375 0.1875 0.150390625 0.185546875 0.150390625 0.181640625 0.154296875 0.181640625 0.16796875 0.18359375 0.169921875 0.18359375 0.171875 0.19140625 0.1796875 0.201171875 0.1796875 0.205078125 0.17578125 0.205078125 0.16796875 0.20703125 0.166015625 0.20703125 0.15625 0.208984375 0.154296875 0.208984375 0.150390625 0.20703125 0.1484375 0.205078125 0.1484375 0.203125 0.146484375
0 0.7109375 0.140625 0.708984375 0.142578125 0.708984375 0.14453125 0.7109375 0.146484375 0.71484375 0.146484375 0.71484375 0.142578125 0.712890625 0.140625
0 0.142578125 0.134765625 0.140625 0.13671875 0.138671875 0.13671875 0.138671875 0.142578125 0.13671875 0.14453125 0.13671875 0.16015625 0.140625 0.1640625 0.154296875 0.1640625 0.15625 0.162109375 0.16015625 0.162109375 0.162109375 0.16015625 0.162109375 0.158203125 0.1640625 0.15625 0.166015625 0.15625 0.16796875 0.154296875 0.16796875 0.15234375 0.169921875 0.150390625 0.169921875 0.142578125 0.16796875 0.140625 0.16796875 0.13671875 0.166015625 0.134765625
0 0.63671875 0.083984375 0.63671875 0.0859375 0.634765625 0.087890625 0.634765625 0.08984375 0.63671875 0.091796875 0.63671875 0.09375 0.642578125 0.09375 0.646484375 0.08984375 0.646484375 0.0859375 0.64453125 0.083984375
0 0.142578125 0.052734375 0.138671875 0.056640625 0.138671875 0.05859375 0.13671875 0.060546875 0.13671875 0.0625 0.1328125 0.06640625 0.1328125 0.080078125 0.134765625 0.08203125 0.134765625 0.083984375 0.13671875 0.0859375 0.13671875 0.087890625 0.138671875 0.08984375 0.138671875 0.091796875 0.142578125 0.095703125 0.1640625 0.095703125 0.166015625 0.09375 0.16796875 0.09375 0.169921875 0.095703125 0.173828125 0.095703125 0.1796875 0.08984375 0.1796875 0.083984375 0.177734375 0.08203125 0.177734375 0.06640625 0.1796875 0.064453125 0.1796875 0.060546875 0.177734375 0.05859375 0.17578125 0.05859375 0.169921875 0.052734375
0 0.650390625 0.001953125 0.650390625 0.00390625 0.6484375 0.005859375 0.6484375 0.015625 0.650390625 0.017578125 0.65625 0.017578125 0.658203125 0.015625 0.658203125 0.013671875 0.66015625 0.01171875 0.66015625 0.0078125 0.658203125 0.005859375 0.658203125 0.00390625 0.65625 0.001953125
1 0.087890625 0.857421875 0.0859375 0.859375 0.0859375 0.865234375 0.087890625 0.8671875 0.09375 0.8671875 0.095703125 0.865234375 0.095703125 0.861328125 0.09375 0.859375 0.091796875 0.859375 0.08984375 0.857421875
1 0.0703125 0.81640625 0.068359375 0.818359375 0.068359375 0.830078125 0.0703125 0.83203125 0.072265625 0.83203125 0.07421875 0.830078125 0.076171875 0.830078125 0.078125 0.828125 0.080078125 0.828125 0.08203125 0.826171875 0.08203125 0.82421875 0.083984375 0.822265625 0.083984375 0.8203125 0.08203125 0.818359375 0.080078125 0.818359375 0.078125 0.81640625
1 0.01171875 0.798828125 0.01171875 0.802734375 0.017578125 0.80859375 0.01953125 0.806640625 0.01953125 0.80078125 0.017578125 0.798828125
1 0.296875 0.560546875 0.294921875 0.5625 0.29296875 0.5625 0.29296875 0.564453125 0.291015625 0.56640625 0.291015625 0.5703125 0.2890625 0.572265625 0.2890625 0.57421875 0.291015625 0.576171875 0.291015625 0.578125 0.29296875 0.580078125 0.298828125 0.580078125 0.3046875 0.57421875 0.3046875 0.564453125 0.30078125 0.560546875
1 0.025390625 0.55859375 0.0234375 0.560546875 0.0234375 0.56640625 0.025390625 0.568359375 0.02734375 0.56640625 0.029296875 0.56640625 0.029296875 0.564453125 0.03125 0.5625 0.03125 0.560546875 0.029296875 0.55859375
1 0.29296875 0.53515625 0.2890625 0.5390625 0.2890625 0.541015625 0.296875 0.541015625 0.298828125 0.5390625 0.298828125 0.537109375 0.296875 0.53515625
1 0.380859375 0.439453125 0.37890625 0.44140625 0.376953125 0.44140625 0.373046875 0.4453125 0.373046875 0.45703125 0.375 0.458984375 0.384765625 0.458984375 0.388671875 0.455078125 0.388671875 0.453125 0.390625 0.451171875 0.390625 0.447265625 0.388671875 0.4453125 0.388671875 0.44140625 0.38671875 0.439453125
1 0.12109375 0.3984375 0.119140625 0.400390625 0.119140625 0.408203125 0.12109375 0.41015625 0.125 0.41015625 0.126953125 0.408203125 0.12890625 0.408203125 0.12890625 0.40234375 0.125 0.3984375
1 0.06640625 0.390625 0.0625 0.39453125 0.060546875 0.39453125 0.056640625 0.3984375 0.0546875 0.3984375 0.0546875 0.400390625 0.05078125 0.404296875 0.05078125 0.408203125 0.052734375 0.41015625 0.052734375 0.412109375 0.0546875 0.4140625 0.0546875 0.416015625 0.056640625 0.41796875 0.056640625 0.419921875 0.072265625 0.419921875 0.07421875 0.421875 0.08203125 0.421875 0.0859375 0.41796875 0.0859375 0.408203125 0.083984375 0.40625 0.083984375 0.400390625 0.08203125 0.3984375 0.08203125 0.39453125 0.080078125 0.392578125 0.078125 0.392578125 0.076171875 0.390625
1 0.14453125 0.298828125 0.140625 0.302734375 0.140625 0.3046875 0.1484375 0.3125 0.15625 0.3125 0.16015625 0.30859375 0.16015625 0.302734375 0.15625 0.298828125
1 0.396484375 0.2578125 0.39453125 0.259765625 0.39453125 0.26171875 0.392578125 0.263671875 0.392578125 0.265625 0.400390625 0.265625 0.40234375 0.263671875 0.40234375 0.259765625 0.400390625 0.2578125
1 0.240234375 0.2265625 0.23828125 0.228515625 0.236328125 0.228515625 0.23046875 0.234375 0.23046875 0.23828125 0.228515625 0.240234375 0.228515625 0.2421875 0.23046875 0.244140625 0.23046875 0.24609375 0.232421875 0.248046875 0.232421875 0.25 0.234375 0.251953125 0.236328125 0.251953125 0.23828125 0.25390625 0.248046875 0.25390625 0.251953125 0.25 0.251953125 0.248046875 0.255859375 0.244140625 0.255859375 0.236328125 0.25390625 0.234375 0.251953125 0.234375 0.244140625 0.2265625
1 0.240234375 0.19140625 0.23828125 0.193359375 0.236328125 0.193359375 0.236328125 0.1953125 0.234375 0.197265625 0.234375 0.201171875 0.23828125 0.205078125 0.244140625 0.205078125 0.24609375 0.203125 0.24609375 0.19921875 0.244140625 0.197265625 0.244140625 0.193359375 0.2421875 0.19140625
1 0.35546875 0.15234375 0.349609375 0.158203125 0.349609375 0.1640625 0.3515625 0.1640625 0.353515625 0.166015625 0.357421875 0.166015625 0.359375 0.16796875 0.361328125 0.16796875 0.36328125 0.166015625 0.365234375 0.166015625 0.365234375 0.158203125 0.359375 0.15234375
1 0.193359375 0.146484375 0.19140625 0.1484375 0.189453125 0.1484375 0.1875 0.150390625 0.185546875 0.150390625 0.181640625 0.154296875 0.181640625 0.16796875 0.18359375 0.169921875 0.18359375 0.171875 0.19140625 0.1796875 0.201171875 0.1796875 0.205078125 0.17578125 0.205078125 0.16796875 0.20703125 0.166015625 0.20703125 0.15625 0.208984375 0.154296875 0.208984375 0.150390625 0.20703125 0.1484375 0.205078125 0.1484375 0.203125 0.146484375
1 0.7109375 0.140625 0.708984375 0.142578125 0.708984375 0.14453125 0.7109375 0.146484375 0.71484375 0.146484375 0.71484375 0.142578125 0.712890625 0.140625
1 0.142578125 0.134765625 0.140625 0.13671875 0.138671875 0.13671875 0.138671875 0.142578125 0.13671875 0.14453125 0.13671875 0.16015625 0.140625 0.1640625 0.154296875 0.1640625 0.15625 0.162109375 0.16015625 0.162109375 0.162109375 0.16015625 0.162109375 0.158203125 0.1640625 0.15625 0.166015625 0.15625 0.16796875 0.154296875 0.16796875 0.15234375 0.169921875 0.150390625 0.169921875 0.142578125 0.16796875 0.140625 0.16796875 0.13671875 0.166015625 0.134765625
1 0.63671875 0.083984375 0.63671875 0.0859375 0.634765625 0.087890625 0.634765625 0.08984375 0.63671875 0.091796875 0.63671875 0.09375 0.642578125 0.09375 0.646484375 0.08984375 0.646484375 0.0859375 0.64453125 0.083984375
1 0.142578125 0.052734375 0.138671875 0.056640625 0.138671875 0.05859375 0.13671875 0.060546875 0.13671875 0.0625 0.1328125 0.06640625 0.1328125 0.080078125 0.134765625 0.08203125 0.134765625 0.083984375 0.13671875 0.0859375 0.13671875 0.087890625 0.138671875 0.08984375 0.138671875 0.091796875 0.142578125 0.095703125 0.1640625 0.095703125 0.166015625 0.09375 0.16796875 0.09375 0.169921875 0.095703125 0.173828125 0.095703125 0.1796875 0.08984375 0.1796875 0.083984375 0.177734375 0.08203125 0.177734375 0.06640625 0.1796875 0.064453125 0.1796875 0.060546875 0.177734375 0.05859375 0.17578125 0.05859375 0.169921875 0.052734375
1 0.650390625 0.001953125 0.650390625 0.00390625 0.6484375 0.005859375 0.6484375 0.015625 0.650390625 0.017578125 0.65625 0.017578125 0.658203125 0.015625 0.658203125 0.013671875 0.66015625 0.01171875 0.66015625 0.0078125 0.658203125 0.005859375 0.658203125 0.00390625 0.65625 0.001953125
