0 0.79296875 0.96875 0.791015625 0.970703125 0.7890625 0.970703125 0.787109375 0.97265625 0.78515625 0.97265625 0.783203125 0.974609375 0.783203125 0.9765625 0.78125 0.978515625 0.783203125 0.98046875 0.783203125 0.986328125 0.78515625 0.98828125 0.78515625 0.998046875 0.802734375 0.998046875 0.802734375 0.99609375 0.80859375 0.990234375 0.80859375 0.98828125 0.810546875 0.986328125 0.810546875 0.982421875 0.796875 0.96875
0 0.71875 0.921875 0.716796875 0.923828125 0.716796875 0.931640625 0.71875 0.93359375 0.724609375 0.93359375 0.7265625 0.931640625 0.7265625 0.927734375 0.728515625 0.92578125 0.7265625 0.923828125 0.7265625 0.921875
0 0.865234375 0.2890625 0.86328125 0.291015625 0.861328125 0.291015625 0.859375 0.29296875 0.859375 0.298828125 0.86328125 0.302734375 0.87109375 0.302734375 0.873046875 0.30078125 0.875 0.30078125 0.876953125 0.298828125 0.876953125 0.29296875 0.873046875 0.2890625
0 0.8515625 0.1328125 0.849609375 0.134765625 0.84765625 0.134765625 0.845703125 0.13671875 0.845703125 0.15625 0.849609375 0.16015625 0.8515625 0.16015625 0.853515625 0.162109375 0.859375 0.162109375 0.86328125 0.158203125 0.86328125 0.15625 0.865234375 0.154296875 0.865234375 0.150390625 0.8671875 0.1484375 0.8671875 0.146484375 0.865234375 0.14453125 0.865234375 0.140625 0.8671875 0.138671875 0.8671875 0.13671875 0.865234375 0.134765625 0.861328125 0.134765625 0.859375 0.1328125
0 0.7109375 0.126953125 0.708984375 0.12890625 0.708984375 0.13671875 0.7109375 0.13671875 0.712890625 0.138671875 0.71484375 0.138671875 0.716796875 0.13671875 0.71875 0.13671875 0.720703125 0.134765625 0.720703125 0.1328125 0.71875 0.130859375 0.71875 0.12890625 0.716796875 0.12890625 0.71484375 0.126953125
0 0.16796875 0.126953125 0.166015625 0.12890625 0.166015625 0.130859375 0.16796875 0.1328125 0.171875 0.1328125 0.173828125 0.130859375 0.17578125 0.130859375 0.17578125 0.12890625 0.173828125 0.126953125
1 0.79296875 0.96875 0.791015625 0.970703125 0.7890625 0.970703125 0.787109375 0.97265625 0.78515625 0.97265625 0.783203125 0.974609375 0.783203125 0.9765625 0.78125 0.978515625 0.783203125 0.98046875 0.783203125 0.986328125 0.78515625 0.98828125 0.78515625 0.998046875 0.802734375 0.998046875 0.802734375 0.99609375 0.80859375 0.990234375 0.80859375 0.98828125 0.810546875 0.986328125 0.810546875 0.982421875 0.796875 0.96875
1 0.71875 0.921875 0.716796875 0.923828125 0.716796875 0.931640625 0.71875 0.93359375 0.724609375 0.93359375 0.7265625 0.931640625 0.7265625 0.927734375 0.728515625 0.92578125 0.7265625 0.923828125 0.7265625 0.921875
1 0.865234375 0.2890625 0.86328125 0.291015625 0.861328125 0.291015625 0.859375 0.29296875 0.859375 0.298828125 0.86328125 0.302734375 0.87109375 0.302734375 0.873046875 0.30078125 0.875 0.30078125 0.876953125 0.298828125 0.876953125 0.29296875 0.873046875 0.2890625
1 0.8515625 0.1328125 0.849609375 0.134765625 0.84765625 0.134765625 0.845703125 0.13671875 0.845703125 0.15625 0.849609375 0.16015625 0.8515625 0.16015625 0.853515625 0.162109375 0.859375 0.162109375 0.86328125 0.158203125 0.86328125 0.15625 0.865234375 0.154296875 0.865234375 0.150390625 0.8671875 0.1484375 0.8671875 0.146484375 0.865234375 0.14453125 0.865234375 0.140625 0.8671875 0.138671875 0.8671875 0.13671875 0.865234375 0.134765625 0.861328125 0.134765625 0.859375 0.1328125
1 0.7109375 0.126953125 0.708984375 0.12890625 0.708984375 0.13671875 0.7109375 0.13671875 0.712890625 0.138671875 0.71484375 0.138671875 0.716796875 0.13671875 0.71875 0.13671875 0.720703125 0.134765625 0.720703125 0.1328125 0.71875 0.130859375 0.71875 0.12890625 0.716796875 0.12890625 0.71484375 0.126953125
1 0.16796875 0.126953125 0.166015625 0.12890625 0.166015625 0.130859375 0.16796875 0.1328125 0.171875 0.1328125 0.173828125 0.130859375 0.17578125 0.130859375 0.17578125 0.12890625 0.173828125 0.126953125
