0 0.9140625 0.888671875 0.912109375 0.890625 0.912109375 0.896484375 0.9140625 0.8984375 0.921875 0.8984375 0.921875 0.890625 0.91796875 0.890625 0.916015625 0.888671875
0 0.75 0.8671875 0.75 0.869140625 0.748046875 0.87109375 0.748046875 0.875 0.75 0.876953125 0.751953125 0.876953125 0.75390625 0.875 0.75390625 0.869140625 0.751953125 0.8671875
0 0.044921875 0.75 0.04296875 0.751953125 0.041015625 0.751953125 0.041015625 0.759765625 0.048828125 0.759765625 0.05078125 0.7578125 0.05078125 0.75390625 0.048828125 0.751953125 0.046875 0.751953125
0 0.30859375 0.6328125 0.306640625 0.634765625 0.306640625 0.638671875 0.3125 0.638671875 0.3125 0.634765625 0.310546875 0.6328125
0 0.796875 0.603515625 0.794921875 0.60546875 0.79296875 0.60546875 0.79296875 0.607421875 0.791015625 0.609375 0.791015625 0.61328125 0.79296875 0.615234375 0.80078125 0.615234375 0.802734375 0.61328125 0.802734375 0.607421875 0.798828125 0.603515625
0 0.60546875 0.59765625 0.603515625 0.599609375 0.6015625 0.599609375 0.59765625 0.603515625 0.59765625 0.607421875 0.599609375 0.609375 0.609375 0.609375 0.611328125 0.607421875 0.611328125 0.6015625 0.609375 0.599609375 0.607421875 0.599609375
0 0.08203125 0.533203125 0.078125 0.537109375 0.078125 0.541015625 0.080078125 0.54296875 0.083984375 0.54296875 0.0859375 0.541015625 0.087890625 0.541015625 0.087890625 0.537109375 0.083984375 0.533203125
0 0.244140625 0.50390625 0.2421875 0.505859375 0.2421875 0.51171875 0.244140625 0.51171875 0.24609375 0.513671875 0.25 0.513671875 0.251953125 0.51171875 0.251953125 0.50390625
0 0.80078125 0.427734375 0.798828125 0.4296875 0.798828125 0.43359375 0.80078125 0.435546875 0.802734375 0.43359375 0.802734375 0.4296875
0 0.34375 0.37109375 0.34375 0.375 0.345703125 0.376953125 0.349609375 0.376953125 0.3515625 0.375 0.3515625 0.373046875 0.349609375 0.37109375
0 0.806640625 0.369140625 0.8046875 0.37109375 0.8046875 0.373046875 0.806640625 0.375 0.8125 0.375 0.8125 0.373046875 0.814453125 0.37109375 0.8125 0.369140625
0 0.267578125 0.173828125 0.265625 0.17578125 0.265625 0.1796875 0.267578125 0.181640625 0.26953125 0.1796875 0.26953125 0.17578125
1 0.9140625 0.888671875 0.912109375 0.890625 0.912109375 0.896484375 0.9140625 0.8984375 0.921875 0.8984375 0.921875 0.890625 0.91796875 0.890625 0.916015625 0.888671875
1 0.75 0.8671875 0.75 0.869140625 0.748046875 0.87109375 0.748046875 0.875 0.75 0.876953125 0.751953125 0.876953125 0.75390625 0.875 0.75390625 0.869140625 0.751953125 0.8671875
1 0.044921875 0.75 0.04296875 0.751953125 0.041015625 0.751953125 0.041015625 0.759765625 0.048828125 0.759765625 0.05078125 0.7578125 0.05078125 0.75390625 0.048828125 0.751953125 0.046875 0.751953125
1 0.30859375 0.6328125 0.306640625 0.634765625 0.306640625 0.638671875 0.3125 0.638671875 0.3125 0.634765625 0.310546875 0.6328125
1 0.796875 0.603515625 0.794921875 0.60546875 0.79296875 0.60546875 0.79296875 0.607421875 0.791015625 0.609375 0.791015625 0.61328125 0.79296875 0.615234375 0.80078125 0.615234375 0.802734375 0.61328125 0.802734375 0.607421875 0.798828125 0.603515625
1 0.60546875 0.59765625 0.603515625 0.599609375 0.6015625 0.599609375 0.59765625 0.603515625 0.59765625 0.607421875 0.599609375 0.609375 0.609375 0.609375 0.611328125 0.607421875 0.611328125 0.6015625 0.609375 0.599609375 0.607421875 0.599609375
1 0.08203125 0.533203125 0.078125 0.537109375 0.078125 0.541015625 0.080078125 0.54296875 0.083984375 0.54296875 0.0859375 0.541015625 0.087890625 0.541015625 0.087890625 0.537109375 0.083984375 0.533203125
1 0.244140625 0.50390625 0.2421875 0.505859375 0.2421875 0.51171875 0.244140625 0.51171875 0.24609375 0.513671875 0.25 0.513671875 0.251953125 0.51171875 0.251953125 0.50390625
1 0.80078125 0.427734375 0.798828125 0.4296875 0.798828125 0.43359375 0.80078125 0.435546875 0.802734375 0.43359375 0.802734375 0.4296875
1 0.34375 0.37109375 0.34375 0.375 0.345703125 0.376953125 0.349609375 0.376953125 0.3515625 0.375 0.3515625 0.373046875 0.349609375 0.37109375
1 0.806640625 0.369140625 0.8046875 0.37109375 0.8046875 0.373046875 0.806640625 0.375 0.8125 0.375 0.8125 0.373046875 0.814453125 0.37109375 0.8125 0.369140625
1 0.267578125 0.173828125 0.265625 0.17578125 0.265625 0.1796875 0.267578125 0.181640625 0.26953125 0.1796875 0.26953125 0.17578125
