0 0.00390625 0.82421875 0.001953125 0.826171875 0.001953125 0.828125 0.00390625 0.830078125 0.00390625 0.83203125 0.005859375 0.833984375 0.013671875 0.833984375 0.013671875 0.828125 0.009765625 0.82421875
0 0.837890625 0.80078125 0.837890625 0.802734375 0.833984375 0.806640625 0.833984375 0.80859375 0.837890625 0.8125 0.83984375 0.8125 0.841796875 0.814453125 0.84375 0.8125 0.845703125 0.8125 0.84765625 0.810546875 0.84765625 0.802734375 0.845703125 0.80078125
0 0.326171875 0.775390625 0.32421875 0.77734375 0.322265625 0.77734375 0.322265625 0.779296875 0.3203125 0.78125 0.3203125 0.783203125 0.322265625 0.78515625 0.322265625 0.7890625 0.32421875 0.791015625 0.3359375 0.791015625 0.3359375 0.7890625 0.337890625 0.787109375 0.337890625 0.78125 0.3359375 0.779296875 0.3359375 0.77734375 0.333984375 0.77734375 0.33203125 0.775390625
0 0.92578125 0.72265625 0.923828125 0.724609375 0.923828125 0.7265625 0.921875 0.728515625 0.921875 0.73046875 0.92578125 0.734375 0.927734375 0.734375 0.931640625 0.73046875 0.931640625 0.7265625 0.927734375 0.72265625
0 0.037109375 0.720703125 0.03515625 0.72265625 0.03515625 0.7265625 0.037109375 0.728515625 0.0390625 0.728515625 0.0390625 0.7265625 0.041015625 0.724609375 0.041015625 0.72265625 0.0390625 0.720703125
0 0.666015625 0.6875 0.6640625 0.689453125 0.6640625 0.6953125 0.666015625 0.6953125 0.669921875 0.69921875 0.673828125 0.69921875 0.673828125 0.69140625 0.669921875 0.6875
0 0.376953125 0.63671875 0.375 0.638671875 0.375 0.642578125 0.376953125 0.64453125 0.380859375 0.64453125 0.3828125 0.642578125 0.3828125 0.638671875 0.380859375 0.638671875 0.37890625 0.63671875
0 0.185546875 0.634765625 0.18359375 0.63671875 0.181640625 0.63671875 0.181640625 0.640625 0.18359375 0.642578125 0.189453125 0.642578125 0.189453125 0.640625 0.19140625 0.638671875 0.1875 0.634765625
0 0.46875 0.58203125 0.46484375 0.5859375 0.46484375 0.58984375 0.46875 0.59375 0.474609375 0.59375 0.474609375 0.591796875 0.4765625 0.58984375 0.4765625 0.5859375 0.474609375 0.583984375 0.474609375 0.58203125
0 0.962890625 0.556640625 0.9609375 0.55859375 0.9609375 0.56640625 0.96484375 0.5703125 0.966796875 0.568359375 0.96875 0.568359375 0.97265625 0.564453125 0.97265625 0.560546875 0.970703125 0.55859375 0.96875 0.55859375 0.966796875 0.556640625
0 0.9765625 0.52734375 0.97265625 0.53125 0.97265625 0.533203125 0.974609375 0.53515625 0.974609375 0.537109375 0.978515625 0.537109375 0.98046875 0.5390625 0.982421875 0.537109375 0.984375 0.537109375 0.984375 0.529296875 0.982421875 0.52734375
0 0.478515625 0.509765625 0.4765625 0.51171875 0.4765625 0.513671875 0.478515625 0.515625 0.478515625 0.517578125 0.48046875 0.51953125 0.482421875 0.51953125 0.484375 0.517578125 0.486328125 0.517578125 0.486328125 0.515625 0.48828125 0.513671875 0.48828125 0.51171875 0.486328125 0.509765625
0 0.1796875 0.498046875 0.173828125 0.50390625 0.173828125 0.505859375 0.17578125 0.5078125 0.177734375 0.5078125 0.1796875 0.509765625 0.18359375 0.509765625 0.185546875 0.5078125 0.1875 0.5078125 0.189453125 0.505859375 0.189453125 0.50390625 0.185546875 0.5 0.185546875 0.498046875
0 0.9453125 0.466796875 0.943359375 0.46875 0.94140625 0.46875 0.94140625 0.470703125 0.939453125 0.47265625 0.939453125 0.4765625 0.9375 0.478515625 0.9375 0.482421875 0.943359375 0.48828125 0.94921875 0.48828125 0.951171875 0.490234375 0.9609375 0.490234375 0.9609375 0.48828125 0.962890625 0.486328125 0.962890625 0.484375 0.96484375 0.482421875 0.96484375 0.474609375 0.9609375 0.470703125 0.9609375 0.46875 0.958984375 0.466796875
0 0.890625 0.466796875 0.8828125 0.474609375 0.8828125 0.4765625 0.88671875 0.48046875 0.88671875 0.482421875 0.888671875 0.482421875 0.890625 0.484375 0.896484375 0.484375 0.8984375 0.482421875 0.900390625 0.482421875 0.900390625 0.474609375 0.8984375 0.47265625 0.8984375 0.470703125 0.896484375 0.46875 0.89453125 0.46875 0.892578125 0.466796875
0 0.60546875 0.4609375 0.603515625 0.462890625 0.603515625 0.46484375 0.60546875 0.466796875 0.60546875 0.46875 0.609375 0.47265625 0.61328125 0.47265625 0.6171875 0.46875 0.6171875 0.466796875 0.619140625 0.46484375 0.619140625 0.462890625 0.6171875 0.4609375
0 0.119140625 0.4609375 0.1171875 0.462890625 0.1171875 0.466796875 0.119140625 0.46875 0.12109375 0.46875 0.123046875 0.470703125 0.125 0.46875 0.126953125 0.46875 0.126953125 0.466796875 0.12890625 0.46484375 0.12890625 0.462890625 0.126953125 0.4609375
0 0.763671875 0.44140625 0.76171875 0.443359375 0.76171875 0.453125 0.763671875 0.453125 0.767578125 0.45703125 0.771484375 0.45703125 0.7734375 0.458984375 0.775390625 0.458984375 0.78125 0.453125 0.78125 0.4453125 0.77734375 0.44140625
0 0.677734375 0.009765625 0.67578125 0.01171875 0.673828125 0.01171875 0.671875 0.013671875 0.671875 0.01953125 0.67578125 0.0234375 0.681640625 0.0234375 0.68359375 0.021484375 0.685546875 0.021484375 0.685546875 0.013671875 0.68359375 0.01171875 0.681640625 0.01171875 0.6796875 0.009765625
1 0.00390625 0.82421875 0.001953125 0.826171875 0.001953125 0.828125 0.00390625 0.830078125 0.00390625 0.83203125 0.005859375 0.833984375 0.013671875 0.833984375 0.013671875 0.828125 0.009765625 0.82421875
1 0.837890625 0.80078125 0.837890625 0.802734375 0.833984375 0.806640625 0.833984375 0.80859375 0.837890625 0.8125 0.83984375 0.8125 0.841796875 0.814453125 0.84375 0.8125 0.845703125 0.8125 0.84765625 0.810546875 0.84765625 0.802734375 0.845703125 0.80078125
1 0.326171875 0.775390625 0.32421875 0.77734375 0.322265625 0.77734375 0.322265625 0.779296875 0.3203125 0.78125 0.3203125 0.783203125 0.322265625 0.78515625 0.322265625 0.7890625 0.32421875 0.791015625 0.3359375 0.791015625 0.3359375 0.7890625 0.337890625 0.787109375 0.337890625 0.78125 0.3359375 0.779296875 0.3359375 0.77734375 0.333984375 0.77734375 0.33203125 0.775390625
1 0.92578125 0.72265625 0.923828125 0.724609375 0.923828125 0.7265625 0.921875 0.728515625 0.921875 0.73046875 0.92578125 0.734375 0.927734375 0.734375 0.931640625 0.73046875 0.931640625 0.7265625 0.927734375 0.72265625
1 0.037109375 0.720703125 0.03515625 0.72265625 0.03515625 0.7265625 0.037109375 0.728515625 0.0390625 0.728515625 0.0390625 0.7265625 0.041015625 0.724609375 0.041015625 0.72265625 0.0390625 0.720703125
1 0.666015625 0.6875 0.6640625 0.689453125 0.6640625 0.6953125 0.666015625 0.6953125 0.669921875 0.69921875 0.673828125 0.69921875 0.673828125 0.69140625 0.669921875 0.6875
1 0.376953125 0.63671875 0.375 0.638671875 0.375 0.642578125 0.376953125 0.64453125 0.380859375 0.64453125 0.3828125 0.642578125 0.3828125 0.638671875 0.380859375 0.638671875 0.37890625 0.63671875
1 0.185546875 0.634765625 0.18359375 0.63671875 0.181640625 0.63671875 0.181640625 0.640625 0.18359375 0.642578125 0.189453125 0.642578125 0.189453125 0.640625 0.19140625 0.638671875 0.1875 0.634765625
1 0.46875 0.58203125 0.46484375 0.5859375 0.46484375 0.58984375 0.46875 0.59375 0.474609375 0.59375 0.474609375 0.591796875 0.4765625 0.58984375 0.4765625 0.5859375 0.474609375 0.583984375 0.474609375 0.58203125
1 0.962890625 0.556640625 0.9609375 0.55859375 0.9609375 0.56640625 0.96484375 0.5703125 0.966796875 0.568359375 0.96875 0.568359375 0.97265625 0.564453125 0.97265625 0.560546875 0.970703125 0.55859375 0.96875 0.55859375 0.966796875 0.556640625
1 0.9765625 0.52734375 0.97265625 0.53125 0.97265625 0.533203125 0.974609375 0.53515625 0.974609375 0.537109375 0.978515625 0.537109375 0.98046875 0.5390625 0.982421875 0.537109375 0.984375 0.537109375 0.984375 0.529296875 0.982421875 0.52734375
1 0.478515625 0.509765625 0.4765625 0.51171875 0.4765625 0.513671875 0.478515625 0.515625 0.478515625 0.517578125 0.48046875 0.51953125 0.482421875 0.51953125 0.484375 0.517578125 0.486328125 0.517578125 0.486328125 0.515625 0.48828125 0.513671875 0.48828125 0.51171875 0.486328125 0.509765625
1 0.1796875 0.498046875 0.173828125 0.50390625 0.173828125 0.505859375 0.17578125 0.5078125 0.177734375 0.5078125 0.1796875 0.509765625 0.18359375 0.509765625 0.185546875 0.5078125 0.1875 0.5078125 0.189453125 0.505859375 0.189453125 0.50390625 0.185546875 0.5 0.185546875 0.498046875
1 0.9453125 0.466796875 0.943359375 0.46875 0.94140625 0.46875 0.94140625 0.470703125 0.939453125 0.47265625 0.939453125 0.4765625 0.9375 0.478515625 0.9375 0.482421875 0.943359375 0.48828125 0.94921875 0.48828125 0.951171875 0.490234375 0.9609375 0.490234375 0.9609375 0.48828125 0.962890625 0.486328125 0.962890625 0.484375 0.96484375 0.482421875 0.96484375 0.474609375 0.9609375 0.470703125 0.9609375 0.46875 0.958984375 0.466796875
1 0.890625 0.466796875 0.8828125 0.474609375 0.8828125 0.4765625 0.88671875 0.48046875 0.88671875 0.482421875 0.888671875 0.482421875 0.890625 0.484375 0.896484375 0.484375 0.8984375 0.482421875 0.900390625 0.482421875 0.900390625 0.474609375 0.8984375 0.47265625 0.8984375 0.470703125 0.896484375 0.46875 0.89453125 0.46875 0.892578125 0.466796875
1 0.60546875 0.4609375 0.603515625 0.462890625 0.603515625 0.46484375 0.60546875 0.466796875 0.60546875 0.46875 0.609375 0.47265625 0.61328125 0.47265625 0.6171875 0.46875 0.6171875 0.466796875 0.619140625 0.46484375 0.619140625 0.462890625 0.6171875 0.4609375
1 0.119140625 0.4609375 0.1171875 0.462890625 0.1171875 0.466796875 0.119140625 0.46875 0.12109375 0.46875 0.123046875 0.470703125 0.125 0.46875 0.126953125 0.46875 0.126953125 0.466796875 0.12890625 0.46484375 0.12890625 0.462890625 0.126953125 0.4609375
1 0.763671875 0.44140625 0.76171875 0.443359375 0.76171875 0.453125 0.763671875 0.453125 0.767578125 0.45703125 0.771484375 0.45703125 0.7734375 0.458984375 0.775390625 0.458984375 0.78125 0.453125 0.78125 0.4453125 0.77734375 0.44140625
1 0.677734375 0.009765625 0.67578125 0.01171875 0.673828125 0.01171875 0.671875 0.013671875 0.671875 0.01953125 0.67578125 0.0234375 0.681640625 0.0234375 0.68359375 0.021484375 0.685546875 0.021484375 0.685546875 0.013671875 0.68359375 0.01171875 0.681640625 0.01171875 0.6796875 0.009765625
