0 0.703125 0.91796875 0.69921875 0.921875 0.69921875 0.923828125 0.697265625 0.92578125 0.69921875 0.927734375 0.69921875 0.9296875 0.705078125 0.935546875 0.716796875 0.935546875 0.720703125 0.931640625 0.720703125 0.927734375 0.71875 0.92578125 0.71875 0.921875 0.71484375 0.91796875
0 0.650390625 0.91796875 0.650390625 0.92578125 0.658203125 0.92578125 0.66015625 0.923828125 0.66015625 0.91796875
0 0.162109375 0.736328125 0.162109375 0.740234375 0.1640625 0.7421875 0.1640625 0.74609375 0.166015625 0.748046875 0.169921875 0.748046875 0.171875 0.74609375 0.171875 0.73828125 0.169921875 0.736328125
0 0.30859375 0.6796875 0.30859375 0.681640625 0.306640625 0.68359375 0.306640625 0.685546875 0.3046875 0.6875 0.3046875 0.693359375 0.30859375 0.697265625 0.314453125 0.697265625 0.318359375 0.693359375 0.3203125 0.693359375 0.3203125 0.6875 0.3125 0.6796875
0 0.541015625 0.30078125 0.5390625 0.302734375 0.53515625 0.302734375 0.533203125 0.3046875 0.533203125 0.306640625 0.53125 0.30859375 0.53125 0.3203125 0.533203125 0.322265625 0.54296875 0.322265625 0.544921875 0.3203125 0.548828125 0.3203125 0.55078125 0.318359375 0.552734375 0.318359375 0.55859375 0.3125 0.55859375 0.310546875 0.552734375 0.3046875 0.55078125 0.3046875 0.548828125 0.302734375 0.544921875 0.302734375 0.54296875 0.30078125
0 0.142578125 0.283203125 0.140625 0.28515625 0.138671875 0.28515625 0.13671875 0.287109375 0.13671875 0.2890625 0.134765625 0.291015625 0.134765625 0.29296875 0.138671875 0.296875 0.140625 0.296875 0.142578125 0.298828125 0.1484375 0.298828125 0.150390625 0.296875 0.154296875 0.296875 0.15625 0.294921875 0.15625 0.29296875 0.158203125 0.291015625 0.158203125 0.2890625 0.15625 0.287109375 0.15625 0.28515625 0.154296875 0.28515625 0.15234375 0.283203125
0 0.30078125 0.267578125 0.298828125 0.26953125 0.298828125 0.27734375 0.3046875 0.27734375 0.306640625 0.275390625 0.306640625 0.271484375 0.3046875 0.26953125 0.3046875 0.267578125
0 0.11328125 0.25390625 0.11328125 0.255859375 0.111328125 0.2578125 0.111328125 0.26171875 0.11328125 0.263671875 0.1171875 0.263671875 0.119140625 0.26171875 0.119140625 0.2578125 0.1171875 0.255859375 0.1171875 0.25390625
0 0.13671875 0.24609375 0.134765625 0.248046875 0.134765625 0.251953125 0.1328125 0.25390625 0.1328125 0.26171875 0.134765625 0.263671875 0.14453125 0.263671875 0.146484375 0.26171875 0.1484375 0.26171875 0.15234375 0.2578125 0.15234375 0.255859375 0.14453125 0.248046875 0.142578125 0.248046875 0.140625 0.24609375
0 0.283203125 0.19921875 0.28125 0.201171875 0.28125 0.205078125 0.279296875 0.20703125 0.28515625 0.212890625 0.287109375 0.212890625 0.2890625 0.21484375 0.291015625 0.21484375 0.29296875 0.216796875 0.294921875 0.21484375 0.296875 0.21484375 0.302734375 0.208984375 0.302734375 0.205078125 0.298828125 0.201171875 0.294921875 0.201171875 0.29296875 0.19921875
1 0.703125 0.91796875 0.69921875 0.921875 0.69921875 0.923828125 0.697265625 0.92578125 0.69921875 0.927734375 0.69921875 0.9296875 0.705078125 0.935546875 0.716796875 0.935546875 0.720703125 0.931640625 0.720703125 0.927734375 0.71875 0.92578125 0.71875 0.921875 0.71484375 0.91796875
1 0.650390625 0.91796875 0.650390625 0.92578125 0.658203125 0.92578125 0.66015625 0.923828125 0.66015625 0.91796875
1 0.162109375 0.736328125 0.162109375 0.740234375 0.1640625 0.7421875 0.1640625 0.74609375 0.166015625 0.748046875 0.169921875 0.748046875 0.171875 0.74609375 0.171875 0.73828125 0.169921875 0.736328125
1 0.30859375 0.6796875 0.30859375 0.681640625 0.306640625 0.68359375 0.306640625 0.685546875 0.3046875 0.6875 0.3046875 0.693359375 0.30859375 0.697265625 0.314453125 0.697265625 0.318359375 0.693359375 0.3203125 0.693359375 0.3203125 0.6875 0.3125 0.6796875
1 0.541015625 0.30078125 0.5390625 0.302734375 0.53515625 0.302734375 0.533203125 0.3046875 0.533203125 0.306640625 0.53125 0.30859375 0.53125 0.3203125 0.533203125 0.322265625 0.54296875 0.322265625 0.544921875 0.3203125 0.548828125 0.3203125 0.55078125 0.318359375 0.552734375 0.318359375 0.55859375 0.3125 0.55859375 0.310546875 0.552734375 0.3046875 0.55078125 0.3046875 0.548828125 0.302734375 0.544921875 0.302734375 0.54296875 0.30078125
1 0.142578125 0.283203125 0.140625 0.28515625 0.138671875 0.28515625 0.13671875 0.287109375 0.13671875 0.2890625 0.134765625 0.291015625 0.134765625 0.29296875 0.138671875 0.296875 0.140625 0.296875 0.142578125 0.298828125 0.1484375 0.298828125 0.150390625 0.296875 0.154296875 0.296875 0.15625 0.294921875 0.15625 0.29296875 0.158203125 0.291015625 0.158203125 0.2890625 0.15625 0.287109375 0.15625 0.28515625 0.154296875 0.28515625 0.15234375 0.283203125
1 0.30078125 0.267578125 0.298828125 0.26953125 0.298828125 0.27734375 0.3046875 0.27734375 0.306640625 0.275390625 0.306640625 0.271484375 0.3046875 0.26953125 0.3046875 0.267578125
1 0.11328125 0.25390625 0.11328125 0.255859375 0.111328125 0.2578125 0.111328125 0.26171875 0.11328125 0.263671875 0.1171875 0.263671875 0.119140625 0.26171875 0.119140625 0.2578125 0.1171875 0.255859375 0.1171875 0.25390625
1 0.13671875 0.24609375 0.134765625 0.248046875 0.134765625 0.251953125 0.1328125 0.25390625 0.1328125 0.26171875 0.134765625 0.263671875 0.14453125 0.263671875 0.146484375 0.26171875 0.1484375 0.26171875 0.15234375 0.2578125 0.15234375 0.255859375 0.14453125 0.248046875 0.142578125 0.248046875 0.140625 0.24609375
1 0.283203125 0.19921875 0.28125 0.201171875 0.28125 0.205078125 0.279296875 0.20703125 0.28515625 0.212890625 0.287109375 0.212890625 0.2890625 0.21484375 0.291015625 0.21484375 0.29296875 0.216796875 0.294921875 0.21484375 0.296875 0.21484375 0.302734375 0.208984375 0.302734375 0.205078125 0.298828125 0.201171875 0.294921875 0.201171875 0.29296875 0.19921875
