0 0.580078125 0.9921875 0.578125 0.994140625 0.578125 0.998046875 0.583984375 0.998046875 0.583984375 0.994140625 0.58203125 0.9921875
0 0.841796875 0.953125 0.837890625 0.95703125 0.837890625 0.9609375 0.83984375 0.962890625 0.84375 0.962890625 0.845703125 0.9609375 0.845703125 0.95703125 0.84375 0.955078125 0.84375 0.953125
0 0.51171875 0.9296875 0.5078125 0.93359375 0.5078125 0.935546875 0.509765625 0.935546875 0.51171875 0.9375 0.515625 0.9375 0.517578125 0.935546875 0.517578125 0.93359375 0.513671875 0.9296875
0 0.943359375 0.908203125 0.94140625 0.91015625 0.939453125 0.91015625 0.9375 0.912109375 0.9375 0.91796875 0.94140625 0.921875 0.943359375 0.921875 0.9453125 0.923828125 0.947265625 0.923828125 0.951171875 0.919921875 0.951171875 0.91796875 0.955078125 0.9140625 0.955078125 0.91015625 0.953125 0.908203125
0 0.552734375 0.8125 0.55078125 0.814453125 0.55078125 0.8203125 0.552734375 0.822265625 0.55859375 0.822265625 0.560546875 0.8203125 0.5625 0.8203125 0.564453125 0.818359375 0.564453125 0.814453125 0.5625 0.8125
0 0.74609375 0.794921875 0.744140625 0.796875 0.744140625 0.80859375 0.74609375 0.810546875 0.75 0.810546875 0.751953125 0.8125 0.75390625 0.810546875 0.755859375 0.810546875 0.759765625 0.806640625 0.759765625 0.798828125 0.7578125 0.796875 0.755859375 0.796875 0.75390625 0.794921875
0 0.505859375 0.771484375 0.50390625 0.7734375 0.50390625 0.779296875 0.5078125 0.783203125 0.521484375 0.783203125 0.521484375 0.77734375 0.515625 0.771484375
0 0.197265625 0.70703125 0.1953125 0.708984375 0.193359375 0.708984375 0.19140625 0.7109375 0.19140625 0.71484375 0.193359375 0.716796875 0.197265625 0.716796875 0.19921875 0.71875 0.203125 0.71875 0.205078125 0.716796875 0.205078125 0.7109375 0.203125 0.708984375 0.201171875 0.708984375 0.19921875 0.70703125
0 0.818359375 0.650390625 0.81640625 0.65234375 0.814453125 0.65234375 0.814453125 0.654296875 0.8125 0.65625 0.8125 0.66015625 0.81640625 0.6640625 0.83203125 0.6640625 0.83203125 0.66015625 0.830078125 0.658203125 0.830078125 0.65625 0.82421875 0.650390625
0 0.328125 0.6171875 0.32421875 0.62109375 0.32421875 0.623046875 0.326171875 0.625 0.328125 0.625 0.330078125 0.623046875 0.330078125 0.619140625
0 0.81640625 0.591796875 0.814453125 0.59375 0.8125 0.59375 0.8125 0.59765625 0.814453125 0.599609375 0.814453125 0.6015625 0.81640625 0.603515625 0.822265625 0.603515625 0.82421875 0.6015625 0.82421875 0.595703125 0.822265625 0.59375 0.818359375 0.59375
0 0.642578125 0.498046875 0.640625 0.5 0.640625 0.50390625 0.642578125 0.505859375 0.64453125 0.505859375 0.646484375 0.50390625 0.646484375 0.5 0.64453125 0.498046875
0 0.1328125 0.326171875 0.12890625 0.330078125 0.12890625 0.33984375 0.1328125 0.34375 0.134765625 0.34375 0.13671875 0.341796875 0.138671875 0.341796875 0.140625 0.33984375 0.140625 0.337890625 0.142578125 0.3359375 0.142578125 0.333984375 0.14453125 0.33203125 0.14453125 0.328125 0.142578125 0.326171875
0 0.267578125 0.236328125 0.265625 0.23828125 0.265625 0.24609375 0.267578125 0.248046875 0.2734375 0.248046875 0.275390625 0.24609375 0.28125 0.24609375 0.28125 0.23828125 0.279296875 0.236328125
0 0.537109375 0.208984375 0.533203125 0.212890625 0.53515625 0.21484375 0.537109375 0.21484375 0.5390625 0.212890625 0.5390625 0.208984375
0 0.451171875 0.01171875 0.447265625 0.015625 0.447265625 0.017578125 0.451171875 0.021484375 0.455078125 0.021484375 0.455078125 0.013671875 0.453125 0.01171875
1 0.580078125 0.9921875 0.578125 0.994140625 0.578125 0.998046875 0.583984375 0.998046875 0.583984375 0.994140625 0.58203125 0.9921875
1 0.841796875 0.953125 0.837890625 0.95703125 0.837890625 0.9609375 0.83984375 0.962890625 0.84375 0.962890625 0.845703125 0.9609375 0.845703125 0.95703125 0.84375 0.955078125 0.84375 0.953125
1 0.51171875 0.9296875 0.5078125 0.93359375 0.5078125 0.935546875 0.509765625 0.935546875 0.51171875 0.9375 0.515625 0.9375 0.517578125 0.935546875 0.517578125 0.93359375 0.513671875 0.9296875
1 0.943359375 0.908203125 0.94140625 0.91015625 0.939453125 0.91015625 0.9375 0.912109375 0.9375 0.91796875 0.94140625 0.921875 0.943359375 0.921875 0.9453125 0.923828125 0.947265625 0.923828125 0.951171875 0.919921875 0.951171875 0.91796875 0.955078125 0.9140625 0.955078125 0.91015625 0.953125 0.908203125
1 0.552734375 0.8125 0.55078125 0.814453125 0.55078125 0.8203125 0.552734375 0.822265625 0.55859375 0.822265625 0.560546875 0.8203125 0.5625 0.8203125 0.564453125 0.818359375 0.564453125 0.814453125 0.5625 0.8125
1 0.74609375 0.794921875 0.744140625 0.796875 0.744140625 0.80859375 0.74609375 0.810546875 0.75 0.810546875 0.751953125 0.8125 0.75390625 0.810546875 0.755859375 0.810546875 0.759765625 0.806640625 0.759765625 0.798828125 0.7578125 0.796875 0.755859375 0.796875 0.75390625 0.794921875
1 0.505859375 0.771484375 0.50390625 0.7734375 0.50390625 0.779296875 0.5078125 0.783203125 0.521484375 0.783203125 0.521484375 0.77734375 0.515625 0.771484375
1 0.197265625 0.70703125 0.1953125 0.708984375 0.193359375 0.708984375 0.19140625 0.7109375 0.19140625 0.71484375 0.193359375 0.716796875 0.197265625 0.716796875 0.19921875 0.71875 0.203125 0.71875 0.205078125 0.716796875 0.205078125 0.7109375 0.203125 0.708984375 0.201171875 0.708984375 0.19921875 0.70703125
1 0.818359375 0.650390625 0.81640625 0.65234375 0.814453125 0.65234375 0.814453125 0.654296875 0.8125 0.65625 0.8125 0.66015625 0.81640625 0.6640625 0.83203125 0.6640625 0.83203125 0.66015625 0.830078125 0.658203125 0.830078125 0.65625 0.82421875 0.650390625
1 0.328125 0.6171875 0.32421875 0.62109375 0.32421875 0.623046875 0.326171875 0.625 0.328125 0.625 0.330078125 0.623046875 0.330078125 0.619140625
1 0.81640625 0.591796875 0.814453125 0.59375 0.8125 0.59375 0.8125 0.59765625 0.814453125 0.599609375 0.814453125 0.6015625 0.81640625 0.603515625 0.822265625 0.603515625 0.82421875 0.6015625 0.82421875 0.595703125 0.822265625 0.59375 0.818359375 0.59375
1 0.642578125 0.498046875 0.640625 0.5 0.640625 0.50390625 0.642578125 0.505859375 0.64453125 0.505859375 0.646484375 0.50390625 0.646484375 0.5 0.64453125 0.498046875
1 0.1328125 0.326171875 0.12890625 0.330078125 0.12890625 0.33984375 0.1328125 0.34375 0.134765625 0.34375 0.13671875 0.341796875 0.138671875 0.341796875 0.140625 0.33984375 0.140625 0.337890625 0.142578125 0.3359375 0.142578125 0.333984375 0.14453125 0.33203125 0.14453125 0.328125 0.142578125 0.326171875
1 0.267578125 0.236328125 0.265625 0.23828125 0.265625 0.24609375 0.267578125 0.248046875 0.2734375 0.248046875 0.275390625 0.24609375 0.28125 0.24609375 0.28125 0.23828125 0.279296875 0.236328125
1 0.537109375 0.208984375 0.533203125 0.212890625 0.53515625 0.21484375 0.537109375 0.21484375 0.5390625 0.212890625 0.5390625 0.208984375
1 0.451171875 0.01171875 0.447265625 0.015625 0.447265625 0.017578125 0.451171875 0.021484375 0.455078125 0.021484375 0.455078125 0.013671875 0.453125 0.01171875
