0 0.078125 0.841796875 0.076171875 0.84375 0.072265625 0.84375 0.068359375 0.84765625 0.068359375 0.849609375 0.06640625 0.8515625 0.06640625 0.85546875 0.068359375 0.857421875 0.068359375 0.869140625 0.072265625 0.873046875 0.078125 0.873046875 0.08203125 0.869140625 0.083984375 0.869140625 0.08984375 0.86328125 0.08984375 0.859375 0.091796875 0.857421875 0.091796875 0.84765625 0.087890625 0.84375 0.083984375 0.84375 0.08203125 0.841796875
0 0.7265625 0.74609375 0.720703125 0.751953125 0.720703125 0.755859375 0.7265625 0.76171875 0.734375 0.76171875 0.736328125 0.759765625 0.736328125 0.7578125 0.73828125 0.755859375 0.73828125 0.751953125 0.736328125 0.75 0.736328125 0.748046875 0.734375 0.748046875 0.732421875 0.74609375
0 0.16796875 0.69921875 0.16796875 0.701171875 0.166015625 0.703125 0.166015625 0.708984375 0.16796875 0.708984375 0.169921875 0.7109375 0.17578125 0.7109375 0.177734375 0.708984375 0.177734375 0.701171875 0.17578125 0.69921875
0 0.029296875 0.66015625 0.029296875 0.662109375 0.02734375 0.6640625 0.02734375 0.673828125 0.03125 0.677734375 0.03515625 0.677734375 0.037109375 0.67578125 0.0390625 0.67578125 0.041015625 0.673828125 0.041015625 0.6640625 0.037109375 0.66015625
0 0.119140625 0.623046875 0.11328125 0.62890625 0.11328125 0.638671875 0.115234375 0.640625 0.115234375 0.642578125 0.119140625 0.646484375 0.123046875 0.646484375 0.125 0.6484375 0.12890625 0.6484375 0.130859375 0.650390625 0.13671875 0.650390625 0.138671875 0.6484375 0.138671875 0.646484375 0.140625 0.64453125 0.140625 0.638671875 0.138671875 0.63671875 0.138671875 0.634765625 0.13671875 0.6328125 0.13671875 0.630859375 0.130859375 0.625 0.12890625 0.625 0.126953125 0.623046875
0 0.205078125 0.072265625 0.203125 0.07421875 0.201171875 0.07421875 0.201171875 0.080078125 0.203125 0.08203125 0.205078125 0.08203125 0.20703125 0.080078125 0.20703125 0.07421875
1 0.078125 0.841796875 0.076171875 0.84375 0.072265625 0.84375 0.068359375 0.84765625 0.068359375 0.849609375 0.06640625 0.8515625 0.06640625 0.85546875 0.068359375 0.857421875 0.068359375 0.869140625 0.072265625 0.873046875 0.078125 0.873046875 0.08203125 0.869140625 0.083984375 0.869140625 0.08984375 0.86328125 0.08984375 0.859375 0.091796875 0.857421875 0.091796875 0.84765625 0.087890625 0.84375 0.083984375 0.84375 0.08203125 0.841796875
1 0.7265625 0.74609375 0.720703125 0.751953125 0.720703125 0.755859375 0.7265625 0.76171875 0.734375 0.76171875 0.736328125 0.759765625 0.736328125 0.7578125 0.73828125 0.755859375 0.73828125 0.751953125 0.736328125 0.75 0.736328125 0.748046875 0.734375 0.748046875 0.732421875 0.74609375
1 0.16796875 0.69921875 0.16796875 0.701171875 0.166015625 0.703125 0.166015625 0.708984375 0.16796875 0.708984375 0.169921875 0.7109375 0.17578125 0.7109375 0.177734375 0.708984375 0.177734375 0.701171875 0.17578125 0.69921875
1 0.029296875 0.66015625 0.029296875 0.662109375 0.02734375 0.6640625 0.02734375 0.673828125 0.03125 0.677734375 0.03515625 0.677734375 0.037109375 0.67578125 0.0390625 0.67578125 0.041015625 0.673828125 0.041015625 0.6640625 0.037109375 0.66015625
1 0.119140625 0.623046875 0.11328125 0.62890625 0.11328125 0.638671875 0.115234375 0.640625 0.115234375 0.642578125 0.119140625 0.646484375 0.123046875 0.646484375 0.125 0.6484375 0.12890625 0.6484375 0.130859375 0.650390625 0.13671875 0.650390625 0.138671875 0.6484375 0.138671875 0.646484375 0.140625 0.64453125 0.140625 0.638671875 0.138671875 0.63671875 0.138671875 0.634765625 0.13671875 0.6328125 0.13671875 0.630859375 0.130859375 0.625 0.12890625 0.625 0.126953125 0.623046875
1 0.205078125 0.072265625 0.203125 0.07421875 0.201171875 0.07421875 0.201171875 0.080078125 0.203125 0.08203125 0.205078125 0.08203125 0.20703125 0.080078125 0.20703125 0.07421875
