0 0.474609375 0.982421875 0.46875 0.98828125 0.46875 0.998046875 0.48828125 0.998046875 0.490234375 0.99609375 0.490234375 0.98828125 0.48828125 0.986328125 0.48828125 0.984375 0.486328125 0.984375 0.484375 0.982421875
0 0.505859375 0.884765625 0.501953125 0.888671875 0.501953125 0.892578125 0.50390625 0.89453125 0.50390625 0.896484375 0.505859375 0.8984375 0.51171875 0.8984375 0.515625 0.89453125 0.515625 0.892578125 0.517578125 0.890625 0.51171875 0.884765625
0 0.1640625 0.84375 0.16015625 0.84765625 0.16015625 0.85546875 0.162109375 0.85546875 0.1640625 0.857421875 0.16796875 0.857421875 0.171875 0.853515625 0.171875 0.849609375 0.169921875 0.84765625 0.169921875 0.845703125 0.16796875 0.84375
0 0.35546875 0.642578125 0.353515625 0.64453125 0.353515625 0.646484375 0.3515625 0.6484375 0.3515625 0.654296875 0.353515625 0.65625 0.36328125 0.65625 0.36328125 0.6484375 0.361328125 0.646484375 0.361328125 0.64453125 0.359375 0.64453125 0.357421875 0.642578125
0 0.08984375 0.576171875 0.0859375 0.580078125 0.0859375 0.58984375 0.087890625 0.591796875 0.08984375 0.591796875 0.091796875 0.59375 0.09765625 0.59375 0.099609375 0.591796875 0.1015625 0.591796875 0.103515625 0.58984375 0.103515625 0.580078125 0.099609375 0.576171875
0 0.48046875 0.560546875 0.4765625 0.564453125 0.4765625 0.5703125 0.478515625 0.572265625 0.478515625 0.57421875 0.482421875 0.578125 0.48828125 0.578125 0.4921875 0.57421875 0.4921875 0.568359375 0.494140625 0.56640625 0.494140625 0.5625 0.4921875 0.560546875
0 0.294921875 0.462890625 0.29296875 0.46484375 0.291015625 0.46484375 0.2890625 0.466796875 0.2890625 0.46875 0.291015625 0.470703125 0.291015625 0.474609375 0.29296875 0.4765625 0.29296875 0.478515625 0.298828125 0.478515625 0.302734375 0.474609375 0.302734375 0.47265625 0.3046875 0.470703125 0.3046875 0.46484375 0.302734375 0.462890625
0 0.720703125 0.400390625 0.71875 0.40234375 0.716796875 0.40234375 0.71484375 0.404296875 0.71484375 0.41015625 0.71875 0.4140625 0.72265625 0.4140625 0.7265625 0.41015625 0.7265625 0.404296875 0.72265625 0.400390625
0 0.88671875 0.318359375 0.884765625 0.3203125 0.8828125 0.3203125 0.880859375 0.322265625 0.87890625 0.322265625 0.87890625 0.32421875 0.876953125 0.326171875 0.876953125 0.3359375 0.87890625 0.337890625 0.87890625 0.33984375 0.880859375 0.341796875 0.88671875 0.341796875 0.888671875 0.33984375 0.890625 0.33984375 0.896484375 0.333984375 0.896484375 0.328125 0.89453125 0.326171875 0.89453125 0.32421875 0.892578125 0.322265625 0.892578125 0.3203125 0.888671875 0.3203125
0 0.501953125 0.27734375 0.5 0.279296875 0.5 0.28125 0.498046875 0.283203125 0.5 0.28515625 0.5 0.287109375 0.5078125 0.287109375 0.509765625 0.28515625 0.509765625 0.28125 0.5078125 0.279296875 0.5078125 0.27734375
0 0.65234375 0.15234375 0.650390625 0.154296875 0.6484375 0.154296875 0.646484375 0.15625 0.646484375 0.1640625 0.6484375 0.166015625 0.650390625 0.166015625 0.65234375 0.16796875 0.658203125 0.16796875 0.66015625 0.166015625 0.662109375 0.166015625 0.662109375 0.15625 0.658203125 0.15234375
0 0.60546875 0.1171875 0.603515625 0.119140625 0.6015625 0.119140625 0.6015625 0.12109375 0.59765625 0.125 0.59765625 0.12890625 0.599609375 0.130859375 0.6015625 0.130859375 0.603515625 0.1328125 0.609375 0.1328125 0.611328125 0.130859375 0.611328125 0.12890625 0.61328125 0.126953125 0.611328125 0.125 0.611328125 0.12109375 0.607421875 0.1171875
0 0.3359375 0.037109375 0.33203125 0.041015625 0.33203125 0.05078125 0.333984375 0.052734375 0.337890625 0.052734375 0.33984375 0.0546875 0.34375 0.0546875 0.345703125 0.052734375 0.34765625 0.052734375 0.349609375 0.05078125 0.349609375 0.041015625 0.345703125 0.037109375
0 0.755859375 0.009765625 0.75390625 0.01171875 0.75 0.01171875 0.74609375 0.015625 0.74609375 0.0234375 0.75 0.02734375 0.76171875 0.02734375 0.763671875 0.025390625 0.765625 0.025390625 0.765625 0.0234375 0.767578125 0.021484375 0.767578125 0.017578125 0.76171875 0.01171875 0.7578125 0.01171875
1 0.474609375 0.982421875 0.46875 0.98828125 0.46875 0.998046875 0.48828125 0.998046875 0.490234375 0.99609375 0.490234375 0.98828125 0.48828125 0.986328125 0.48828125 0.984375 0.486328125 0.984375 0.484375 0.982421875
1 0.505859375 0.884765625 0.501953125 0.888671875 0.501953125 0.892578125 0.50390625 0.89453125 0.50390625 0.896484375 0.505859375 0.8984375 0.51171875 0.8984375 0.515625 0.89453125 0.515625 0.892578125 0.517578125 0.890625 0.51171875 0.884765625
1 0.1640625 0.84375 0.16015625 0.84765625 0.16015625 0.85546875 0.162109375 0.85546875 0.1640625 0.857421875 0.16796875 0.857421875 0.171875 0.853515625 0.171875 0.849609375 0.169921875 0.84765625 0.169921875 0.845703125 0.16796875 0.84375
1 0.35546875 0.642578125 0.353515625 0.64453125 0.353515625 0.646484375 0.3515625 0.6484375 0.3515625 0.654296875 0.353515625 0.65625 0.36328125 0.65625 0.36328125 0.6484375 0.361328125 0.646484375 0.361328125 0.64453125 0.359375 0.64453125 0.357421875 0.642578125
1 0.08984375 0.576171875 0.0859375 0.580078125 0.0859375 0.58984375 0.087890625 0.591796875 0.08984375 0.591796875 0.091796875 0.59375 0.09765625 0.59375 0.099609375 0.591796875 0.1015625 0.591796875 0.103515625 0.58984375 0.103515625 0.580078125 0.099609375 0.576171875
1 0.48046875 0.560546875 0.4765625 0.564453125 0.4765625 0.5703125 0.478515625 0.572265625 0.478515625 0.57421875 0.482421875 0.578125 0.48828125 0.578125 0.4921875 0.57421875 0.4921875 0.568359375 0.494140625 0.56640625 0.494140625 0.5625 0.4921875 0.560546875
1 0.294921875 0.462890625 0.29296875 0.46484375 0.291015625 0.46484375 0.2890625 0.466796875 0.2890625 0.46875 0.291015625 0.470703125 0.291015625 0.474609375 0.29296875 0.4765625 0.29296875 0.478515625 0.298828125 0.478515625 0.302734375 0.474609375 0.302734375 0.47265625 0.3046875 0.470703125 0.3046875 0.46484375 0.302734375 0.462890625
1 0.720703125 0.400390625 0.71875 0.40234375 0.716796875 0.40234375 0.71484375 0.404296875 0.71484375 0.41015625 0.71875 0.4140625 0.72265625 0.4140625 0.7265625 0.41015625 0.7265625 0.404296875 0.72265625 0.400390625
1 0.88671875 0.318359375 0.884765625 0.3203125 0.8828125 0.3203125 0.880859375 0.322265625 0.87890625 0.322265625 0.87890625 0.32421875 0.876953125 0.326171875 0.876953125 0.3359375 0.87890625 0.337890625 0.87890625 0.33984375 0.880859375 0.341796875 0.88671875 0.341796875 0.888671875 0.33984375 0.890625 0.33984375 0.896484375 0.333984375 0.896484375 0.328125 0.89453125 0.326171875 0.89453125 0.32421875 0.892578125 0.322265625 0.892578125 0.3203125 0.888671875 0.3203125
1 0.501953125 0.27734375 0.5 0.279296875 0.5 0.28125 0.498046875 0.283203125 0.5 0.28515625 0.5 0.287109375 0.5078125 0.287109375 0.509765625 0.28515625 0.509765625 0.28125 0.5078125 0.279296875 0.5078125 0.27734375
1 0.65234375 0.15234375 0.650390625 0.154296875 0.6484375 0.154296875 0.646484375 0.15625 0.646484375 0.1640625 0.6484375 0.166015625 0.650390625 0.166015625 0.65234375 0.16796875 0.658203125 0.16796875 0.66015625 0.166015625 0.662109375 0.166015625 0.662109375 0.15625 0.658203125 0.15234375
1 0.60546875 0.1171875 0.603515625 0.119140625 0.6015625 0.119140625 0.6015625 0.12109375 0.59765625 0.125 0.59765625 0.12890625 0.599609375 0.130859375 0.6015625 0.130859375 0.603515625 0.1328125 0.609375 0.1328125 0.611328125 0.130859375 0.611328125 0.12890625 0.61328125 0.126953125 0.611328125 0.125 0.611328125 0.12109375 0.607421875 0.1171875
1 0.3359375 0.037109375 0.33203125 0.041015625 0.33203125 0.05078125 0.333984375 0.052734375 0.337890625 0.052734375 0.33984375 0.0546875 0.34375 0.0546875 0.345703125 0.052734375 0.34765625 0.052734375 0.349609375 0.05078125 0.349609375 0.041015625 0.345703125 0.037109375
1 0.755859375 0.009765625 0.75390625 0.01171875 0.75 0.01171875 0.74609375 0.015625 0.74609375 0.0234375 0.75 0.02734375 0.76171875 0.02734375 0.763671875 0.025390625 0.765625 0.025390625 0.765625 0.0234375 0.767578125 0.021484375 0.767578125 0.017578125 0.76171875 0.01171875 0.7578125 0.01171875
