0 0.154296875 0.837890625 0.15234375 0.83984375 0.150390625 0.83984375 0.150390625 0.84375 0.1484375 0.845703125 0.1484375 0.84765625 0.15234375 0.8515625 0.158203125 0.8515625 0.162109375 0.84765625 0.162109375 0.845703125 0.16015625 0.84375 0.16015625 0.841796875 0.158203125 0.83984375 0.15625 0.83984375
0 0.125 0.8203125 0.12109375 0.82421875 0.12109375 0.826171875 0.119140625 0.828125 0.119140625 0.830078125 0.12109375 0.83203125 0.12109375 0.833984375 0.123046875 0.8359375 0.134765625 0.8359375 0.13671875 0.833984375 0.13671875 0.82421875 0.134765625 0.822265625 0.1328125 0.822265625 0.130859375 0.8203125
0 0.1015625 0.49609375 0.099609375 0.498046875 0.09765625 0.498046875 0.09765625 0.501953125 0.099609375 0.50390625 0.103515625 0.50390625 0.10546875 0.501953125 0.10546875 0.498046875 0.103515625 0.498046875
0 0.099609375 0.248046875 0.09765625 0.25 0.09765625 0.255859375 0.099609375 0.2578125 0.1015625 0.2578125 0.10546875 0.25390625 0.10546875 0.251953125 0.1015625 0.248046875
0 0.298828125 0.212890625 0.296875 0.21484375 0.298828125 0.216796875 0.298828125 0.21875 0.30078125 0.21875 0.302734375 0.216796875 0.302734375 0.21484375 0.30078125 0.212890625
0 0.65234375 0.169921875 0.6484375 0.173828125 0.6484375 0.181640625 0.650390625 0.18359375 0.65625 0.18359375 0.65625 0.1796875 0.658203125 0.177734375 0.658203125 0.17578125 0.65625 0.173828125 0.65625 0.171875 0.654296875 0.169921875
0 0.9921875 0.12890625 0.98828125 0.1328125 0.98828125 0.138671875 0.990234375 0.140625 0.990234375 0.142578125 0.9921875 0.14453125 0.994140625 0.14453125 0.998046875 0.140625 0.998046875 0.1328125 0.994140625 0.12890625
1 0.154296875 0.837890625 0.15234375 0.83984375 0.150390625 0.83984375 0.150390625 0.84375 0.1484375 0.845703125 0.1484375 0.84765625 0.15234375 0.8515625 0.158203125 0.8515625 0.162109375 0.84765625 0.162109375 0.845703125 0.16015625 0.84375 0.16015625 0.841796875 0.158203125 0.83984375 0.15625 0.83984375
1 0.125 0.8203125 0.12109375 0.82421875 0.12109375 0.826171875 0.119140625 0.828125 0.119140625 0.830078125 0.12109375 0.83203125 0.12109375 0.833984375 0.123046875 0.8359375 0.134765625 0.8359375 0.13671875 0.833984375 0.13671875 0.82421875 0.134765625 0.822265625 0.1328125 0.822265625 0.130859375 0.8203125
1 0.1015625 0.49609375 0.099609375 0.498046875 0.09765625 0.498046875 0.09765625 0.501953125 0.099609375 0.50390625 0.103515625 0.50390625 0.10546875 0.501953125 0.10546875 0.498046875 0.103515625 0.498046875
1 0.099609375 0.248046875 0.09765625 0.25 0.09765625 0.255859375 0.099609375 0.2578125 0.1015625 0.2578125 0.10546875 0.25390625 0.10546875 0.251953125 0.1015625 0.248046875
1 0.298828125 0.212890625 0.296875 0.21484375 0.298828125 0.216796875 0.298828125 0.21875 0.30078125 0.21875 0.302734375 0.216796875 0.302734375 0.21484375 0.30078125 0.212890625
1 0.65234375 0.169921875 0.6484375 0.173828125 0.6484375 0.181640625 0.650390625 0.18359375 0.65625 0.18359375 0.65625 0.1796875 0.658203125 0.177734375 0.658203125 0.17578125 0.65625 0.173828125 0.65625 0.171875 0.654296875 0.169921875
1 0.9921875 0.12890625 0.98828125 0.1328125 0.98828125 0.138671875 0.990234375 0.140625 0.990234375 0.142578125 0.9921875 0.14453125 0.994140625 0.14453125 0.998046875 0.140625 0.998046875 0.1328125 0.994140625 0.12890625
