0 0.09765625 0.396484375 0.09765625 0.40234375 0.1015625 0.40234375 0.103515625 0.400390625 0.103515625 0.3984375 0.1015625 0.396484375
0 0.263671875 0.12890625 0.26171875 0.130859375 0.259765625 0.130859375 0.2578125 0.1328125 0.2578125 0.13671875 0.259765625 0.138671875 0.259765625 0.140625 0.263671875 0.14453125 0.271484375 0.14453125 0.2734375 0.142578125 0.275390625 0.142578125 0.279296875 0.138671875 0.279296875 0.13671875 0.27734375 0.134765625 0.27734375 0.130859375 0.275390625 0.12890625
0 0.466796875 0.087890625 0.46484375 0.08984375 0.462890625 0.08984375 0.462890625 0.09375 0.46484375 0.095703125 0.47265625 0.095703125 0.47265625 0.08984375 0.470703125 0.087890625
0 0.380859375 0.078125 0.376953125 0.08203125 0.376953125 0.087890625 0.37890625 0.08984375 0.388671875 0.08984375 0.390625 0.087890625 0.390625 0.083984375 0.388671875 0.08203125 0.38671875 0.08203125 0.384765625 0.080078125 0.3828125 0.080078125
0 0.29296875 0.072265625 0.28515625 0.080078125 0.28515625 0.083984375 0.287109375 0.0859375 0.287109375 0.087890625 0.2890625 0.08984375 0.2890625 0.091796875 0.294921875 0.09765625 0.296875 0.09765625 0.302734375 0.091796875 0.302734375 0.08984375 0.3046875 0.087890625 0.3046875 0.08203125 0.306640625 0.080078125 0.306640625 0.078125 0.3046875 0.076171875 0.3046875 0.07421875 0.302734375 0.072265625
1 0.09765625 0.396484375 0.09765625 0.40234375 0.1015625 0.40234375 0.103515625 0.400390625 0.103515625 0.3984375 0.1015625 0.396484375
1 0.263671875 0.12890625 0.26171875 0.130859375 0.259765625 0.130859375 0.2578125 0.1328125 0.2578125 0.13671875 0.259765625 0.138671875 0.259765625 0.140625 0.263671875 0.14453125 0.271484375 0.14453125 0.2734375 0.142578125 0.275390625 0.142578125 0.279296875 0.138671875 0.279296875 0.13671875 0.27734375 0.134765625 0.27734375 0.130859375 0.275390625 0.12890625
1 0.466796875 0.087890625 0.46484375 0.08984375 0.462890625 0.08984375 0.462890625 0.09375 0.46484375 0.095703125 0.47265625 0.095703125 0.47265625 0.08984375 0.470703125 0.087890625
1 0.380859375 0.078125 0.376953125 0.08203125 0.376953125 0.087890625 0.37890625 0.08984375 0.388671875 0.08984375 0.390625 0.087890625 0.390625 0.083984375 0.388671875 0.08203125 0.38671875 0.08203125 0.384765625 0.080078125 0.3828125 0.080078125
1 0.29296875 0.072265625 0.28515625 0.080078125 0.28515625 0.083984375 0.287109375 0.0859375 0.287109375 0.087890625 0.2890625 0.08984375 0.2890625 0.091796875 0.294921875 0.09765625 0.296875 0.09765625 0.302734375 0.091796875 0.302734375 0.08984375 0.3046875 0.087890625 0.3046875 0.08203125 0.306640625 0.080078125 0.306640625 0.078125 0.3046875 0.076171875 0.3046875 0.07421875 0.302734375 0.072265625
