0 0.087890625 0.95703125 0.078125 0.966796875 0.078125 0.96875 0.076171875 0.970703125 0.07421875 0.970703125 0.072265625 0.97265625 0.072265625 0.974609375 0.0703125 0.9765625 0.0703125 0.98046875 0.068359375 0.982421875 0.068359375 0.984375 0.06640625 0.986328125 0.06640625 0.98828125 0.068359375 0.98828125 0.072265625 0.9921875 0.072265625 0.99609375 0.07421875 0.998046875 0.10546875 0.998046875 0.107421875 0.99609375 0.109375 0.99609375 0.1171875 0.98828125 0.1171875 0.9765625 0.115234375 0.974609375 0.11328125 0.974609375 0.1015625 0.962890625 0.1015625 0.9609375 0.09765625 0.95703125
0 0.04296875 0.94140625 0.04296875 0.9453125 0.044921875 0.947265625 0.046875 0.947265625 0.048828125 0.9453125 0.048828125 0.943359375 0.046875 0.94140625
0 0.232421875 0.87109375 0.224609375 0.87890625 0.21875 0.87890625 0.216796875 0.880859375 0.21484375 0.880859375 0.208984375 0.88671875 0.20703125 0.88671875 0.203125 0.890625 0.203125 0.896484375 0.205078125 0.8984375 0.205078125 0.904296875 0.212890625 0.912109375 0.224609375 0.912109375 0.232421875 0.919921875 0.23828125 0.919921875 0.240234375 0.91796875 0.24609375 0.91796875 0.248046875 0.916015625 0.25 0.916015625 0.251953125 0.9140625 0.25390625 0.9140625 0.2578125 0.91015625 0.2578125 0.908203125 0.259765625 0.90625 0.259765625 0.904296875 0.26171875 0.90234375 0.26171875 0.900390625 0.263671875 0.8984375 0.263671875 0.896484375 0.265625 0.89453125 0.265625 0.888671875 0.25 0.873046875 0.248046875 0.873046875 0.24609375 0.87109375
0 0.904296875 0.69921875 0.90234375 0.701171875 0.900390625 0.701171875 0.8984375 0.703125 0.8984375 0.708984375 0.90234375 0.712890625 0.912109375 0.712890625 0.9140625 0.7109375 0.9140625 0.701171875 0.912109375 0.69921875
0 0.556640625 0.58984375 0.556640625 0.591796875 0.5546875 0.59375 0.5546875 0.6015625 0.556640625 0.603515625 0.556640625 0.60546875 0.55859375 0.607421875 0.568359375 0.607421875 0.572265625 0.603515625 0.572265625 0.59765625 0.568359375 0.59375 0.56640625 0.59375 0.564453125 0.591796875 0.5625 0.591796875 0.560546875 0.58984375
0 0.263671875 0.470703125 0.26171875 0.47265625 0.26171875 0.474609375 0.263671875 0.4765625 0.265625 0.4765625 0.267578125 0.474609375 0.267578125 0.470703125
0 0.5703125 0.3984375 0.568359375 0.400390625 0.568359375 0.416015625 0.580078125 0.416015625 0.580078125 0.40234375 0.576171875 0.3984375
0 0.20703125 0.2265625 0.203125 0.23046875 0.203125 0.240234375 0.205078125 0.2421875 0.20703125 0.2421875 0.208984375 0.244140625 0.2109375 0.244140625 0.212890625 0.2421875 0.21484375 0.2421875 0.216796875 0.240234375 0.216796875 0.23046875 0.212890625 0.2265625
0 0.07421875 0.052734375 0.072265625 0.0546875 0.072265625 0.0625 0.080078125 0.0625 0.08203125 0.060546875 0.08203125 0.05859375 0.083984375 0.056640625 0.08203125 0.0546875 0.08203125 0.052734375
1 0.087890625 0.95703125 0.078125 0.966796875 0.078125 0.96875 0.076171875 0.970703125 0.07421875 0.970703125 0.072265625 0.97265625 0.072265625 0.974609375 0.0703125 0.9765625 0.0703125 0.98046875 0.068359375 0.982421875 0.068359375 0.984375 0.06640625 0.986328125 0.06640625 0.98828125 0.068359375 0.98828125 0.072265625 0.9921875 0.072265625 0.99609375 0.07421875 0.998046875 0.10546875 0.998046875 0.107421875 0.99609375 0.109375 0.99609375 0.1171875 0.98828125 0.1171875 0.9765625 0.115234375 0.974609375 0.11328125 0.974609375 0.1015625 0.962890625 0.1015625 0.9609375 0.09765625 0.95703125
1 0.04296875 0.94140625 0.04296875 0.9453125 0.044921875 0.947265625 0.046875 0.947265625 0.048828125 0.9453125 0.048828125 0.943359375 0.046875 0.94140625
1 0.232421875 0.87109375 0.224609375 0.87890625 0.21875 0.87890625 0.216796875 0.880859375 0.21484375 0.880859375 0.208984375 0.88671875 0.20703125 0.88671875 0.203125 0.890625 0.203125 0.896484375 0.205078125 0.8984375 0.205078125 0.904296875 0.212890625 0.912109375 0.224609375 0.912109375 0.232421875 0.919921875 0.23828125 0.919921875 0.240234375 0.91796875 0.24609375 0.91796875 0.248046875 0.916015625 0.25 0.916015625 0.251953125 0.9140625 0.25390625 0.9140625 0.2578125 0.91015625 0.2578125 0.908203125 0.259765625 0.90625 0.259765625 0.904296875 0.26171875 0.90234375 0.26171875 0.900390625 0.263671875 0.8984375 0.263671875 0.896484375 0.265625 0.89453125 0.265625 0.888671875 0.25 0.873046875 0.248046875 0.873046875 0.24609375 0.87109375
1 0.904296875 0.69921875 0.90234375 0.701171875 0.900390625 0.701171875 0.8984375 0.703125 0.8984375 0.708984375 0.90234375 0.712890625 0.912109375 0.712890625 0.9140625 0.7109375 0.9140625 0.701171875 0.912109375 0.69921875
1 0.556640625 0.58984375 0.556640625 0.591796875 0.5546875 0.59375 0.5546875 0.6015625 0.556640625 0.603515625 0.556640625 0.60546875 0.55859375 0.607421875 0.568359375 0.607421875 0.572265625 0.603515625 0.572265625 0.59765625 0.568359375 0.59375 0.56640625 0.59375 0.564453125 0.591796875 0.5625 0.591796875 0.560546875 0.58984375
1 0.263671875 0.470703125 0.26171875 0.47265625 0.26171875 0.474609375 0.263671875 0.4765625 0.265625 0.4765625 0.267578125 0.474609375 0.267578125 0.470703125
1 0.5703125 0.3984375 0.568359375 0.400390625 0.568359375 0.416015625 0.580078125 0.416015625 0.580078125 0.40234375 0.576171875 0.3984375
1 0.20703125 0.2265625 0.203125 0.23046875 0.203125 0.240234375 0.205078125 0.2421875 0.20703125 0.2421875 0.208984375 0.244140625 0.2109375 0.244140625 0.212890625 0.2421875 0.21484375 0.2421875 0.216796875 0.240234375 0.216796875 0.23046875 0.212890625 0.2265625
1 0.07421875 0.052734375 0.072265625 0.0546875 0.072265625 0.0625 0.080078125 0.0625 0.08203125 0.060546875 0.08203125 0.05859375 0.083984375 0.056640625 0.08203125 0.0546875 0.08203125 0.052734375
