0 0.208984375 0.96875 0.203125 0.974609375 0.203125 0.98046875 0.205078125 0.982421875 0.208984375 0.982421875 0.212890625 0.978515625 0.212890625 0.970703125 0.2109375 0.96875
0 0.57421875 0.951171875 0.5703125 0.955078125 0.572265625 0.95703125 0.572265625 0.958984375 0.578125 0.958984375 0.58203125 0.955078125 0.578125 0.951171875
0 0.4375 0.951171875 0.435546875 0.953125 0.43359375 0.953125 0.431640625 0.955078125 0.431640625 0.962890625 0.43359375 0.96484375 0.44140625 0.96484375 0.4453125 0.9609375 0.4453125 0.95703125 0.443359375 0.955078125 0.443359375 0.953125 0.439453125 0.953125
0 0.8203125 0.927734375 0.8203125 0.93359375 0.82421875 0.93359375 0.826171875 0.931640625 0.826171875 0.927734375
0 0.4375 0.791015625 0.435546875 0.79296875 0.43359375 0.79296875 0.427734375 0.798828125 0.427734375 0.806640625 0.4296875 0.80859375 0.43359375 0.80859375 0.435546875 0.810546875 0.4375 0.80859375 0.44140625 0.80859375 0.443359375 0.806640625 0.443359375 0.8046875 0.4453125 0.802734375 0.4453125 0.794921875 0.44140625 0.791015625
0 0.96484375 0.771484375 0.962890625 0.7734375 0.9609375 0.7734375 0.95703125 0.77734375 0.95703125 0.783203125 0.958984375 0.78515625 0.958984375 0.787109375 0.962890625 0.791015625 0.966796875 0.791015625 0.96875 0.7890625 0.970703125 0.7890625 0.97265625 0.787109375 0.97265625 0.7734375 0.970703125 0.771484375
0 0.783203125 0.720703125 0.78125 0.72265625 0.779296875 0.72265625 0.775390625 0.7265625 0.775390625 0.73046875 0.77734375 0.732421875 0.77734375 0.734375 0.779296875 0.734375 0.78125 0.736328125 0.791015625 0.736328125 0.79296875 0.734375 0.794921875 0.734375 0.794921875 0.728515625 0.79296875 0.7265625 0.79296875 0.724609375 0.7890625 0.720703125
0 0.580078125 0.712890625 0.578125 0.71484375 0.578125 0.7265625 0.5859375 0.7265625 0.58984375 0.72265625 0.58984375 0.71484375 0.587890625 0.712890625
0 0.7578125 0.5234375 0.755859375 0.525390625 0.755859375 0.529296875 0.75390625 0.53125 0.75390625 0.54296875 0.755859375 0.544921875 0.755859375 0.546875 0.759765625 0.55078125 0.763671875 0.55078125 0.765625 0.552734375 0.767578125 0.552734375 0.76953125 0.55078125 0.771484375 0.55078125 0.779296875 0.54296875 0.779296875 0.541015625 0.783203125 0.537109375 0.783203125 0.53515625 0.779296875 0.53125 0.779296875 0.529296875 0.77734375 0.52734375 0.77734375 0.525390625 0.775390625 0.5234375
0 0.380859375 0.515625 0.376953125 0.51953125 0.37890625 0.521484375 0.37890625 0.5234375 0.380859375 0.525390625 0.380859375 0.529296875 0.3828125 0.53125 0.388671875 0.53125 0.390625 0.529296875 0.390625 0.52734375 0.392578125 0.525390625 0.392578125 0.521484375 0.38671875 0.515625
0 0.626953125 0.455078125 0.623046875 0.458984375 0.623046875 0.462890625 0.625 0.46484375 0.625 0.466796875 0.630859375 0.466796875 0.6328125 0.46484375 0.6328125 0.462890625 0.634765625 0.4609375 0.634765625 0.458984375 0.6328125 0.45703125 0.630859375 0.45703125 0.62890625 0.455078125
0 0.361328125 0.2890625 0.361328125 0.294921875 0.36328125 0.296875 0.36328125 0.298828125 0.369140625 0.3046875 0.37890625 0.3046875 0.380859375 0.302734375 0.380859375 0.294921875 0.37890625 0.29296875 0.376953125 0.29296875 0.375 0.291015625 0.373046875 0.291015625 0.37109375 0.2890625
1 0.208984375 0.96875 0.203125 0.974609375 0.203125 0.98046875 0.205078125 0.982421875 0.208984375 0.982421875 0.212890625 0.978515625 0.212890625 0.970703125 0.2109375 0.96875
1 0.57421875 0.951171875 0.5703125 0.955078125 0.572265625 0.95703125 0.572265625 0.958984375 0.578125 0.958984375 0.58203125 0.955078125 0.578125 0.951171875
1 0.4375 0.951171875 0.435546875 0.953125 0.43359375 0.953125 0.431640625 0.955078125 0.431640625 0.962890625 0.43359375 0.96484375 0.44140625 0.96484375 0.4453125 0.9609375 0.4453125 0.95703125 0.443359375 0.955078125 0.443359375 0.953125 0.439453125 0.953125
1 0.8203125 0.927734375 0.8203125 0.93359375 0.82421875 0.93359375 0.826171875 0.931640625 0.826171875 0.927734375
1 0.4375 0.791015625 0.435546875 0.79296875 0.43359375 0.79296875 0.427734375 0.798828125 0.427734375 0.806640625 0.4296875 0.80859375 0.43359375 0.80859375 0.435546875 0.810546875 0.4375 0.80859375 0.44140625 0.80859375 0.443359375 0.806640625 0.443359375 0.8046875 0.4453125 0.802734375 0.4453125 0.794921875 0.44140625 0.791015625
1 0.96484375 0.771484375 0.962890625 0.7734375 0.9609375 0.7734375 0.95703125 0.77734375 0.95703125 0.783203125 0.958984375 0.78515625 0.958984375 0.787109375 0.962890625 0.791015625 0.966796875 0.791015625 0.96875 0.7890625 0.970703125 0.7890625 0.97265625 0.787109375 0.97265625 0.7734375 0.970703125 0.771484375
1 0.783203125 0.720703125 0.78125 0.72265625 0.779296875 0.72265625 0.775390625 0.7265625 0.775390625 0.73046875 0.77734375 0.732421875 0.77734375 0.734375 0.779296875 0.734375 0.78125 0.736328125 0.791015625 0.736328125 0.79296875 0.734375 0.794921875 0.734375 0.794921875 0.728515625 0.79296875 0.7265625 0.79296875 0.724609375 0.7890625 0.720703125
1 0.580078125 0.712890625 0.578125 0.71484375 0.578125 0.7265625 0.5859375 0.7265625 0.58984375 0.72265625 0.58984375 0.71484375 0.587890625 0.712890625
1 0.7578125 0.5234375 0.755859375 0.525390625 0.755859375 0.529296875 0.75390625 0.53125 0.75390625 0.54296875 0.755859375 0.544921875 0.755859375 0.546875 0.759765625 0.55078125 0.763671875 0.55078125 0.765625 0.552734375 0.767578125 0.552734375 0.76953125 0.55078125 0.771484375 0.55078125 0.779296875 0.54296875 0.779296875 0.541015625 0.783203125 0.537109375 0.783203125 0.53515625 0.779296875 0.53125 0.779296875 0.529296875 0.77734375 0.52734375 0.77734375 0.525390625 0.775390625 0.5234375
1 0.380859375 0.515625 0.376953125 0.51953125 0.37890625 0.521484375 0.37890625 0.5234375 0.380859375 0.525390625 0.380859375 0.529296875 0.3828125 0.53125 0.388671875 0.53125 0.390625 0.529296875 0.390625 0.52734375 0.392578125 0.525390625 0.392578125 0.521484375 0.38671875 0.515625
1 0.626953125 0.455078125 0.623046875 0.458984375 0.623046875 0.462890625 0.625 0.46484375 0.625 0.466796875 0.630859375 0.466796875 0.6328125 0.46484375 0.6328125 0.462890625 0.634765625 0.4609375 0.634765625 0.458984375 0.6328125 0.45703125 0.630859375 0.45703125 0.62890625 0.455078125
1 0.361328125 0.2890625 0.361328125 0.294921875 0.36328125 0.296875 0.36328125 0.298828125 0.369140625 0.3046875 0.37890625 0.3046875 0.380859375 0.302734375 0.380859375 0.294921875 0.37890625 0.29296875 0.376953125 0.29296875 0.375 0.291015625 0.373046875 0.291015625 0.37109375 0.2890625
