0 0.83984375 0.828125 0.83984375 0.830078125 0.837890625 0.83203125 0.837890625 0.837890625 0.83984375 0.83984375 0.8515625 0.83984375 0.853515625 0.837890625 0.853515625 0.83203125 0.849609375 0.828125
0 0.640625 0.734375 0.63671875 0.73828125 0.63671875 0.748046875 0.638671875 0.75 0.640625 0.75 0.642578125 0.748046875 0.64453125 0.748046875 0.646484375 0.74609375 0.646484375 0.740234375
0 0.263671875 0.71484375 0.26171875 0.716796875 0.259765625 0.716796875 0.2578125 0.71875 0.2578125 0.72265625 0.259765625 0.724609375 0.267578125 0.724609375 0.267578125 0.716796875 0.265625 0.716796875
0 0.380859375 0.64453125 0.376953125 0.6484375 0.376953125 0.650390625 0.37890625 0.65234375 0.38671875 0.65234375 0.38671875 0.646484375 0.384765625 0.64453125
0 0.30859375 0.634765625 0.3046875 0.638671875 0.3046875 0.64453125 0.306640625 0.646484375 0.314453125 0.646484375 0.31640625 0.64453125 0.31640625 0.63671875 0.314453125 0.634765625
0 0.564453125 0.595703125 0.560546875 0.599609375 0.560546875 0.6015625 0.55859375 0.603515625 0.55859375 0.607421875 0.560546875 0.609375 0.5625 0.609375 0.564453125 0.611328125 0.568359375 0.611328125 0.5703125 0.609375 0.572265625 0.609375 0.57421875 0.607421875 0.57421875 0.599609375 0.572265625 0.59765625 0.5703125 0.59765625 0.568359375 0.595703125
0 0.490234375 0.490234375 0.486328125 0.494140625 0.486328125 0.5 0.490234375 0.50390625 0.4921875 0.501953125 0.498046875 0.501953125 0.501953125 0.498046875 0.501953125 0.494140625 0.498046875 0.490234375
0 0.26953125 0.302734375 0.267578125 0.3046875 0.267578125 0.306640625 0.271484375 0.310546875 0.27734375 0.310546875 0.28125 0.306640625 0.28125 0.3046875 0.279296875 0.3046875 0.27734375 0.302734375
0 0.560546875 0.2890625 0.55859375 0.291015625 0.556640625 0.291015625 0.5546875 0.29296875 0.552734375 0.29296875 0.55078125 0.294921875 0.548828125 0.294921875 0.548828125 0.296875 0.546875 0.298828125 0.546875 0.302734375 0.548828125 0.3046875 0.548828125 0.306640625 0.556640625 0.314453125 0.568359375 0.314453125 0.5703125 0.3125 0.5703125 0.310546875 0.576171875 0.3046875 0.576171875 0.298828125 0.5703125 0.29296875 0.568359375 0.29296875 0.56640625 0.291015625 0.564453125 0.291015625 0.5625 0.2890625
0 0.34765625 0.267578125 0.34765625 0.2734375 0.349609375 0.275390625 0.3515625 0.275390625 0.35546875 0.271484375 0.35546875 0.267578125
0 0.29296875 0.224609375 0.291015625 0.2265625 0.2890625 0.2265625 0.2890625 0.232421875 0.291015625 0.234375 0.29296875 0.234375 0.294921875 0.236328125 0.298828125 0.232421875 0.298828125 0.2265625 0.296875 0.2265625 0.294921875 0.224609375
0 0.505859375 0.150390625 0.501953125 0.154296875 0.501953125 0.15625 0.50390625 0.158203125 0.509765625 0.158203125 0.51171875 0.15625 0.51171875 0.15234375 0.509765625 0.150390625
1 0.83984375 0.828125 0.83984375 0.830078125 0.837890625 0.83203125 0.837890625 0.837890625 0.83984375 0.83984375 0.8515625 0.83984375 0.853515625 0.837890625 0.853515625 0.83203125 0.849609375 0.828125
1 0.640625 0.734375 0.63671875 0.73828125 0.63671875 0.748046875 0.638671875 0.75 0.640625 0.75 0.642578125 0.748046875 0.64453125 0.748046875 0.646484375 0.74609375 0.646484375 0.740234375
1 0.263671875 0.71484375 0.26171875 0.716796875 0.259765625 0.716796875 0.2578125 0.71875 0.2578125 0.72265625 0.259765625 0.724609375 0.267578125 0.724609375 0.267578125 0.716796875 0.265625 0.716796875
1 0.380859375 0.64453125 0.376953125 0.6484375 0.376953125 0.650390625 0.37890625 0.65234375 0.38671875 0.65234375 0.38671875 0.646484375 0.384765625 0.64453125
1 0.30859375 0.634765625 0.3046875 0.638671875 0.3046875 0.64453125 0.306640625 0.646484375 0.314453125 0.646484375 0.31640625 0.64453125 0.31640625 0.63671875 0.314453125 0.634765625
1 0.564453125 0.595703125 0.560546875 0.599609375 0.560546875 0.6015625 0.55859375 0.603515625 0.55859375 0.607421875 0.560546875 0.609375 0.5625 0.609375 0.564453125 0.611328125 0.568359375 0.611328125 0.5703125 0.609375 0.572265625 0.609375 0.57421875 0.607421875 0.57421875 0.599609375 0.572265625 0.59765625 0.5703125 0.59765625 0.568359375 0.595703125
1 0.490234375 0.490234375 0.486328125 0.494140625 0.486328125 0.5 0.490234375 0.50390625 0.4921875 0.501953125 0.498046875 0.501953125 0.501953125 0.498046875 0.501953125 0.494140625 0.498046875 0.490234375
1 0.26953125 0.302734375 0.267578125 0.3046875 0.267578125 0.306640625 0.271484375 0.310546875 0.27734375 0.310546875 0.28125 0.306640625 0.28125 0.3046875 0.279296875 0.3046875 0.27734375 0.302734375
1 0.560546875 0.2890625 0.55859375 0.291015625 0.556640625 0.291015625 0.5546875 0.29296875 0.552734375 0.29296875 0.55078125 0.294921875 0.548828125 0.294921875 0.548828125 0.296875 0.546875 0.298828125 0.546875 0.302734375 0.548828125 0.3046875 0.548828125 0.306640625 0.556640625 0.314453125 0.568359375 0.314453125 0.5703125 0.3125 0.5703125 0.310546875 0.576171875 0.3046875 0.576171875 0.298828125 0.5703125 0.29296875 0.568359375 0.29296875 0.56640625 0.291015625 0.564453125 0.291015625 0.5625 0.2890625
1 0.34765625 0.267578125 0.34765625 0.2734375 0.349609375 0.275390625 0.3515625 0.275390625 0.35546875 0.271484375 0.35546875 0.267578125
1 0.29296875 0.224609375 0.291015625 0.2265625 0.2890625 0.2265625 0.2890625 0.232421875 0.291015625 0.234375 0.29296875 0.234375 0.294921875 0.236328125 0.298828125 0.232421875 0.298828125 0.2265625 0.296875 0.2265625 0.294921875 0.224609375
1 0.505859375 0.150390625 0.501953125 0.154296875 0.501953125 0.15625 0.50390625 0.158203125 0.509765625 0.158203125 0.51171875 0.15625 0.51171875 0.15234375 0.509765625 0.150390625
