0 0.49609375 0.986328125 0.494140625 0.98828125 0.494140625 0.990234375 0.4921875 0.9921875 0.4921875 0.994140625 0.494140625 0.994140625 0.49609375 0.99609375 0.50390625 0.99609375 0.505859375 0.994140625 0.505859375 0.98828125 0.50390625 0.986328125
0 0.66796875 0.8984375 0.6640625 0.90234375 0.6640625 0.908203125 0.669921875 0.9140625 0.673828125 0.9140625 0.67578125 0.912109375 0.677734375 0.912109375 0.681640625 0.908203125 0.681640625 0.90234375 0.677734375 0.8984375
0 0.78125 0.86328125 0.779296875 0.865234375 0.779296875 0.875 0.78515625 0.880859375 0.787109375 0.880859375 0.791015625 0.876953125 0.791015625 0.875 0.79296875 0.873046875 0.79296875 0.87109375 0.791015625 0.869140625 0.791015625 0.8671875 0.787109375 0.86328125
0 0.41796875 0.6640625 0.41796875 0.666015625 0.416015625 0.66796875 0.416015625 0.671875 0.41796875 0.673828125 0.419921875 0.673828125 0.421875 0.671875 0.421875 0.666015625 0.419921875 0.6640625
0 0.484375 0.6484375 0.482421875 0.650390625 0.482421875 0.65234375 0.48046875 0.654296875 0.48046875 0.658203125 0.482421875 0.66015625 0.482421875 0.662109375 0.484375 0.6640625 0.486328125 0.6640625 0.490234375 0.66015625 0.490234375 0.65234375 0.486328125 0.6484375
0 0.029296875 0.63671875 0.02734375 0.638671875 0.025390625 0.638671875 0.0234375 0.640625 0.0234375 0.642578125 0.025390625 0.64453125 0.02734375 0.64453125 0.029296875 0.646484375 0.033203125 0.646484375 0.03515625 0.64453125 0.03515625 0.640625 0.03125 0.63671875
0 0.23046875 0.62890625 0.2265625 0.6328125 0.2265625 0.634765625 0.224609375 0.63671875 0.224609375 0.642578125 0.2265625 0.64453125 0.2265625 0.646484375 0.228515625 0.6484375 0.234375 0.6484375 0.236328125 0.646484375 0.23828125 0.646484375 0.240234375 0.64453125 0.240234375 0.634765625 0.234375 0.62890625
0 0.5859375 0.576171875 0.58203125 0.580078125 0.58203125 0.5859375 0.583984375 0.587890625 0.583984375 0.58984375 0.5859375 0.591796875 0.59375 0.591796875 0.595703125 0.58984375 0.595703125 0.5859375 0.59765625 0.583984375 0.59765625 0.580078125 0.595703125 0.578125 0.595703125 0.576171875
0 0.97265625 0.546875 0.970703125 0.548828125 0.970703125 0.552734375 0.97265625 0.5546875 0.97265625 0.556640625 0.978515625 0.556640625 0.982421875 0.552734375 0.982421875 0.548828125 0.98046875 0.546875
0 0.0234375 0.517578125 0.021484375 0.51953125 0.021484375 0.529296875 0.0234375 0.53125 0.02734375 0.53125 0.029296875 0.529296875 0.03125 0.529296875 0.03125 0.51953125 0.029296875 0.51953125 0.02734375 0.517578125
0 0.822265625 0.51171875 0.8203125 0.513671875 0.81640625 0.513671875 0.81640625 0.515625 0.814453125 0.517578125 0.814453125 0.51953125 0.8125 0.521484375 0.8125 0.525390625 0.810546875 0.52734375 0.8125 0.529296875 0.8125 0.53125 0.818359375 0.537109375 0.828125 0.537109375 0.830078125 0.53515625 0.83203125 0.53515625 0.833984375 0.533203125 0.833984375 0.53125 0.8359375 0.529296875 0.8359375 0.521484375 0.833984375 0.51953125 0.833984375 0.515625 0.83203125 0.513671875 0.830078125 0.513671875 0.828125 0.51171875
0 0.525390625 0.3984375 0.5234375 0.400390625 0.5234375 0.404296875 0.52734375 0.408203125 0.529296875 0.40625 0.53125 0.40625 0.53125 0.404296875 0.533203125 0.40234375 0.533203125 0.400390625 0.53125 0.3984375
0 0.53515625 0.29296875 0.533203125 0.294921875 0.533203125 0.3046875 0.53515625 0.306640625 0.537109375 0.306640625 0.5390625 0.30859375 0.54296875 0.30859375 0.546875 0.3046875 0.546875 0.294921875 0.544921875 0.29296875
0 0.59765625 0.05859375 0.591796875 0.064453125 0.591796875 0.068359375 0.59375 0.068359375 0.595703125 0.0703125 0.59765625 0.0703125 0.599609375 0.072265625 0.603515625 0.068359375 0.603515625 0.0625 0.6015625 0.060546875 0.6015625 0.05859375
0 0.732421875 0.0 0.73046875 0.001953125 0.73046875 0.00390625 0.728515625 0.005859375 0.728515625 0.0078125 0.73046875 0.009765625 0.73046875 0.013671875 0.732421875 0.015625 0.740234375 0.015625 0.740234375 0.013671875 0.7421875 0.01171875 0.7421875 0.001953125 0.740234375 0.0
1 0.49609375 0.986328125 0.494140625 0.98828125 0.494140625 0.990234375 0.4921875 0.9921875 0.4921875 0.994140625 0.494140625 0.994140625 0.49609375 0.99609375 0.50390625 0.99609375 0.505859375 0.994140625 0.505859375 0.98828125 0.50390625 0.986328125
1 0.66796875 0.8984375 0.6640625 0.90234375 0.6640625 0.908203125 0.669921875 0.9140625 0.673828125 0.9140625 0.67578125 0.912109375 0.677734375 0.912109375 0.681640625 0.908203125 0.681640625 0.90234375 0.677734375 0.8984375
1 0.78125 0.86328125 0.779296875 0.865234375 0.779296875 0.875 0.78515625 0.880859375 0.787109375 0.880859375 0.791015625 0.876953125 0.791015625 0.875 0.79296875 0.873046875 0.79296875 0.87109375 0.791015625 0.869140625 0.791015625 0.8671875 0.787109375 0.86328125
1 0.41796875 0.6640625 0.41796875 0.666015625 0.416015625 0.66796875 0.416015625 0.671875 0.41796875 0.673828125 0.419921875 0.673828125 0.421875 0.671875 0.421875 0.666015625 0.419921875 0.6640625
1 0.484375 0.6484375 0.482421875 0.650390625 0.482421875 0.65234375 0.48046875 0.654296875 0.48046875 0.658203125 0.482421875 0.66015625 0.482421875 0.662109375 0.484375 0.6640625 0.486328125 0.6640625 0.490234375 0.66015625 0.490234375 0.65234375 0.486328125 0.6484375
1 0.029296875 0.63671875 0.02734375 0.638671875 0.025390625 0.638671875 0.0234375 0.640625 0.0234375 0.642578125 0.025390625 0.64453125 0.02734375 0.64453125 0.029296875 0.646484375 0.033203125 0.646484375 0.03515625 0.64453125 0.03515625 0.640625 0.03125 0.63671875
1 0.23046875 0.62890625 0.2265625 0.6328125 0.2265625 0.634765625 0.224609375 0.63671875 0.224609375 0.642578125 0.2265625 0.64453125 0.2265625 0.646484375 0.228515625 0.6484375 0.234375 0.6484375 0.236328125 0.646484375 0.23828125 0.646484375 0.240234375 0.64453125 0.240234375 0.634765625 0.234375 0.62890625
1 0.5859375 0.576171875 0.58203125 0.580078125 0.58203125 0.5859375 0.583984375 0.587890625 0.583984375 0.58984375 0.5859375 0.591796875 0.59375 0.591796875 0.595703125 0.58984375 0.595703125 0.5859375 0.59765625 0.583984375 0.59765625 0.580078125 0.595703125 0.578125 0.595703125 0.576171875
1 0.97265625 0.546875 0.970703125 0.548828125 0.970703125 0.552734375 0.97265625 0.5546875 0.97265625 0.556640625 0.978515625 0.556640625 0.982421875 0.552734375 0.982421875 0.548828125 0.98046875 0.546875
1 0.0234375 0.517578125 0.021484375 0.51953125 0.021484375 0.529296875 0.0234375 0.53125 0.02734375 0.53125 0.029296875 0.529296875 0.03125 0.529296875 0.03125 0.51953125 0.029296875 0.51953125 0.02734375 0.517578125
1 0.822265625 0.51171875 0.8203125 0.513671875 0.81640625 0.513671875 0.81640625 0.515625 0.814453125 0.517578125 0.814453125 0.51953125 0.8125 0.521484375 0.8125 0.525390625 0.810546875 0.52734375 0.8125 0.529296875 0.8125 0.53125 0.818359375 0.537109375 0.828125 0.537109375 0.830078125 0.53515625 0.83203125 0.53515625 0.833984375 0.533203125 0.833984375 0.53125 0.8359375 0.529296875 0.8359375 0.521484375 0.833984375 0.51953125 0.833984375 0.515625 0.83203125 0.513671875 0.830078125 0.513671875 0.828125 0.51171875
1 0.525390625 0.3984375 0.5234375 0.400390625 0.5234375 0.404296875 0.52734375 0.408203125 0.529296875 0.40625 0.53125 0.40625 0.53125 0.404296875 0.533203125 0.40234375 0.533203125 0.400390625 0.53125 0.3984375
1 0.53515625 0.29296875 0.533203125 0.294921875 0.533203125 0.3046875 0.53515625 0.306640625 0.537109375 0.306640625 0.5390625 0.30859375 0.54296875 0.30859375 0.546875 0.3046875 0.546875 0.294921875 0.544921875 0.29296875
1 0.59765625 0.05859375 0.591796875 0.064453125 0.591796875 0.068359375 0.59375 0.068359375 0.595703125 0.0703125 0.59765625 0.0703125 0.599609375 0.072265625 0.603515625 0.068359375 0.603515625 0.0625 0.6015625 0.060546875 0.6015625 0.05859375
1 0.732421875 0.0 0.73046875 0.001953125 0.73046875 0.00390625 0.728515625 0.005859375 0.728515625 0.0078125 0.73046875 0.009765625 0.73046875 0.013671875 0.732421875 0.015625 0.740234375 0.015625 0.740234375 0.013671875 0.7421875 0.01171875 0.7421875 0.001953125 0.740234375 0.0
