0 0.357421875 0.919921875 0.35546875 0.921875 0.353515625 0.921875 0.349609375 0.92578125 0.349609375 0.9296875 0.3515625 0.931640625 0.3515625 0.93359375 0.353515625 0.93359375 0.35546875 0.935546875 0.3671875 0.935546875 0.37109375 0.931640625 0.37109375 0.9296875 0.369140625 0.927734375 0.369140625 0.923828125 0.3671875 0.921875 0.3671875 0.919921875
0 0.935546875 0.87890625 0.927734375 0.88671875 0.927734375 0.892578125 0.931640625 0.896484375 0.9375 0.896484375 0.94140625 0.892578125 0.94140625 0.8828125 0.939453125 0.880859375 0.939453125 0.87890625
0 0.94921875 0.791015625 0.947265625 0.79296875 0.947265625 0.798828125 0.94921875 0.80078125 0.94921875 0.802734375 0.95703125 0.802734375 0.958984375 0.80078125 0.958984375 0.79296875 0.95703125 0.791015625
0 0.94140625 0.54296875 0.939453125 0.544921875 0.93359375 0.544921875 0.931640625 0.546875 0.927734375 0.546875 0.92578125 0.548828125 0.923828125 0.548828125 0.91796875 0.5546875 0.91796875 0.5703125 0.919921875 0.572265625 0.919921875 0.57421875 0.921875 0.57421875 0.92578125 0.578125 0.9296875 0.578125 0.931640625 0.580078125 0.939453125 0.580078125 0.939453125 0.578125 0.943359375 0.57421875 0.9453125 0.57421875 0.9609375 0.55859375 0.9609375 0.5546875 0.958984375 0.552734375 0.958984375 0.55078125 0.95703125 0.55078125 0.951171875 0.544921875 0.94921875 0.544921875 0.947265625 0.54296875
0 0.693359375 0.43359375 0.69140625 0.435546875 0.69140625 0.439453125 0.693359375 0.44140625 0.693359375 0.443359375 0.703125 0.443359375 0.705078125 0.44140625 0.705078125 0.43359375
0 0.51953125 0.328125 0.517578125 0.330078125 0.517578125 0.337890625 0.51953125 0.33984375 0.52734375 0.33984375 0.529296875 0.337890625 0.529296875 0.330078125 0.52734375 0.328125
0 0.95703125 0.314453125 0.955078125 0.31640625 0.953125 0.31640625 0.953125 0.318359375 0.951171875 0.3203125 0.951171875 0.32421875 0.955078125 0.328125 0.962890625 0.328125 0.96484375 0.326171875 0.966796875 0.326171875 0.966796875 0.322265625 0.96484375 0.3203125 0.96484375 0.318359375 0.962890625 0.31640625 0.9609375 0.31640625 0.958984375 0.314453125
0 0.9609375 0.291015625 0.958984375 0.29296875 0.958984375 0.294921875 0.962890625 0.298828125 0.96484375 0.296875 0.96484375 0.291015625
0 0.962890625 0.23828125 0.9609375 0.240234375 0.958984375 0.240234375 0.95703125 0.2421875 0.95703125 0.248046875 0.958984375 0.25 0.962890625 0.25 0.96484375 0.248046875 0.96484375 0.240234375
1 0.357421875 0.919921875 0.35546875 0.921875 0.353515625 0.921875 0.349609375 0.92578125 0.349609375 0.9296875 0.3515625 0.931640625 0.3515625 0.93359375 0.353515625 0.93359375 0.35546875 0.935546875 0.3671875 0.935546875 0.37109375 0.931640625 0.37109375 0.9296875 0.369140625 0.927734375 0.369140625 0.923828125 0.3671875 0.921875 0.3671875 0.919921875
1 0.935546875 0.87890625 0.927734375 0.88671875 0.927734375 0.892578125 0.931640625 0.896484375 0.9375 0.896484375 0.94140625 0.892578125 0.94140625 0.8828125 0.939453125 0.880859375 0.939453125 0.87890625
1 0.94921875 0.791015625 0.947265625 0.79296875 0.947265625 0.798828125 0.94921875 0.80078125 0.94921875 0.802734375 0.95703125 0.802734375 0.958984375 0.80078125 0.958984375 0.79296875 0.95703125 0.791015625
1 0.94140625 0.54296875 0.939453125 0.544921875 0.93359375 0.544921875 0.931640625 0.546875 0.927734375 0.546875 0.92578125 0.548828125 0.923828125 0.548828125 0.91796875 0.5546875 0.91796875 0.5703125 0.919921875 0.572265625 0.919921875 0.57421875 0.921875 0.57421875 0.92578125 0.578125 0.9296875 0.578125 0.931640625 0.580078125 0.939453125 0.580078125 0.939453125 0.578125 0.943359375 0.57421875 0.9453125 0.57421875 0.9609375 0.55859375 0.9609375 0.5546875 0.958984375 0.552734375 0.958984375 0.55078125 0.95703125 0.55078125 0.951171875 0.544921875 0.94921875 0.544921875 0.947265625 0.54296875
1 0.693359375 0.43359375 0.69140625 0.435546875 0.69140625 0.439453125 0.693359375 0.44140625 0.693359375 0.443359375 0.703125 0.443359375 0.705078125 0.44140625 0.705078125 0.43359375
1 0.51953125 0.328125 0.517578125 0.330078125 0.517578125 0.337890625 0.51953125 0.33984375 0.52734375 0.33984375 0.529296875 0.337890625 0.529296875 0.330078125 0.52734375 0.328125
1 0.95703125 0.314453125 0.955078125 0.31640625 0.953125 0.31640625 0.953125 0.318359375 0.951171875 0.3203125 0.951171875 0.32421875 0.955078125 0.328125 0.962890625 0.328125 0.96484375 0.326171875 0.966796875 0.326171875 0.966796875 0.322265625 0.96484375 0.3203125 0.96484375 0.318359375 0.962890625 0.31640625 0.9609375 0.31640625 0.958984375 0.314453125
1 0.9609375 0.291015625 0.958984375 0.29296875 0.958984375 0.294921875 0.962890625 0.298828125 0.96484375 0.296875 0.96484375 0.291015625
1 0.962890625 0.23828125 0.9609375 0.240234375 0.958984375 0.240234375 0.95703125 0.2421875 0.95703125 0.248046875 0.958984375 0.25 0.962890625 0.25 0.96484375 0.248046875 0.96484375 0.240234375
