0 0.529296875 0.71875 0.52734375 0.720703125 0.52734375 0.72265625 0.525390625 0.724609375 0.525390625 0.7265625 0.529296875 0.73046875 0.537109375 0.73046875 0.5390625 0.728515625 0.541015625 0.728515625 0.541015625 0.720703125 0.5390625 0.71875
0 0.890625 0.61328125 0.888671875 0.615234375 0.888671875 0.6171875 0.88671875 0.619140625 0.88671875 0.625 0.890625 0.62890625 0.89453125 0.62890625 0.896484375 0.626953125 0.8984375 0.626953125 0.900390625 0.625 0.900390625 0.6171875 0.8984375 0.615234375 0.8984375 0.61328125
0 0.775390625 0.609375 0.7734375 0.611328125 0.7734375 0.623046875 0.77734375 0.626953125 0.783203125 0.626953125 0.78515625 0.625 0.787109375 0.625 0.787109375 0.623046875 0.7890625 0.62109375 0.7890625 0.61328125 0.78515625 0.609375
0 0.6796875 0.607421875 0.677734375 0.609375 0.677734375 0.615234375 0.6796875 0.6171875 0.68359375 0.6171875 0.6875 0.61328125 0.6875 0.607421875
0 0.158203125 0.373046875 0.15625 0.375 0.154296875 0.375 0.15234375 0.376953125 0.15234375 0.384765625 0.154296875 0.38671875 0.16015625 0.38671875 0.162109375 0.384765625 0.162109375 0.375 0.16015625 0.373046875
0 0.158203125 0.34765625 0.15625 0.349609375 0.154296875 0.349609375 0.150390625 0.353515625 0.150390625 0.357421875 0.15234375 0.359375 0.154296875 0.359375 0.15625 0.361328125 0.1640625 0.361328125 0.166015625 0.359375 0.16796875 0.359375 0.16796875 0.349609375 0.1640625 0.349609375 0.162109375 0.34765625
0 0.0390625 0.26953125 0.03515625 0.2734375 0.03515625 0.28125 0.037109375 0.283203125 0.037109375 0.28515625 0.0390625 0.287109375 0.041015625 0.287109375 0.04296875 0.2890625 0.046875 0.2890625 0.052734375 0.283203125 0.052734375 0.275390625 0.046875 0.26953125
0 0.88671875 0.1015625 0.8828125 0.10546875 0.8828125 0.111328125 0.888671875 0.111328125 0.890625 0.109375 0.890625 0.103515625 0.888671875 0.103515625
0 0.15234375 0.03125 0.150390625 0.033203125 0.146484375 0.033203125 0.142578125 0.037109375 0.142578125 0.044921875 0.146484375 0.048828125 0.154296875 0.048828125 0.16015625 0.04296875 0.16015625 0.037109375 0.15625 0.033203125 0.154296875 0.033203125
0 0.509765625 0.017578125 0.505859375 0.021484375 0.505859375 0.025390625 0.5078125 0.02734375 0.515625 0.02734375 0.517578125 0.025390625 0.517578125 0.0234375 0.51171875 0.017578125
0 0.3125 0.005859375 0.30859375 0.009765625 0.30859375 0.017578125 0.310546875 0.01953125 0.3125 0.01953125 0.314453125 0.021484375 0.31640625 0.021484375 0.318359375 0.01953125 0.3203125 0.01953125 0.3203125 0.017578125 0.32421875 0.013671875 0.32421875 0.009765625 0.322265625 0.009765625 0.3203125 0.0078125 0.318359375 0.0078125 0.31640625 0.005859375
1 0.529296875 0.71875 0.52734375 0.720703125 0.52734375 0.72265625 0.525390625 0.724609375 0.525390625 0.7265625 0.529296875 0.73046875 0.537109375 0.73046875 0.5390625 0.728515625 0.541015625 0.728515625 0.541015625 0.720703125 0.5390625 0.71875
1 0.890625 0.61328125 0.888671875 0.615234375 0.888671875 0.6171875 0.88671875 0.619140625 0.88671875 0.625 0.890625 0.62890625 0.89453125 0.62890625 0.896484375 0.626953125 0.8984375 0.626953125 0.900390625 0.625 0.900390625 0.6171875 0.8984375 0.615234375 0.8984375 0.61328125
1 0.775390625 0.609375 0.7734375 0.611328125 0.7734375 0.623046875 0.77734375 0.626953125 0.783203125 0.626953125 0.78515625 0.625 0.787109375 0.625 0.787109375 0.623046875 0.7890625 0.62109375 0.7890625 0.61328125 0.78515625 0.609375
1 0.6796875 0.607421875 0.677734375 0.609375 0.677734375 0.615234375 0.6796875 0.6171875 0.68359375 0.6171875 0.6875 0.61328125 0.6875 0.607421875
1 0.158203125 0.373046875 0.15625 0.375 0.154296875 0.375 0.15234375 0.376953125 0.15234375 0.384765625 0.154296875 0.38671875 0.16015625 0.38671875 0.162109375 0.384765625 0.162109375 0.375 0.16015625 0.373046875
1 0.158203125 0.34765625 0.15625 0.349609375 0.154296875 0.349609375 0.150390625 0.353515625 0.150390625 0.357421875 0.15234375 0.359375 0.154296875 0.359375 0.15625 0.361328125 0.1640625 0.361328125 0.166015625 0.359375 0.16796875 0.359375 0.16796875 0.349609375 0.1640625 0.349609375 0.162109375 0.34765625
1 0.0390625 0.26953125 0.03515625 0.2734375 0.03515625 0.28125 0.037109375 0.283203125 0.037109375 0.28515625 0.0390625 0.287109375 0.041015625 0.287109375 0.04296875 0.2890625 0.046875 0.2890625 0.052734375 0.283203125 0.052734375 0.275390625 0.046875 0.26953125
1 0.88671875 0.1015625 0.8828125 0.10546875 0.8828125 0.111328125 0.888671875 0.111328125 0.890625 0.109375 0.890625 0.103515625 0.888671875 0.103515625
1 0.15234375 0.03125 0.150390625 0.033203125 0.146484375 0.033203125 0.142578125 0.037109375 0.142578125 0.044921875 0.146484375 0.048828125 0.154296875 0.048828125 0.16015625 0.04296875 0.16015625 0.037109375 0.15625 0.033203125 0.154296875 0.033203125
1 0.509765625 0.017578125 0.505859375 0.021484375 0.505859375 0.025390625 0.5078125 0.02734375 0.515625 0.02734375 0.517578125 0.025390625 0.517578125 0.0234375 0.51171875 0.017578125
1 0.3125 0.005859375 0.30859375 0.009765625 0.30859375 0.017578125 0.310546875 0.01953125 0.3125 0.01953125 0.314453125 0.021484375 0.31640625 0.021484375 0.318359375 0.01953125 0.3203125 0.01953125 0.3203125 0.017578125 0.32421875 0.013671875 0.32421875 0.009765625 0.322265625 0.009765625 0.3203125 0.0078125 0.318359375 0.0078125 0.31640625 0.005859375
