0 0.04296875 0.64453125 0.0390625 0.6484375 0.0390625 0.65234375 0.041015625 0.654296875 0.041015625 0.65625 0.044921875 0.66015625 0.046875 0.66015625 0.048828125 0.658203125 0.048828125 0.65625 0.05078125 0.654296875 0.05078125 0.650390625 0.048828125 0.6484375 0.048828125 0.64453125
0 0.923828125 0.62109375 0.91796875 0.626953125 0.91796875 0.62890625 0.916015625 0.630859375 0.916015625 0.634765625 0.921875 0.640625 0.923828125 0.640625 0.92578125 0.642578125 0.9296875 0.642578125 0.93359375 0.638671875 0.93359375 0.63671875 0.935546875 0.634765625 0.935546875 0.6328125 0.93359375 0.630859375 0.93359375 0.626953125 0.927734375 0.62109375
0 0.435546875 0.244140625 0.435546875 0.24609375 0.43359375 0.248046875 0.43359375 0.25 0.435546875 0.251953125 0.435546875 0.25390625 0.4375 0.25390625 0.439453125 0.255859375 0.443359375 0.255859375 0.4453125 0.25390625 0.447265625 0.25390625 0.447265625 0.248046875 0.443359375 0.244140625
0 0.404296875 0.19140625 0.40234375 0.193359375 0.40234375 0.19921875 0.404296875 0.201171875 0.40625 0.201171875 0.408203125 0.19921875 0.408203125 0.193359375 0.40625 0.19140625
0 0.62109375 0.169921875 0.619140625 0.171875 0.619140625 0.17578125 0.6171875 0.177734375 0.6171875 0.181640625 0.619140625 0.18359375 0.619140625 0.185546875 0.62109375 0.1875 0.625 0.1875 0.626953125 0.189453125 0.62890625 0.189453125 0.630859375 0.1875 0.6328125 0.1875 0.634765625 0.185546875 0.634765625 0.17578125 0.6328125 0.173828125 0.6328125 0.171875 0.630859375 0.169921875
0 0.595703125 0.154296875 0.59375 0.15625 0.59375 0.162109375 0.595703125 0.1640625 0.59765625 0.1640625 0.603515625 0.158203125 0.603515625 0.15625 0.6015625 0.154296875
0 0.37109375 0.14453125 0.3671875 0.1484375 0.365234375 0.1484375 0.357421875 0.15625 0.357421875 0.158203125 0.35546875 0.16015625 0.35546875 0.162109375 0.357421875 0.1640625 0.357421875 0.16796875 0.359375 0.169921875 0.359375 0.171875 0.361328125 0.173828125 0.36328125 0.173828125 0.3671875 0.177734375 0.369140625 0.177734375 0.37109375 0.1796875 0.37890625 0.1796875 0.380859375 0.177734375 0.3828125 0.177734375 0.388671875 0.171875 0.388671875 0.154296875 0.38671875 0.15234375 0.38671875 0.150390625 0.384765625 0.1484375 0.384765625 0.146484375 0.3828125 0.14453125
0 0.634765625 0.142578125 0.6328125 0.14453125 0.6328125 0.150390625 0.63671875 0.150390625 0.640625 0.146484375 0.640625 0.142578125
1 0.04296875 0.64453125 0.0390625 0.6484375 0.0390625 0.65234375 0.041015625 0.654296875 0.041015625 0.65625 0.044921875 0.66015625 0.046875 0.66015625 0.048828125 0.658203125 0.048828125 0.65625 0.05078125 0.654296875 0.05078125 0.650390625 0.048828125 0.6484375 0.048828125 0.64453125
1 0.923828125 0.62109375 0.91796875 0.626953125 0.91796875 0.62890625 0.916015625 0.630859375 0.916015625 0.634765625 0.921875 0.640625 0.923828125 0.640625 0.92578125 0.642578125 0.9296875 0.642578125 0.93359375 0.638671875 0.93359375 0.63671875 0.935546875 0.634765625 0.935546875 0.6328125 0.93359375 0.630859375 0.93359375 0.626953125 0.927734375 0.62109375
1 0.435546875 0.244140625 0.435546875 0.24609375 0.43359375 0.248046875 0.43359375 0.25 0.435546875 0.251953125 0.435546875 0.25390625 0.4375 0.25390625 0.439453125 0.255859375 0.443359375 0.255859375 0.4453125 0.25390625 0.447265625 0.25390625 0.447265625 0.248046875 0.443359375 0.244140625
1 0.404296875 0.19140625 0.40234375 0.193359375 0.40234375 0.19921875 0.404296875 0.201171875 0.40625 0.201171875 0.408203125 0.19921875 0.408203125 0.193359375 0.40625 0.19140625
1 0.62109375 0.169921875 0.619140625 0.171875 0.619140625 0.17578125 0.6171875 0.177734375 0.6171875 0.181640625 0.619140625 0.18359375 0.619140625 0.185546875 0.62109375 0.1875 0.625 0.1875 0.626953125 0.189453125 0.62890625 0.189453125 0.630859375 0.1875 0.6328125 0.1875 0.634765625 0.185546875 0.634765625 0.17578125 0.6328125 0.173828125 0.6328125 0.171875 0.630859375 0.169921875
1 0.595703125 0.154296875 0.59375 0.15625 0.59375 0.162109375 0.595703125 0.1640625 0.59765625 0.1640625 0.603515625 0.158203125 0.603515625 0.15625 0.6015625 0.154296875
1 0.37109375 0.14453125 0.3671875 0.1484375 0.365234375 0.1484375 0.357421875 0.15625 0.357421875 0.158203125 0.35546875 0.16015625 0.35546875 0.162109375 0.357421875 0.1640625 0.357421875 0.16796875 0.359375 0.169921875 0.359375 0.171875 0.361328125 0.173828125 0.36328125 0.173828125 0.3671875 0.177734375 0.369140625 0.177734375 0.37109375 0.1796875 0.37890625 0.1796875 0.380859375 0.177734375 0.3828125 0.177734375 0.388671875 0.171875 0.388671875 0.154296875 0.38671875 0.15234375 0.38671875 0.150390625 0.384765625 0.1484375 0.384765625 0.146484375 0.3828125 0.14453125
1 0.634765625 0.142578125 0.6328125 0.14453125 0.6328125 0.150390625 0.63671875 0.150390625 0.640625 0.146484375 0.640625 0.142578125
