0 0.984375 0.880859375 0.982421875 0.8828125 0.982421875 0.88671875 0.98828125 0.88671875 0.98828125 0.880859375
0 0.76953125 0.81640625 0.767578125 0.818359375 0.76953125 0.8203125 0.76953125 0.826171875 0.771484375 0.828125 0.779296875 0.828125 0.779296875 0.8203125 0.775390625 0.81640625
0 0.970703125 0.732421875 0.96875 0.734375 0.966796875 0.734375 0.966796875 0.736328125 0.96484375 0.73828125 0.96484375 0.740234375 0.966796875 0.7421875 0.966796875 0.744140625 0.974609375 0.751953125 0.9765625 0.751953125 0.978515625 0.75390625 0.98828125 0.75390625 0.990234375 0.751953125 0.990234375 0.744140625 0.98828125 0.7421875 0.98828125 0.740234375 0.982421875 0.734375 0.9765625 0.734375 0.974609375 0.732421875
0 0.984375 0.681640625 0.982421875 0.68359375 0.98046875 0.68359375 0.9765625 0.6875 0.9765625 0.689453125 0.978515625 0.69140625 0.978515625 0.6953125 0.98046875 0.697265625 0.98046875 0.69921875 0.982421875 0.701171875 0.982421875 0.703125 0.984375 0.705078125 0.990234375 0.705078125 0.9921875 0.703125 0.998046875 0.703125 0.998046875 0.689453125 0.990234375 0.681640625
0 0.6640625 0.42578125 0.66015625 0.4296875 0.66015625 0.439453125 0.662109375 0.44140625 0.66796875 0.44140625 0.669921875 0.439453125 0.669921875 0.427734375 0.66796875 0.42578125
0 0.984375 0.392578125 0.98046875 0.396484375 0.98046875 0.40234375 0.982421875 0.404296875 0.990234375 0.404296875 0.990234375 0.39453125 0.98828125 0.392578125
0 0.880859375 0.390625 0.875 0.396484375 0.87890625 0.400390625 0.8828125 0.400390625 0.884765625 0.3984375 0.884765625 0.392578125 0.8828125 0.390625
0 0.767578125 0.376953125 0.765625 0.37890625 0.765625 0.380859375 0.767578125 0.3828125 0.767578125 0.384765625 0.771484375 0.384765625 0.7734375 0.3828125 0.7734375 0.376953125
0 0.984375 0.16015625 0.984375 0.162109375 0.982421875 0.1640625 0.984375 0.166015625 0.984375 0.16796875 0.990234375 0.16796875 0.9921875 0.166015625 0.9921875 0.162109375 0.990234375 0.16015625
1 0.984375 0.880859375 0.982421875 0.8828125 0.982421875 0.88671875 0.98828125 0.88671875 0.98828125 0.880859375
1 0.76953125 0.81640625 0.767578125 0.818359375 0.76953125 0.8203125 0.76953125 0.826171875 0.771484375 0.828125 0.779296875 0.828125 0.779296875 0.8203125 0.775390625 0.81640625
1 0.970703125 0.732421875 0.96875 0.734375 0.966796875 0.734375 0.966796875 0.736328125 0.96484375 0.73828125 0.96484375 0.740234375 0.966796875 0.7421875 0.966796875 0.744140625 0.974609375 0.751953125 0.9765625 0.751953125 0.978515625 0.75390625 0.98828125 0.75390625 0.990234375 0.751953125 0.990234375 0.744140625 0.98828125 0.7421875 0.98828125 0.740234375 0.982421875 0.734375 0.9765625 0.734375 0.974609375 0.732421875
1 0.984375 0.681640625 0.982421875 0.68359375 0.98046875 0.68359375 0.9765625 0.6875 0.9765625 0.689453125 0.978515625 0.69140625 0.978515625 0.6953125 0.98046875 0.697265625 0.98046875 0.69921875 0.982421875 0.701171875 0.982421875 0.703125 0.984375 0.705078125 0.990234375 0.705078125 0.9921875 0.703125 0.998046875 0.703125 0.998046875 0.689453125 0.990234375 0.681640625
1 0.6640625 0.42578125 0.66015625 0.4296875 0.66015625 0.439453125 0.662109375 0.44140625 0.66796875 0.44140625 0.669921875 0.439453125 0.669921875 0.427734375 0.66796875 0.42578125
1 0.984375 0.392578125 0.98046875 0.396484375 0.98046875 0.40234375 0.982421875 0.404296875 0.990234375 0.404296875 0.990234375 0.39453125 0.98828125 0.392578125
1 0.880859375 0.390625 0.875 0.396484375 0.87890625 0.400390625 0.8828125 0.400390625 0.884765625 0.3984375 0.884765625 0.392578125 0.8828125 0.390625
1 0.767578125 0.376953125 0.765625 0.37890625 0.765625 0.380859375 0.767578125 0.3828125 0.767578125 0.384765625 0.771484375 0.384765625 0.7734375 0.3828125 0.7734375 0.376953125
1 0.984375 0.16015625 0.984375 0.162109375 0.982421875 0.1640625 0.984375 0.166015625 0.984375 0.16796875 0.990234375 0.16796875 0.9921875 0.166015625 0.9921875 0.162109375 0.990234375 0.16015625
