0 0.669921875 0.7578125 0.666015625 0.76171875 0.666015625 0.763671875 0.66796875 0.765625 0.677734375 0.765625 0.6796875 0.763671875 0.6796875 0.76171875 0.677734375 0.759765625 0.67578125 0.759765625 0.673828125 0.7578125
0 0.349609375 0.724609375 0.349609375 0.73046875 0.35546875 0.73046875 0.357421875 0.728515625 0.357421875 0.7265625 0.35546875 0.724609375
0 0.400390625 0.701171875 0.396484375 0.705078125 0.396484375 0.7109375 0.400390625 0.71484375 0.408203125 0.71484375 0.41015625 0.712890625 0.41015625 0.7109375 0.412109375 0.708984375 0.412109375 0.701171875
0 0.921875 0.658203125 0.919921875 0.66015625 0.919921875 0.6640625 0.921875 0.666015625 0.92578125 0.666015625 0.92578125 0.658203125
0 0.154296875 0.634765625 0.15234375 0.63671875 0.15234375 0.642578125 0.154296875 0.64453125 0.154296875 0.646484375 0.1640625 0.646484375 0.16796875 0.642578125 0.16796875 0.63671875 0.166015625 0.634765625
0 0.978515625 0.625 0.9765625 0.626953125 0.9765625 0.62890625 0.978515625 0.630859375 0.982421875 0.630859375 0.982421875 0.62890625
0 0.404296875 0.609375 0.400390625 0.61328125 0.400390625 0.6171875 0.404296875 0.62109375 0.408203125 0.6171875 0.408203125 0.611328125 0.40625 0.611328125
0 0.9921875 0.603515625 0.98828125 0.607421875 0.98828125 0.611328125 0.990234375 0.61328125 0.9921875 0.61328125 0.994140625 0.611328125 0.99609375 0.611328125 0.998046875 0.609375 0.998046875 0.60546875 0.99609375 0.60546875 0.994140625 0.603515625
0 0.521484375 0.572265625 0.517578125 0.576171875 0.517578125 0.578125 0.515625 0.580078125 0.517578125 0.58203125 0.517578125 0.583984375 0.51953125 0.583984375 0.521484375 0.5859375 0.52734375 0.5859375 0.529296875 0.583984375 0.529296875 0.58203125 0.533203125 0.578125 0.533203125 0.57421875 0.53125 0.572265625
0 0.01171875 0.56640625 0.0078125 0.5703125 0.0078125 0.578125 0.005859375 0.580078125 0.005859375 0.58984375 0.0078125 0.591796875 0.0078125 0.59375 0.009765625 0.595703125 0.01171875 0.595703125 0.013671875 0.59765625 0.0234375 0.59765625 0.025390625 0.595703125 0.02734375 0.595703125 0.03125 0.591796875 0.03125 0.58984375 0.033203125 0.587890625 0.033203125 0.5859375 0.03515625 0.583984375 0.03515625 0.580078125 0.033203125 0.578125 0.033203125 0.57421875 0.03125 0.572265625 0.029296875 0.572265625 0.02734375 0.5703125 0.025390625 0.5703125 0.0234375 0.568359375 0.013671875 0.568359375
0 0.361328125 0.552734375 0.359375 0.5546875 0.359375 0.556640625 0.361328125 0.55859375 0.3671875 0.55859375 0.3671875 0.5546875 0.365234375 0.552734375
0 0.24609375 0.53515625 0.244140625 0.537109375 0.2421875 0.537109375 0.23828125 0.541015625 0.23828125 0.544921875 0.240234375 0.546875 0.2421875 0.546875 0.244140625 0.548828125 0.248046875 0.548828125 0.251953125 0.544921875 0.251953125 0.541015625 0.25 0.5390625 0.25 0.537109375 0.248046875 0.537109375
0 0.701171875 0.529296875 0.69921875 0.53125 0.6953125 0.53125 0.693359375 0.533203125 0.693359375 0.537109375 0.6953125 0.5390625 0.6953125 0.541015625 0.697265625 0.54296875 0.697265625 0.544921875 0.69921875 0.544921875 0.701171875 0.546875 0.70703125 0.546875 0.708984375 0.544921875 0.7109375 0.544921875 0.7109375 0.537109375 0.708984375 0.53515625 0.708984375 0.53125 0.70703125 0.529296875
0 0.43359375 0.4453125 0.427734375 0.451171875 0.427734375 0.453125 0.42578125 0.455078125 0.42578125 0.45703125 0.427734375 0.458984375 0.427734375 0.462890625 0.431640625 0.466796875 0.43359375 0.466796875 0.435546875 0.46875 0.439453125 0.46875 0.443359375 0.46484375 0.443359375 0.462890625 0.4453125 0.4609375 0.4453125 0.453125 0.44140625 0.44921875 0.44140625 0.447265625 0.439453125 0.447265625 0.4375 0.4453125
0 0.818359375 0.423828125 0.81640625 0.42578125 0.814453125 0.42578125 0.8125 0.427734375 0.8125 0.435546875 0.810546875 0.4375 0.810546875 0.44140625 0.80859375 0.443359375 0.810546875 0.4453125 0.810546875 0.447265625 0.8125 0.447265625 0.814453125 0.44921875 0.828125 0.44921875 0.830078125 0.447265625 0.830078125 0.4453125 0.83203125 0.443359375 0.83203125 0.44140625 0.833984375 0.439453125 0.833984375 0.43359375 0.83203125 0.431640625 0.83203125 0.4296875 0.830078125 0.427734375 0.830078125 0.42578125 0.828125 0.423828125
0 0.662109375 0.421875 0.658203125 0.42578125 0.658203125 0.427734375 0.65625 0.4296875 0.66015625 0.43359375 0.669921875 0.43359375 0.671875 0.431640625 0.671875 0.42578125 0.66796875 0.421875
0 0.91015625 0.390625 0.908203125 0.392578125 0.908203125 0.400390625 0.912109375 0.404296875 0.916015625 0.404296875 0.91796875 0.40234375 0.919921875 0.40234375 0.919921875 0.392578125 0.91796875 0.390625
0 0.826171875 0.3359375 0.822265625 0.33984375 0.82421875 0.341796875 0.830078125 0.341796875 0.830078125 0.337890625 0.828125 0.3359375
0 0.138671875 0.33203125 0.13671875 0.333984375 0.134765625 0.333984375 0.1328125 0.3359375 0.126953125 0.3359375 0.125 0.337890625 0.123046875 0.337890625 0.123046875 0.341796875 0.119140625 0.345703125 0.119140625 0.357421875 0.12109375 0.359375 0.12109375 0.36328125 0.125 0.3671875 0.125 0.369140625 0.12890625 0.373046875 0.130859375 0.373046875 0.1328125 0.375 0.134765625 0.375 0.13671875 0.373046875 0.140625 0.373046875 0.142578125 0.37109375 0.146484375 0.37109375 0.1484375 0.369140625 0.150390625 0.369140625 0.15234375 0.3671875 0.15234375 0.365234375 0.154296875 0.36328125 0.154296875 0.349609375 0.15234375 0.34765625 0.15234375 0.34375 0.146484375 0.337890625 0.146484375 0.3359375 0.14453125 0.333984375 0.140625 0.333984375
0 0.806640625 0.318359375 0.802734375 0.322265625 0.802734375 0.330078125 0.8046875 0.33203125 0.8046875 0.333984375 0.806640625 0.3359375 0.80859375 0.3359375 0.8125 0.33203125 0.8125 0.328125 0.814453125 0.326171875 0.814453125 0.3203125 0.8125 0.318359375
0 0.650390625 0.283203125 0.650390625 0.294921875 0.654296875 0.298828125 0.66015625 0.298828125 0.6640625 0.294921875 0.6640625 0.2890625 0.662109375 0.2890625 0.66015625 0.287109375 0.66015625 0.28515625 0.658203125 0.283203125
0 0.8671875 0.171875 0.86328125 0.17578125 0.86328125 0.181640625 0.865234375 0.18359375 0.87109375 0.18359375 0.873046875 0.181640625 0.873046875 0.17578125 0.869140625 0.171875
0 0.4453125 0.162109375 0.4453125 0.166015625 0.443359375 0.16796875 0.443359375 0.171875 0.4453125 0.173828125 0.4453125 0.17578125 0.447265625 0.177734375 0.455078125 0.177734375 0.45703125 0.17578125 0.45703125 0.173828125 0.458984375 0.171875 0.458984375 0.1640625 0.45703125 0.1640625 0.455078125 0.162109375
0 0.470703125 0.150390625 0.46875 0.15234375 0.46875 0.158203125 0.470703125 0.16015625 0.474609375 0.16015625 0.4765625 0.162109375 0.478515625 0.16015625 0.48046875 0.16015625 0.48046875 0.154296875 0.4765625 0.150390625
0 0.185546875 0.1484375 0.18359375 0.150390625 0.18359375 0.16015625 0.185546875 0.162109375 0.185546875 0.1640625 0.19140625 0.1640625 0.193359375 0.162109375 0.193359375 0.16015625 0.197265625 0.15625 0.197265625 0.150390625 0.1953125 0.150390625 0.193359375 0.1484375
0 0.146484375 0.126953125 0.142578125 0.130859375 0.142578125 0.134765625 0.14453125 0.13671875 0.14453125 0.138671875 0.146484375 0.140625 0.1484375 0.140625 0.150390625 0.142578125 0.15234375 0.142578125 0.154296875 0.140625 0.15625 0.140625 0.15625 0.130859375 0.15234375 0.126953125
0 0.71875 0.125 0.716796875 0.126953125 0.71484375 0.126953125 0.71484375 0.13671875 0.716796875 0.138671875 0.724609375 0.138671875 0.7265625 0.13671875 0.7265625 0.134765625 0.728515625 0.1328125 0.728515625 0.12890625 0.7265625 0.126953125 0.7265625 0.125
0 0.259765625 0.0859375 0.2578125 0.087890625 0.2578125 0.091796875 0.259765625 0.091796875 0.26171875 0.09375 0.265625 0.09375 0.267578125 0.091796875 0.267578125 0.0859375
1 0.669921875 0.7578125 0.666015625 0.76171875 0.666015625 0.763671875 0.66796875 0.765625 0.677734375 0.765625 0.6796875 0.763671875 0.6796875 0.76171875 0.677734375 0.759765625 0.67578125 0.759765625 0.673828125 0.7578125
1 0.349609375 0.724609375 0.349609375 0.73046875 0.35546875 0.73046875 0.357421875 0.728515625 0.357421875 0.7265625 0.35546875 0.724609375
1 0.400390625 0.701171875 0.396484375 0.705078125 0.396484375 0.7109375 0.400390625 0.71484375 0.408203125 0.71484375 0.41015625 0.712890625 0.41015625 0.7109375 0.412109375 0.708984375 0.412109375 0.701171875
1 0.921875 0.658203125 0.919921875 0.66015625 0.919921875 0.6640625 0.921875 0.666015625 0.92578125 0.666015625 0.92578125 0.658203125
1 0.154296875 0.634765625 0.15234375 0.63671875 0.15234375 0.642578125 0.154296875 0.64453125 0.154296875 0.646484375 0.1640625 0.646484375 0.16796875 0.642578125 0.16796875 0.63671875 0.166015625 0.634765625
1 0.978515625 0.625 0.9765625 0.626953125 0.9765625 0.62890625 0.978515625 0.630859375 0.982421875 0.630859375 0.982421875 0.62890625
1 0.404296875 0.609375 0.400390625 0.61328125 0.400390625 0.6171875 0.404296875 0.62109375 0.408203125 0.6171875 0.408203125 0.611328125 0.40625 0.611328125
1 0.9921875 0.603515625 0.98828125 0.607421875 0.98828125 0.611328125 0.990234375 0.61328125 0.9921875 0.61328125 0.994140625 0.611328125 0.99609375 0.611328125 0.998046875 0.609375 0.998046875 0.60546875 0.99609375 0.60546875 0.994140625 0.603515625
1 0.521484375 0.572265625 0.517578125 0.576171875 0.517578125 0.578125 0.515625 0.580078125 0.517578125 0.58203125 0.517578125 0.583984375 0.51953125 0.583984375 0.521484375 0.5859375 0.52734375 0.5859375 0.529296875 0.583984375 0.529296875 0.58203125 0.533203125 0.578125 0.533203125 0.57421875 0.53125 0.572265625
1 0.01171875 0.56640625 0.0078125 0.5703125 0.0078125 0.578125 0.005859375 0.580078125 0.005859375 0.58984375 0.0078125 0.591796875 0.0078125 0.59375 0.009765625 0.595703125 0.01171875 0.595703125 0.013671875 0.59765625 0.0234375 0.59765625 0.025390625 0.595703125 0.02734375 0.595703125 0.03125 0.591796875 0.03125 0.58984375 0.033203125 0.587890625 0.033203125 0.5859375 0.03515625 0.583984375 0.03515625 0.580078125 0.033203125 0.578125 0.033203125 0.57421875 0.03125 0.572265625 0.029296875 0.572265625 0.02734375 0.5703125 0.025390625 0.5703125 0.0234375 0.568359375 0.013671875 0.568359375
1 0.361328125 0.552734375 0.359375 0.5546875 0.359375 0.556640625 0.361328125 0.55859375 0.3671875 0.55859375 0.3671875 0.5546875 0.365234375 0.552734375
1 0.24609375 0.53515625 0.244140625 0.537109375 0.2421875 0.537109375 0.23828125 0.541015625 0.23828125 0.544921875 0.240234375 0.546875 0.2421875 0.546875 0.244140625 0.548828125 0.248046875 0.548828125 0.251953125 0.544921875 0.251953125 0.541015625 0.25 0.5390625 0.25 0.537109375 0.248046875 0.537109375
1 0.701171875 0.529296875 0.69921875 0.53125 0.6953125 0.53125 0.693359375 0.533203125 0.693359375 0.537109375 0.6953125 0.5390625 0.6953125 0.541015625 0.697265625 0.54296875 0.697265625 0.544921875 0.69921875 0.544921875 0.701171875 0.546875 0.70703125 0.546875 0.708984375 0.544921875 0.7109375 0.544921875 0.7109375 0.537109375 0.708984375 0.53515625 0.708984375 0.53125 0.70703125 0.529296875
1 0.43359375 0.4453125 0.427734375 0.451171875 0.427734375 0.453125 0.42578125 0.455078125 0.42578125 0.45703125 0.427734375 0.458984375 0.427734375 0.462890625 0.431640625 0.466796875 0.43359375 0.466796875 0.435546875 0.46875 0.439453125 0.46875 0.443359375 0.46484375 0.443359375 0.462890625 0.4453125 0.4609375 0.4453125 0.453125 0.44140625 0.44921875 0.44140625 0.447265625 0.439453125 0.447265625 0.4375 0.4453125
1 0.818359375 0.423828125 0.81640625 0.42578125 0.814453125 0.42578125 0.8125 0.427734375 0.8125 0.435546875 0.810546875 0.4375 0.810546875 0.44140625 0.80859375 0.443359375 0.810546875 0.4453125 0.810546875 0.447265625 0.8125 0.447265625 0.814453125 0.44921875 0.828125 0.44921875 0.830078125 0.447265625 0.830078125 0.4453125 0.83203125 0.443359375 0.83203125 0.44140625 0.833984375 0.439453125 0.833984375 0.43359375 0.83203125 0.431640625 0.83203125 0.4296875 0.830078125 0.427734375 0.830078125 0.42578125 0.828125 0.423828125
1 0.662109375 0.421875 0.658203125 0.42578125 0.658203125 0.427734375 0.65625 0.4296875 0.66015625 0.43359375 0.669921875 0.43359375 0.671875 0.431640625 0.671875 0.42578125 0.66796875 0.421875
1 0.91015625 0.390625 0.908203125 0.392578125 0.908203125 0.400390625 0.912109375 0.404296875 0.916015625 0.404296875 0.91796875 0.40234375 0.919921875 0.40234375 0.919921875 0.392578125 0.91796875 0.390625
1 0.826171875 0.3359375 0.822265625 0.33984375 0.82421875 0.341796875 0.830078125 0.341796875 0.830078125 0.337890625 0.828125 0.3359375
1 0.138671875 0.33203125 0.13671875 0.333984375 0.134765625 0.333984375 0.1328125 0.3359375 0.126953125 0.3359375 0.125 0.337890625 0.123046875 0.337890625 0.123046875 0.341796875 0.119140625 0.345703125 0.119140625 0.357421875 0.12109375 0.359375 0.12109375 0.36328125 0.125 0.3671875 0.125 0.369140625 0.12890625 0.373046875 0.130859375 0.373046875 0.1328125 0.375 0.134765625 0.375 0.13671875 0.373046875 0.140625 0.373046875 0.142578125 0.37109375 0.146484375 0.37109375 0.1484375 0.369140625 0.150390625 0.369140625 0.15234375 0.3671875 0.15234375 0.365234375 0.154296875 0.36328125 0.154296875 0.349609375 0.15234375 0.34765625 0.15234375 0.34375 0.146484375 0.337890625 0.146484375 0.3359375 0.14453125 0.333984375 0.140625 0.333984375
1 0.806640625 0.318359375 0.802734375 0.322265625 0.802734375 0.330078125 0.8046875 0.33203125 0.8046875 0.333984375 0.806640625 0.3359375 0.80859375 0.3359375 0.8125 0.33203125 0.8125 0.328125 0.814453125 0.326171875 0.814453125 0.3203125 0.8125 0.318359375
1 0.650390625 0.283203125 0.650390625 0.294921875 0.654296875 0.298828125 0.66015625 0.298828125 0.6640625 0.294921875 0.6640625 0.2890625 0.662109375 0.2890625 0.66015625 0.287109375 0.66015625 0.28515625 0.658203125 0.283203125
1 0.8671875 0.171875 0.86328125 0.17578125 0.86328125 0.181640625 0.865234375 0.18359375 0.87109375 0.18359375 0.873046875 0.181640625 0.873046875 0.17578125 0.869140625 0.171875
1 0.4453125 0.162109375 0.4453125 0.166015625 0.443359375 0.16796875 0.443359375 0.171875 0.4453125 0.173828125 0.4453125 0.17578125 0.447265625 0.177734375 0.455078125 0.177734375 0.45703125 0.17578125 0.45703125 0.173828125 0.458984375 0.171875 0.458984375 0.1640625 0.45703125 0.1640625 0.455078125 0.162109375
1 0.470703125 0.150390625 0.46875 0.15234375 0.46875 0.158203125 0.470703125 0.16015625 0.474609375 0.16015625 0.4765625 0.162109375 0.478515625 0.16015625 0.48046875 0.16015625 0.48046875 0.154296875 0.4765625 0.150390625
1 0.185546875 0.1484375 0.18359375 0.150390625 0.18359375 0.16015625 0.185546875 0.162109375 0.185546875 0.1640625 0.19140625 0.1640625 0.193359375 0.162109375 0.193359375 0.16015625 0.197265625 0.15625 0.197265625 0.150390625 0.1953125 0.150390625 0.193359375 0.1484375
1 0.146484375 0.126953125 0.142578125 0.130859375 0.142578125 0.134765625 0.14453125 0.13671875 0.14453125 0.138671875 0.146484375 0.140625 0.1484375 0.140625 0.150390625 0.142578125 0.15234375 0.142578125 0.154296875 0.140625 0.15625 0.140625 0.15625 0.130859375 0.15234375 0.126953125
1 0.71875 0.125 0.716796875 0.126953125 0.71484375 0.126953125 0.71484375 0.13671875 0.716796875 0.138671875 0.724609375 0.138671875 0.7265625 0.13671875 0.7265625 0.134765625 0.728515625 0.1328125 0.728515625 0.12890625 0.7265625 0.126953125 0.7265625 0.125
1 0.259765625 0.0859375 0.2578125 0.087890625 0.2578125 0.091796875 0.259765625 0.091796875 0.26171875 0.09375 0.265625 0.09375 0.267578125 0.091796875 0.267578125 0.0859375
