0 0.232421875 0.888671875 0.23046875 0.890625 0.23046875 0.89453125 0.232421875 0.89453125 0.234375 0.896484375 0.236328125 0.89453125 0.23828125 0.89453125 0.240234375 0.892578125 0.240234375 0.890625 0.23828125 0.888671875
0 0.123046875 0.888671875 0.12109375 0.890625 0.12109375 0.896484375 0.123046875 0.8984375 0.123046875 0.900390625 0.125 0.900390625 0.126953125 0.90234375 0.1328125 0.896484375 0.1328125 0.89453125 0.134765625 0.892578125 0.130859375 0.888671875
0 0.326171875 0.8515625 0.326171875 0.857421875 0.330078125 0.861328125 0.3359375 0.861328125 0.337890625 0.859375 0.337890625 0.8515625
0 0.83203125 0.8359375 0.830078125 0.837890625 0.830078125 0.841796875 0.83203125 0.84375 0.8359375 0.84375 0.8359375 0.837890625 0.833984375 0.8359375
0 0.1015625 0.8046875 0.1015625 0.8125 0.103515625 0.814453125 0.107421875 0.814453125 0.109375 0.8125 0.109375 0.8046875
0 0.0625 0.744140625 0.060546875 0.74609375 0.056640625 0.74609375 0.0546875 0.748046875 0.052734375 0.748046875 0.05078125 0.75 0.05078125 0.755859375 0.052734375 0.7578125 0.052734375 0.759765625 0.05859375 0.765625 0.060546875 0.765625 0.0625 0.767578125 0.06640625 0.767578125 0.072265625 0.76171875 0.072265625 0.7578125 0.07421875 0.755859375 0.07421875 0.748046875 0.0703125 0.744140625
0 0.529296875 0.62890625 0.52734375 0.630859375 0.525390625 0.630859375 0.525390625 0.6328125 0.529296875 0.63671875 0.533203125 0.63671875 0.533203125 0.634765625 0.53515625 0.6328125 0.53515625 0.630859375 0.533203125 0.62890625
0 0.947265625 0.51171875 0.943359375 0.515625 0.943359375 0.51953125 0.953125 0.51953125 0.953125 0.515625 0.94921875 0.51171875
0 0.40625 0.3125 0.404296875 0.314453125 0.400390625 0.314453125 0.3984375 0.31640625 0.3984375 0.3203125 0.400390625 0.322265625 0.400390625 0.32421875 0.404296875 0.328125 0.412109375 0.328125 0.416015625 0.32421875 0.416015625 0.322265625 0.41796875 0.3203125 0.41796875 0.314453125 0.416015625 0.314453125 0.4140625 0.3125
1 0.232421875 0.888671875 0.23046875 0.890625 0.23046875 0.89453125 0.232421875 0.89453125 0.234375 0.896484375 0.236328125 0.89453125 0.23828125 0.89453125 0.240234375 0.892578125 0.240234375 0.890625 0.23828125 0.888671875
1 0.123046875 0.888671875 0.12109375 0.890625 0.12109375 0.896484375 0.123046875 0.8984375 0.123046875 0.900390625 0.125 0.900390625 0.126953125 0.90234375 0.1328125 0.896484375 0.1328125 0.89453125 0.134765625 0.892578125 0.130859375 0.888671875
1 0.326171875 0.8515625 0.326171875 0.857421875 0.330078125 0.861328125 0.3359375 0.861328125 0.337890625 0.859375 0.337890625 0.8515625
1 0.83203125 0.8359375 0.830078125 0.837890625 0.830078125 0.841796875 0.83203125 0.84375 0.8359375 0.84375 0.8359375 0.837890625 0.833984375 0.8359375
1 0.1015625 0.8046875 0.1015625 0.8125 0.103515625 0.814453125 0.107421875 0.814453125 0.109375 0.8125 0.109375 0.8046875
1 0.0625 0.744140625 0.060546875 0.74609375 0.056640625 0.74609375 0.0546875 0.748046875 0.052734375 0.748046875 0.05078125 0.75 0.05078125 0.755859375 0.052734375 0.7578125 0.052734375 0.759765625 0.05859375 0.765625 0.060546875 0.765625 0.0625 0.767578125 0.06640625 0.767578125 0.072265625 0.76171875 0.072265625 0.7578125 0.07421875 0.755859375 0.07421875 0.748046875 0.0703125 0.744140625
1 0.529296875 0.62890625 0.52734375 0.630859375 0.525390625 0.630859375 0.525390625 0.6328125 0.529296875 0.63671875 0.533203125 0.63671875 0.533203125 0.634765625 0.53515625 0.6328125 0.53515625 0.630859375 0.533203125 0.62890625
1 0.947265625 0.51171875 0.943359375 0.515625 0.943359375 0.51953125 0.953125 0.51953125 0.953125 0.515625 0.94921875 0.51171875
1 0.40625 0.3125 0.404296875 0.314453125 0.400390625 0.314453125 0.3984375 0.31640625 0.3984375 0.3203125 0.400390625 0.322265625 0.400390625 0.32421875 0.404296875 0.328125 0.412109375 0.328125 0.416015625 0.32421875 0.416015625 0.322265625 0.41796875 0.3203125 0.41796875 0.314453125 0.416015625 0.314453125 0.4140625 0.3125
