0 0.419921875 0.96875 0.41796875 0.970703125 0.41796875 0.974609375 0.421875 0.978515625 0.427734375 0.978515625 0.4296875 0.9765625 0.4296875 0.970703125 0.427734375 0.96875
0 0.244140625 0.873046875 0.2421875 0.875 0.240234375 0.875 0.240234375 0.876953125 0.23828125 0.87890625 0.23828125 0.8828125 0.240234375 0.884765625 0.2421875 0.884765625 0.244140625 0.88671875 0.248046875 0.88671875 0.25 0.884765625 0.251953125 0.884765625 0.255859375 0.880859375 0.255859375 0.875 0.25390625 0.873046875
0 0.595703125 0.84765625 0.59375 0.849609375 0.59375 0.859375 0.595703125 0.861328125 0.595703125 0.86328125 0.603515625 0.87109375 0.61328125 0.87109375 0.62109375 0.86328125 0.62109375 0.853515625 0.615234375 0.84765625 0.603515625 0.84765625 0.6015625 0.849609375 0.599609375 0.84765625
0 0.37890625 0.76171875 0.376953125 0.763671875 0.376953125 0.771484375 0.37890625 0.7734375 0.3828125 0.7734375 0.384765625 0.771484375 0.384765625 0.76953125 0.38671875 0.767578125 0.38671875 0.765625 0.384765625 0.763671875 0.384765625 0.76171875
0 0.56640625 0.732421875 0.564453125 0.734375 0.564453125 0.740234375 0.56640625 0.7421875 0.5703125 0.7421875 0.572265625 0.740234375 0.572265625 0.73828125 0.57421875 0.736328125 0.572265625 0.734375 0.572265625 0.732421875
0 0.4375 0.703125 0.435546875 0.705078125 0.435546875 0.7109375 0.4375 0.712890625 0.443359375 0.712890625 0.4453125 0.7109375 0.4453125 0.703125
0 0.0390625 0.60546875 0.037109375 0.607421875 0.037109375 0.61328125 0.0390625 0.615234375 0.04296875 0.615234375 0.046875 0.611328125 0.046875 0.607421875 0.044921875 0.607421875 0.04296875 0.60546875
0 0.716796875 0.599609375 0.71484375 0.6015625 0.71484375 0.603515625 0.716796875 0.60546875 0.72265625 0.60546875 0.724609375 0.603515625 0.724609375 0.6015625 0.72265625 0.599609375
0 0.376953125 0.59765625 0.375 0.599609375 0.373046875 0.599609375 0.369140625 0.603515625 0.369140625 0.607421875 0.37109375 0.609375 0.37109375 0.611328125 0.384765625 0.611328125 0.38671875 0.609375 0.38671875 0.603515625 0.3828125 0.599609375 0.380859375 0.599609375 0.37890625 0.59765625
0 0.267578125 0.5625 0.263671875 0.56640625 0.263671875 0.5703125 0.267578125 0.57421875 0.26953125 0.57421875 0.271484375 0.572265625 0.271484375 0.5625
0 0.072265625 0.54296875 0.0703125 0.544921875 0.0703125 0.546875 0.068359375 0.548828125 0.068359375 0.5546875 0.0703125 0.5546875 0.072265625 0.556640625 0.076171875 0.556640625 0.078125 0.5546875 0.078125 0.546875 0.076171875 0.544921875 0.076171875 0.54296875
0 0.541015625 0.5 0.5390625 0.501953125 0.5390625 0.505859375 0.541015625 0.5078125 0.548828125 0.5078125 0.548828125 0.501953125 0.546875 0.5
0 0.8984375 0.46484375 0.896484375 0.466796875 0.896484375 0.474609375 0.8984375 0.4765625 0.90625 0.4765625 0.91015625 0.47265625 0.91015625 0.46875 0.90625 0.46484375
0 0.041015625 0.357421875 0.0390625 0.359375 0.037109375 0.359375 0.037109375 0.369140625 0.041015625 0.373046875 0.044921875 0.373046875 0.048828125 0.369140625 0.048828125 0.361328125 0.044921875 0.357421875
0 0.927734375 0.34765625 0.92578125 0.349609375 0.923828125 0.349609375 0.921875 0.3515625 0.921875 0.353515625 0.919921875 0.35546875 0.919921875 0.359375 0.921875 0.361328125 0.92578125 0.361328125 0.927734375 0.36328125 0.931640625 0.36328125 0.93359375 0.361328125 0.9375 0.361328125 0.939453125 0.359375 0.939453125 0.353515625 0.935546875 0.349609375 0.93359375 0.349609375 0.931640625 0.34765625
0 0.625 0.345703125 0.625 0.34765625 0.623046875 0.349609375 0.623046875 0.35546875 0.625 0.35546875 0.626953125 0.357421875 0.6328125 0.357421875 0.63671875 0.353515625 0.63671875 0.3515625 0.634765625 0.349609375 0.634765625 0.34765625 0.6328125 0.345703125
0 0.166015625 0.259765625 0.1640625 0.26171875 0.1640625 0.271484375 0.16796875 0.275390625 0.173828125 0.275390625 0.17578125 0.2734375 0.177734375 0.2734375 0.1796875 0.271484375 0.1796875 0.263671875 0.177734375 0.26171875 0.17578125 0.26171875 0.173828125 0.259765625
0 0.05078125 0.2265625 0.05078125 0.228515625 0.048828125 0.23046875 0.048828125 0.236328125 0.05078125 0.23828125 0.05859375 0.23828125 0.05859375 0.236328125 0.060546875 0.234375 0.060546875 0.228515625 0.05859375 0.2265625
0 0.189453125 0.177734375 0.189453125 0.18359375 0.19140625 0.185546875 0.1953125 0.185546875 0.197265625 0.18359375 0.197265625 0.181640625 0.19921875 0.1796875 0.197265625 0.177734375
1 0.419921875 0.96875 0.41796875 0.970703125 0.41796875 0.974609375 0.421875 0.978515625 0.427734375 0.978515625 0.4296875 0.9765625 0.4296875 0.970703125 0.427734375 0.96875
1 0.244140625 0.873046875 0.2421875 0.875 0.240234375 0.875 0.240234375 0.876953125 0.23828125 0.87890625 0.23828125 0.8828125 0.240234375 0.884765625 0.2421875 0.884765625 0.244140625 0.88671875 0.248046875 0.88671875 0.25 0.884765625 0.251953125 0.884765625 0.255859375 0.880859375 0.255859375 0.875 0.25390625 0.873046875
1 0.595703125 0.84765625 0.59375 0.849609375 0.59375 0.859375 0.595703125 0.861328125 0.595703125 0.86328125 0.603515625 0.87109375 0.61328125 0.87109375 0.62109375 0.86328125 0.62109375 0.853515625 0.615234375 0.84765625 0.603515625 0.84765625 0.6015625 0.849609375 0.599609375 0.84765625
1 0.37890625 0.76171875 0.376953125 0.763671875 0.376953125 0.771484375 0.37890625 0.7734375 0.3828125 0.7734375 0.384765625 0.771484375 0.384765625 0.76953125 0.38671875 0.767578125 0.38671875 0.765625 0.384765625 0.763671875 0.384765625 0.76171875
1 0.56640625 0.732421875 0.564453125 0.734375 0.564453125 0.740234375 0.56640625 0.7421875 0.5703125 0.7421875 0.572265625 0.740234375 0.572265625 0.73828125 0.57421875 0.736328125 0.572265625 0.734375 0.572265625 0.732421875
1 0.4375 0.703125 0.435546875 0.705078125 0.435546875 0.7109375 0.4375 0.712890625 0.443359375 0.712890625 0.4453125 0.7109375 0.4453125 0.703125
1 0.0390625 0.60546875 0.037109375 0.607421875 0.037109375 0.61328125 0.0390625 0.615234375 0.04296875 0.615234375 0.046875 0.611328125 0.046875 0.607421875 0.044921875 0.607421875 0.04296875 0.60546875
1 0.716796875 0.599609375 0.71484375 0.6015625 0.71484375 0.603515625 0.716796875 0.60546875 0.72265625 0.60546875 0.724609375 0.603515625 0.724609375 0.6015625 0.72265625 0.599609375
1 0.376953125 0.59765625 0.375 0.599609375 0.373046875 0.599609375 0.369140625 0.603515625 0.369140625 0.607421875 0.37109375 0.609375 0.37109375 0.611328125 0.384765625 0.611328125 0.38671875 0.609375 0.38671875 0.603515625 0.3828125 0.599609375 0.380859375 0.599609375 0.37890625 0.59765625
1 0.267578125 0.5625 0.263671875 0.56640625 0.263671875 0.5703125 0.267578125 0.57421875 0.26953125 0.57421875 0.271484375 0.572265625 0.271484375 0.5625
1 0.072265625 0.54296875 0.0703125 0.544921875 0.0703125 0.546875 0.068359375 0.548828125 0.068359375 0.5546875 0.0703125 0.5546875 0.072265625 0.556640625 0.076171875 0.556640625 0.078125 0.5546875 0.078125 0.546875 0.076171875 0.544921875 0.076171875 0.54296875
1 0.541015625 0.5 0.5390625 0.501953125 0.5390625 0.505859375 0.541015625 0.5078125 0.548828125 0.5078125 0.548828125 0.501953125 0.546875 0.5
1 0.8984375 0.46484375 0.896484375 0.466796875 0.896484375 0.474609375 0.8984375 0.4765625 0.90625 0.4765625 0.91015625 0.47265625 0.91015625 0.46875 0.90625 0.46484375
1 0.041015625 0.357421875 0.0390625 0.359375 0.037109375 0.359375 0.037109375 0.369140625 0.041015625 0.373046875 0.044921875 0.373046875 0.048828125 0.369140625 0.048828125 0.361328125 0.044921875 0.357421875
1 0.927734375 0.34765625 0.92578125 0.349609375 0.923828125 0.349609375 0.921875 0.3515625 0.921875 0.353515625 0.919921875 0.35546875 0.919921875 0.359375 0.921875 0.361328125 0.92578125 0.361328125 0.927734375 0.36328125 0.931640625 0.36328125 0.93359375 0.361328125 0.9375 0.361328125 0.939453125 0.359375 0.939453125 0.353515625 0.935546875 0.349609375 0.93359375 0.349609375 0.931640625 0.34765625
1 0.625 0.345703125 0.625 0.34765625 0.623046875 0.349609375 0.623046875 0.35546875 0.625 0.35546875 0.626953125 0.357421875 0.6328125 0.357421875 0.63671875 0.353515625 0.63671875 0.3515625 0.634765625 0.349609375 0.634765625 0.34765625 0.6328125 0.345703125
1 0.166015625 0.259765625 0.1640625 0.26171875 0.1640625 0.271484375 0.16796875 0.275390625 0.173828125 0.275390625 0.17578125 0.2734375 0.177734375 0.2734375 0.1796875 0.271484375 0.1796875 0.263671875 0.177734375 0.26171875 0.17578125 0.26171875 0.173828125 0.259765625
1 0.05078125 0.2265625 0.05078125 0.228515625 0.048828125 0.23046875 0.048828125 0.236328125 0.05078125 0.23828125 0.05859375 0.23828125 0.05859375 0.236328125 0.060546875 0.234375 0.060546875 0.228515625 0.05859375 0.2265625
1 0.189453125 0.177734375 0.189453125 0.18359375 0.19140625 0.185546875 0.1953125 0.185546875 0.197265625 0.18359375 0.197265625 0.181640625 0.19921875 0.1796875 0.197265625 0.177734375
