0 0.9453125 0.83984375 0.939453125 0.845703125 0.939453125 0.853515625 0.9453125 0.859375 0.951171875 0.859375 0.953125 0.857421875 0.955078125 0.857421875 0.958984375 0.853515625 0.958984375 0.84375 0.95703125 0.841796875 0.955078125 0.841796875 0.953125 0.83984375
0 0.96484375 0.734375 0.9609375 0.73828125 0.9609375 0.751953125 0.966796875 0.7578125 0.9765625 0.7578125 0.98046875 0.75390625 0.98046875 0.751953125 0.982421875 0.75 0.982421875 0.74609375 0.98046875 0.744140625 0.98046875 0.73828125 0.978515625 0.736328125 0.9765625 0.736328125 0.974609375 0.734375
0 0.87109375 0.6875 0.869140625 0.689453125 0.869140625 0.69140625 0.865234375 0.6953125 0.865234375 0.701171875 0.87109375 0.70703125 0.875 0.70703125 0.876953125 0.705078125 0.87890625 0.705078125 0.87890625 0.703125 0.880859375 0.701171875 0.880859375 0.69921875 0.8828125 0.697265625 0.8828125 0.693359375 0.880859375 0.69140625 0.880859375 0.6875
0 0.83203125 0.658203125 0.828125 0.662109375 0.828125 0.6640625 0.826171875 0.666015625 0.826171875 0.67578125 0.83203125 0.681640625 0.83203125 0.68359375 0.83984375 0.68359375 0.841796875 0.681640625 0.84375 0.681640625 0.845703125 0.6796875 0.84765625 0.6796875 0.853515625 0.673828125 0.853515625 0.66796875 0.8515625 0.666015625 0.8515625 0.6640625 0.849609375 0.662109375 0.849609375 0.66015625 0.84765625 0.66015625 0.845703125 0.658203125
0 0.7421875 0.61328125 0.73828125 0.6171875 0.73828125 0.619140625 0.736328125 0.62109375 0.736328125 0.623046875 0.73828125 0.625 0.73828125 0.626953125 0.744140625 0.626953125 0.74609375 0.625 0.748046875 0.625 0.751953125 0.62109375 0.751953125 0.619140625 0.748046875 0.615234375 0.74609375 0.615234375 0.744140625 0.61328125
0 0.80859375 0.529296875 0.806640625 0.53125 0.806640625 0.533203125 0.8046875 0.53515625 0.8046875 0.537109375 0.802734375 0.5390625 0.802734375 0.54296875 0.810546875 0.55078125 0.810546875 0.552734375 0.8125 0.5546875 0.8125 0.556640625 0.814453125 0.556640625 0.81640625 0.55859375 0.8203125 0.55859375 0.822265625 0.556640625 0.82421875 0.556640625 0.828125 0.552734375 0.828125 0.5390625 0.826171875 0.537109375 0.82421875 0.537109375 0.81640625 0.529296875
0 0.677734375 0.490234375 0.677734375 0.4921875 0.67578125 0.494140625 0.67578125 0.501953125 0.6796875 0.505859375 0.685546875 0.505859375 0.6875 0.50390625 0.6875 0.5 0.685546875 0.498046875 0.685546875 0.49609375 0.68359375 0.494140625 0.68359375 0.4921875 0.681640625 0.490234375
0 0.66796875 0.478515625 0.666015625 0.48046875 0.666015625 0.486328125 0.673828125 0.486328125 0.673828125 0.482421875 0.669921875 0.478515625
1 0.9453125 0.83984375 0.939453125 0.845703125 0.939453125 0.853515625 0.9453125 0.859375 0.951171875 0.859375 0.953125 0.857421875 0.955078125 0.857421875 0.958984375 0.853515625 0.958984375 0.84375 0.95703125 0.841796875 0.955078125 0.841796875 0.953125 0.83984375
1 0.96484375 0.734375 0.9609375 0.73828125 0.9609375 0.751953125 0.966796875 0.7578125 0.9765625 0.7578125 0.98046875 0.75390625 0.98046875 0.751953125 0.982421875 0.75 0.982421875 0.74609375 0.98046875 0.744140625 0.98046875 0.73828125 0.978515625 0.736328125 0.9765625 0.736328125 0.974609375 0.734375
1 0.87109375 0.6875 0.869140625 0.689453125 0.869140625 0.69140625 0.865234375 0.6953125 0.865234375 0.701171875 0.87109375 0.70703125 0.875 0.70703125 0.876953125 0.705078125 0.87890625 0.705078125 0.87890625 0.703125 0.880859375 0.701171875 0.880859375 0.69921875 0.8828125 0.697265625 0.8828125 0.693359375 0.880859375 0.69140625 0.880859375 0.6875
1 0.83203125 0.658203125 0.828125 0.662109375 0.828125 0.6640625 0.826171875 0.666015625 0.826171875 0.67578125 0.83203125 0.681640625 0.83203125 0.68359375 0.83984375 0.68359375 0.841796875 0.681640625 0.84375 0.681640625 0.845703125 0.6796875 0.84765625 0.6796875 0.853515625 0.673828125 0.853515625 0.66796875 0.8515625 0.666015625 0.8515625 0.6640625 0.849609375 0.662109375 0.849609375 0.66015625 0.84765625 0.66015625 0.845703125 0.658203125
1 0.7421875 0.61328125 0.73828125 0.6171875 0.73828125 0.619140625 0.736328125 0.62109375 0.736328125 0.623046875 0.73828125 0.625 0.73828125 0.626953125 0.744140625 0.626953125 0.74609375 0.625 0.748046875 0.625 0.751953125 0.62109375 0.751953125 0.619140625 0.748046875 0.615234375 0.74609375 0.615234375 0.744140625 0.61328125
1 0.80859375 0.529296875 0.806640625 0.53125 0.806640625 0.533203125 0.8046875 0.53515625 0.8046875 0.537109375 0.802734375 0.5390625 0.802734375 0.54296875 0.810546875 0.55078125 0.810546875 0.552734375 0.8125 0.5546875 0.8125 0.556640625 0.814453125 0.556640625 0.81640625 0.55859375 0.8203125 0.55859375 0.822265625 0.556640625 0.82421875 0.556640625 0.828125 0.552734375 0.828125 0.5390625 0.826171875 0.537109375 0.82421875 0.537109375 0.81640625 0.529296875
1 0.677734375 0.490234375 0.677734375 0.4921875 0.67578125 0.494140625 0.67578125 0.501953125 0.6796875 0.505859375 0.685546875 0.505859375 0.6875 0.50390625 0.6875 0.5 0.685546875 0.498046875 0.685546875 0.49609375 0.68359375 0.494140625 0.68359375 0.4921875 0.681640625 0.490234375
1 0.66796875 0.478515625 0.666015625 0.48046875 0.666015625 0.486328125 0.673828125 0.486328125 0.673828125 0.482421875 0.669921875 0.478515625
