0 0.740234375 0.861328125 0.736328125 0.865234375 0.736328125 0.8671875 0.734375 0.869140625 0.734375 0.876953125 0.736328125 0.87890625 0.7421875 0.87890625 0.744140625 0.876953125 0.744140625 0.875 0.748046875 0.87109375 0.748046875 0.869140625 0.75 0.8671875 0.75 0.86328125 0.748046875 0.861328125
0 0.89453125 0.859375 0.892578125 0.861328125 0.892578125 0.87109375 0.89453125 0.873046875 0.904296875 0.873046875 0.90625 0.87109375 0.90625 0.861328125 0.904296875 0.859375
0 0.765625 0.830078125 0.76171875 0.833984375 0.76171875 0.8359375 0.759765625 0.837890625 0.759765625 0.83984375 0.7578125 0.841796875 0.7578125 0.849609375 0.759765625 0.8515625 0.759765625 0.853515625 0.76171875 0.853515625 0.765625 0.857421875 0.767578125 0.857421875 0.76953125 0.859375 0.7734375 0.859375 0.77734375 0.85546875 0.77734375 0.84765625 0.779296875 0.845703125 0.779296875 0.83203125 0.77734375 0.83203125 0.775390625 0.830078125
0 0.982421875 0.724609375 0.978515625 0.728515625 0.978515625 0.73046875 0.9765625 0.732421875 0.9765625 0.734375 0.978515625 0.736328125 0.978515625 0.740234375 0.98046875 0.7421875 0.98046875 0.744140625 0.982421875 0.74609375 0.986328125 0.74609375 0.98828125 0.748046875 0.990234375 0.748046875 0.9921875 0.74609375 0.99609375 0.74609375 0.998046875 0.744140625 0.998046875 0.7265625 0.99609375 0.7265625 0.994140625 0.724609375
0 0.806640625 0.451171875 0.802734375 0.455078125 0.802734375 0.46484375 0.8046875 0.466796875 0.806640625 0.466796875 0.80859375 0.46875 0.810546875 0.466796875 0.8125 0.466796875 0.8125 0.462890625 0.814453125 0.4609375 0.814453125 0.455078125 0.810546875 0.451171875
0 0.791015625 0.408203125 0.7890625 0.41015625 0.7890625 0.4140625 0.787109375 0.416015625 0.787109375 0.41796875 0.78515625 0.419921875 0.78515625 0.42578125 0.787109375 0.427734375 0.7890625 0.427734375 0.791015625 0.4296875 0.798828125 0.4296875 0.80078125 0.427734375 0.802734375 0.427734375 0.802734375 0.42578125 0.8046875 0.423828125 0.8046875 0.419921875 0.80078125 0.416015625 0.80078125 0.4140625 0.794921875 0.408203125
1 0.740234375 0.861328125 0.736328125 0.865234375 0.736328125 0.8671875 0.734375 0.869140625 0.734375 0.876953125 0.736328125 0.87890625 0.7421875 0.87890625 0.744140625 0.876953125 0.744140625 0.875 0.748046875 0.87109375 0.748046875 0.869140625 0.75 0.8671875 0.75 0.86328125 0.748046875 0.861328125
1 0.89453125 0.859375 0.892578125 0.861328125 0.892578125 0.87109375 0.89453125 0.873046875 0.904296875 0.873046875 0.90625 0.87109375 0.90625 0.861328125 0.904296875 0.859375
1 0.765625 0.830078125 0.76171875 0.833984375 0.76171875 0.8359375 0.759765625 0.837890625 0.759765625 0.83984375 0.7578125 0.841796875 0.7578125 0.849609375 0.759765625 0.8515625 0.759765625 0.853515625 0.76171875 0.853515625 0.765625 0.857421875 0.767578125 0.857421875 0.76953125 0.859375 0.7734375 0.859375 0.77734375 0.85546875 0.77734375 0.84765625 0.779296875 0.845703125 0.779296875 0.83203125 0.77734375 0.83203125 0.775390625 0.830078125
1 0.982421875 0.724609375 0.978515625 0.728515625 0.978515625 0.73046875 0.9765625 0.732421875 0.9765625 0.734375 0.978515625 0.736328125 0.978515625 0.740234375 0.98046875 0.7421875 0.98046875 0.744140625 0.982421875 0.74609375 0.986328125 0.74609375 0.98828125 0.748046875 0.990234375 0.748046875 0.9921875 0.74609375 0.99609375 0.74609375 0.998046875 0.744140625 0.998046875 0.7265625 0.99609375 0.7265625 0.994140625 0.724609375
1 0.806640625 0.451171875 0.802734375 0.455078125 0.802734375 0.46484375 0.8046875 0.466796875 0.806640625 0.466796875 0.80859375 0.46875 0.810546875 0.466796875 0.8125 0.466796875 0.8125 0.462890625 0.814453125 0.4609375 0.814453125 0.455078125 0.810546875 0.451171875
1 0.791015625 0.408203125 0.7890625 0.41015625 0.7890625 0.4140625 0.787109375 0.416015625 0.787109375 0.41796875 0.78515625 0.419921875 0.78515625 0.42578125 0.787109375 0.427734375 0.7890625 0.427734375 0.791015625 0.4296875 0.798828125 0.4296875 0.80078125 0.427734375 0.802734375 0.427734375 0.802734375 0.42578125 0.8046875 0.423828125 0.8046875 0.419921875 0.80078125 0.416015625 0.80078125 0.4140625 0.794921875 0.408203125
