0 0.69921875 0.642578125 0.6953125 0.646484375 0.6953125 0.654296875 0.701171875 0.654296875 0.703125 0.65234375 0.703125 0.64453125 0.701171875 0.642578125
0 0.533203125 0.6171875 0.533203125 0.619140625 0.53515625 0.62109375 0.53515625 0.625 0.537109375 0.626953125 0.541015625 0.626953125 0.54296875 0.625 0.54296875 0.619140625 0.541015625 0.6171875
0 0.2578125 0.279296875 0.25390625 0.283203125 0.25390625 0.287109375 0.255859375 0.2890625 0.259765625 0.2890625 0.26171875 0.287109375 0.263671875 0.287109375 0.265625 0.28515625 0.259765625 0.279296875
0 0.837890625 0.2265625 0.830078125 0.234375 0.830078125 0.23828125 0.83203125 0.240234375 0.83203125 0.2421875 0.83984375 0.2421875 0.845703125 0.236328125 0.845703125 0.23046875 0.841796875 0.2265625
0 0.8359375 0.185546875 0.833984375 0.1875 0.830078125 0.1875 0.830078125 0.19140625 0.83203125 0.193359375 0.833984375 0.193359375 0.837890625 0.197265625 0.841796875 0.197265625 0.845703125 0.193359375 0.845703125 0.1875 0.84375 0.185546875
0 0.837890625 0.158203125 0.837890625 0.162109375 0.83984375 0.1640625 0.845703125 0.1640625 0.84765625 0.162109375 0.84765625 0.16015625 0.845703125 0.158203125
0 0.955078125 0.150390625 0.951171875 0.154296875 0.951171875 0.15625 0.94921875 0.158203125 0.94921875 0.166015625 0.951171875 0.16796875 0.951171875 0.169921875 0.953125 0.171875 0.9609375 0.171875 0.962890625 0.169921875 0.970703125 0.169921875 0.9765625 0.1640625 0.9765625 0.150390625
1 0.69921875 0.642578125 0.6953125 0.646484375 0.6953125 0.654296875 0.701171875 0.654296875 0.703125 0.65234375 0.703125 0.64453125 0.701171875 0.642578125
1 0.533203125 0.6171875 0.533203125 0.619140625 0.53515625 0.62109375 0.53515625 0.625 0.537109375 0.626953125 0.541015625 0.626953125 0.54296875 0.625 0.54296875 0.619140625 0.541015625 0.6171875
1 0.2578125 0.279296875 0.25390625 0.283203125 0.25390625 0.287109375 0.255859375 0.2890625 0.259765625 0.2890625 0.26171875 0.287109375 0.263671875 0.287109375 0.265625 0.28515625 0.259765625 0.279296875
1 0.837890625 0.2265625 0.830078125 0.234375 0.830078125 0.23828125 0.83203125 0.240234375 0.83203125 0.2421875 0.83984375 0.2421875 0.845703125 0.236328125 0.845703125 0.23046875 0.841796875 0.2265625
1 0.8359375 0.185546875 0.833984375 0.1875 0.830078125 0.1875 0.830078125 0.19140625 0.83203125 0.193359375 0.833984375 0.193359375 0.837890625 0.197265625 0.841796875 0.197265625 0.845703125 0.193359375 0.845703125 0.1875 0.84375 0.185546875
1 0.837890625 0.158203125 0.837890625 0.162109375 0.83984375 0.1640625 0.845703125 0.1640625 0.84765625 0.162109375 0.84765625 0.16015625 0.845703125 0.158203125
1 0.955078125 0.150390625 0.951171875 0.154296875 0.951171875 0.15625 0.94921875 0.158203125 0.94921875 0.166015625 0.951171875 0.16796875 0.951171875 0.169921875 0.953125 0.171875 0.9609375 0.171875 0.962890625 0.169921875 0.970703125 0.169921875 0.9765625 0.1640625 0.9765625 0.150390625
