0 0.923828125 0.990234375 0.921875 0.9921875 0.921875 0.99609375 0.923828125 0.998046875 0.931640625 0.998046875 0.931640625 0.9921875 0.9296875 0.990234375
0 0.638671875 0.75390625 0.63671875 0.755859375 0.63671875 0.759765625 0.642578125 0.759765625 0.642578125 0.755859375 0.640625 0.75390625
0 0.36328125 0.68359375 0.35546875 0.69140625 0.35546875 0.69921875 0.357421875 0.701171875 0.359375 0.701171875 0.361328125 0.69921875 0.36328125 0.69921875 0.3671875 0.6953125 0.3671875 0.693359375 0.369140625 0.69140625 0.369140625 0.685546875 0.3671875 0.68359375
0 0.3671875 0.626953125 0.365234375 0.62890625 0.365234375 0.63671875 0.3671875 0.638671875 0.37109375 0.638671875 0.37890625 0.630859375 0.37890625 0.62890625 0.376953125 0.626953125
0 0.3671875 0.56640625 0.365234375 0.568359375 0.365234375 0.5703125 0.369140625 0.57421875 0.37109375 0.57421875 0.375 0.5703125 0.375 0.568359375 0.373046875 0.568359375 0.37109375 0.56640625
0 0.587890625 0.376953125 0.58203125 0.3828125 0.58203125 0.38671875 0.583984375 0.388671875 0.58984375 0.388671875 0.591796875 0.38671875 0.591796875 0.37890625 0.58984375 0.376953125
0 0.81640625 0.26171875 0.814453125 0.263671875 0.81640625 0.265625 0.8203125 0.265625 0.822265625 0.263671875 0.8203125 0.26171875
0 0.3203125 0.23828125 0.31640625 0.2421875 0.31640625 0.25 0.318359375 0.251953125 0.322265625 0.251953125 0.32421875 0.25 0.32421875 0.24609375 0.326171875 0.244140625 0.32421875 0.2421875 0.32421875 0.240234375 0.322265625 0.23828125
1 0.923828125 0.990234375 0.921875 0.9921875 0.921875 0.99609375 0.923828125 0.998046875 0.931640625 0.998046875 0.931640625 0.9921875 0.9296875 0.990234375
1 0.638671875 0.75390625 0.63671875 0.755859375 0.63671875 0.759765625 0.642578125 0.759765625 0.642578125 0.755859375 0.640625 0.75390625
1 0.36328125 0.68359375 0.35546875 0.69140625 0.35546875 0.69921875 0.357421875 0.701171875 0.359375 0.701171875 0.361328125 0.69921875 0.36328125 0.69921875 0.3671875 0.6953125 0.3671875 0.693359375 0.369140625 0.69140625 0.369140625 0.685546875 0.3671875 0.68359375
1 0.3671875 0.626953125 0.365234375 0.62890625 0.365234375 0.63671875 0.3671875 0.638671875 0.37109375 0.638671875 0.37890625 0.630859375 0.37890625 0.62890625 0.376953125 0.626953125
1 0.3671875 0.56640625 0.365234375 0.568359375 0.365234375 0.5703125 0.369140625 0.57421875 0.37109375 0.57421875 0.375 0.5703125 0.375 0.568359375 0.373046875 0.568359375 0.37109375 0.56640625
1 0.587890625 0.376953125 0.58203125 0.3828125 0.58203125 0.38671875 0.583984375 0.388671875 0.58984375 0.388671875 0.591796875 0.38671875 0.591796875 0.37890625 0.58984375 0.376953125
1 0.81640625 0.26171875 0.814453125 0.263671875 0.81640625 0.265625 0.8203125 0.265625 0.822265625 0.263671875 0.8203125 0.26171875
1 0.3203125 0.23828125 0.31640625 0.2421875 0.31640625 0.25 0.318359375 0.251953125 0.322265625 0.251953125 0.32421875 0.25 0.32421875 0.24609375 0.326171875 0.244140625 0.32421875 0.2421875 0.32421875 0.240234375 0.322265625 0.23828125
