0 0.728515625 0.896484375 0.7265625 0.8984375 0.724609375 0.8984375 0.720703125 0.90234375 0.720703125 0.91015625 0.7265625 0.916015625 0.732421875 0.916015625 0.73828125 0.91015625 0.73828125 0.900390625 0.736328125 0.8984375 0.732421875 0.8984375 0.73046875 0.896484375
0 0.271484375 0.82421875 0.267578125 0.828125 0.267578125 0.830078125 0.265625 0.83203125 0.265625 0.8359375 0.267578125 0.837890625 0.267578125 0.83984375 0.27734375 0.83984375 0.279296875 0.837890625 0.279296875 0.826171875 0.275390625 0.826171875 0.2734375 0.82421875
0 0.978515625 0.798828125 0.9765625 0.80078125 0.974609375 0.80078125 0.97265625 0.802734375 0.97265625 0.810546875 0.9765625 0.814453125 0.984375 0.814453125 0.986328125 0.8125 0.986328125 0.802734375 0.982421875 0.798828125
0 0.46875 0.79296875 0.462890625 0.798828125 0.462890625 0.802734375 0.466796875 0.806640625 0.470703125 0.806640625 0.474609375 0.802734375 0.474609375 0.798828125 0.47265625 0.796875 0.47265625 0.794921875 0.470703125 0.79296875
0 0.02734375 0.767578125 0.0234375 0.771484375 0.0234375 0.783203125 0.02734375 0.787109375 0.029296875 0.787109375 0.03125 0.7890625 0.033203125 0.7890625 0.03515625 0.791015625 0.037109375 0.791015625 0.0390625 0.7890625 0.0390625 0.787109375 0.041015625 0.78515625 0.041015625 0.775390625 0.0390625 0.7734375 0.0390625 0.76953125 0.037109375 0.767578125
0 0.294921875 0.755859375 0.291015625 0.759765625 0.291015625 0.76171875 0.2890625 0.763671875 0.2890625 0.7734375 0.291015625 0.7734375 0.29296875 0.775390625 0.294921875 0.775390625 0.296875 0.7734375 0.298828125 0.7734375 0.302734375 0.76953125 0.302734375 0.767578125 0.3046875 0.765625 0.3046875 0.755859375
0 0.21875 0.732421875 0.21484375 0.736328125 0.212890625 0.736328125 0.2109375 0.73828125 0.2109375 0.74609375 0.212890625 0.748046875 0.212890625 0.75 0.21484375 0.751953125 0.220703125 0.751953125 0.22265625 0.75 0.224609375 0.75 0.228515625 0.74609375 0.228515625 0.73828125 0.22265625 0.732421875
0 0.7265625 0.7265625 0.724609375 0.728515625 0.72265625 0.728515625 0.72265625 0.73046875 0.720703125 0.732421875 0.720703125 0.734375 0.71875 0.736328125 0.71875 0.740234375 0.720703125 0.7421875 0.720703125 0.744140625 0.72265625 0.74609375 0.724609375 0.74609375 0.7265625 0.748046875 0.73046875 0.748046875 0.736328125 0.7421875 0.736328125 0.740234375 0.73828125 0.73828125 0.73828125 0.734375 0.736328125 0.732421875 0.736328125 0.73046875 0.732421875 0.7265625
0 0.306640625 0.685546875 0.3046875 0.6875 0.30078125 0.6875 0.296875 0.69140625 0.296875 0.697265625 0.294921875 0.69921875 0.294921875 0.701171875 0.296875 0.703125 0.296875 0.70703125 0.302734375 0.712890625 0.310546875 0.712890625 0.3125 0.71484375 0.314453125 0.71484375 0.3203125 0.708984375 0.3203125 0.693359375 0.318359375 0.69140625 0.318359375 0.689453125 0.314453125 0.685546875
0 0.359375 0.68359375 0.357421875 0.685546875 0.35546875 0.685546875 0.3515625 0.689453125 0.3515625 0.693359375 0.349609375 0.6953125 0.349609375 0.69921875 0.34765625 0.701171875 0.34765625 0.705078125 0.349609375 0.70703125 0.349609375 0.7109375 0.3515625 0.712890625 0.3515625 0.71484375 0.357421875 0.720703125 0.37109375 0.720703125 0.373046875 0.71875 0.375 0.71875 0.376953125 0.716796875 0.37890625 0.716796875 0.380859375 0.71484375 0.3828125 0.71484375 0.3828125 0.712890625 0.384765625 0.7109375 0.384765625 0.70703125 0.3828125 0.705078125 0.3828125 0.6953125 0.376953125 0.689453125 0.373046875 0.689453125 0.37109375 0.6875 0.369140625 0.6875 0.3671875 0.685546875 0.36328125 0.685546875 0.361328125 0.68359375
0 0.529296875 0.681640625 0.52734375 0.68359375 0.525390625 0.68359375 0.521484375 0.6875 0.521484375 0.697265625 0.5234375 0.69921875 0.525390625 0.69921875 0.52734375 0.701171875 0.533203125 0.701171875 0.537109375 0.697265625 0.537109375 0.689453125 0.53515625 0.6875 0.53515625 0.685546875 0.533203125 0.68359375 0.53125 0.68359375
0 0.037109375 0.681640625 0.03515625 0.68359375 0.03515625 0.6875 0.037109375 0.689453125 0.041015625 0.689453125 0.044921875 0.685546875 0.044921875 0.68359375 0.04296875 0.681640625
0 0.015625 0.654296875 0.01171875 0.658203125 0.01171875 0.662109375 0.013671875 0.662109375 0.015625 0.6640625 0.017578125 0.6640625 0.01953125 0.662109375 0.01953125 0.654296875
0 0.146484375 0.642578125 0.146484375 0.64453125 0.14453125 0.646484375 0.146484375 0.6484375 0.146484375 0.65234375 0.150390625 0.65625 0.15625 0.65625 0.158203125 0.654296875 0.158203125 0.646484375 0.154296875 0.642578125
0 0.58203125 0.556640625 0.580078125 0.55859375 0.580078125 0.560546875 0.583984375 0.564453125 0.5859375 0.564453125 0.587890625 0.5625 0.587890625 0.55859375 0.5859375 0.556640625
0 0.6484375 0.5390625 0.640625 0.546875 0.640625 0.552734375 0.642578125 0.5546875 0.642578125 0.556640625 0.64453125 0.55859375 0.646484375 0.55859375 0.6484375 0.556640625 0.650390625 0.556640625 0.65625 0.55078125 0.65625 0.544921875 0.654296875 0.54296875 0.654296875 0.541015625 0.65234375 0.541015625 0.650390625 0.5390625
0 0.548828125 0.509765625 0.544921875 0.513671875 0.544921875 0.515625 0.546875 0.517578125 0.546875 0.521484375 0.548828125 0.5234375 0.552734375 0.5234375 0.5546875 0.521484375 0.5546875 0.513671875 0.552734375 0.51171875 0.552734375 0.509765625
0 0.517578125 0.48046875 0.51171875 0.486328125 0.51171875 0.490234375 0.513671875 0.4921875 0.513671875 0.494140625 0.517578125 0.498046875 0.5234375 0.498046875 0.52734375 0.494140625 0.52734375 0.484375 0.525390625 0.482421875 0.5234375 0.482421875 0.521484375 0.48046875
0 0.98828125 0.40625 0.986328125 0.408203125 0.986328125 0.41796875 0.98828125 0.419921875 0.98828125 0.421875 0.990234375 0.421875 0.9921875 0.423828125 0.99609375 0.423828125 0.998046875 0.421875 0.998046875 0.408203125 0.99609375 0.408203125 0.994140625 0.40625
0 0.095703125 0.16796875 0.091796875 0.171875 0.091796875 0.177734375 0.09375 0.1796875 0.09765625 0.1796875 0.099609375 0.177734375 0.099609375 0.171875
0 0.943359375 0.1171875 0.94140625 0.119140625 0.939453125 0.119140625 0.939453125 0.12890625 0.94140625 0.130859375 0.951171875 0.130859375 0.951171875 0.123046875 0.947265625 0.119140625 0.9453125 0.119140625
0 0.86328125 0.1171875 0.861328125 0.119140625 0.861328125 0.12109375 0.859375 0.123046875 0.859375 0.12890625 0.861328125 0.130859375 0.86328125 0.130859375 0.865234375 0.1328125 0.8671875 0.1328125 0.869140625 0.130859375 0.87109375 0.130859375 0.875 0.126953125 0.875 0.12109375 0.873046875 0.119140625 0.873046875 0.1171875
0 0.943359375 0.07421875 0.939453125 0.078125 0.939453125 0.080078125 0.9375 0.08203125 0.9375 0.095703125 0.939453125 0.09765625 0.94140625 0.09765625 0.943359375 0.099609375 0.95703125 0.099609375 0.9609375 0.095703125 0.9609375 0.08984375 0.962890625 0.087890625 0.962890625 0.0859375 0.9609375 0.083984375 0.9609375 0.08203125 0.958984375 0.080078125 0.958984375 0.078125 0.95703125 0.076171875 0.953125 0.076171875 0.951171875 0.07421875
1 0.728515625 0.896484375 0.7265625 0.8984375 0.724609375 0.8984375 0.720703125 0.90234375 0.720703125 0.91015625 0.7265625 0.916015625 0.732421875 0.916015625 0.73828125 0.91015625 0.73828125 0.900390625 0.736328125 0.8984375 0.732421875 0.8984375 0.73046875 0.896484375
1 0.271484375 0.82421875 0.267578125 0.828125 0.267578125 0.830078125 0.265625 0.83203125 0.265625 0.8359375 0.267578125 0.837890625 0.267578125 0.83984375 0.27734375 0.83984375 0.279296875 0.837890625 0.279296875 0.826171875 0.275390625 0.826171875 0.2734375 0.82421875
1 0.978515625 0.798828125 0.9765625 0.80078125 0.974609375 0.80078125 0.97265625 0.802734375 0.97265625 0.810546875 0.9765625 0.814453125 0.984375 0.814453125 0.986328125 0.8125 0.986328125 0.802734375 0.982421875 0.798828125
1 0.46875 0.79296875 0.462890625 0.798828125 0.462890625 0.802734375 0.466796875 0.806640625 0.470703125 0.806640625 0.474609375 0.802734375 0.474609375 0.798828125 0.47265625 0.796875 0.47265625 0.794921875 0.470703125 0.79296875
1 0.02734375 0.767578125 0.0234375 0.771484375 0.0234375 0.783203125 0.02734375 0.787109375 0.029296875 0.787109375 0.03125 0.7890625 0.033203125 0.7890625 0.03515625 0.791015625 0.037109375 0.791015625 0.0390625 0.7890625 0.0390625 0.787109375 0.041015625 0.78515625 0.041015625 0.775390625 0.0390625 0.7734375 0.0390625 0.76953125 0.037109375 0.767578125
1 0.294921875 0.755859375 0.291015625 0.759765625 0.291015625 0.76171875 0.2890625 0.763671875 0.2890625 0.7734375 0.291015625 0.7734375 0.29296875 0.775390625 0.294921875 0.775390625 0.296875 0.7734375 0.298828125 0.7734375 0.302734375 0.76953125 0.302734375 0.767578125 0.3046875 0.765625 0.3046875 0.755859375
1 0.21875 0.732421875 0.21484375 0.736328125 0.212890625 0.736328125 0.2109375 0.73828125 0.2109375 0.74609375 0.212890625 0.748046875 0.212890625 0.75 0.21484375 0.751953125 0.220703125 0.751953125 0.22265625 0.75 0.224609375 0.75 0.228515625 0.74609375 0.228515625 0.73828125 0.22265625 0.732421875
1 0.7265625 0.7265625 0.724609375 0.728515625 0.72265625 0.728515625 0.72265625 0.73046875 0.720703125 0.732421875 0.720703125 0.734375 0.71875 0.736328125 0.71875 0.740234375 0.720703125 0.7421875 0.720703125 0.744140625 0.72265625 0.74609375 0.724609375 0.74609375 0.7265625 0.748046875 0.73046875 0.748046875 0.736328125 0.7421875 0.736328125 0.740234375 0.73828125 0.73828125 0.73828125 0.734375 0.736328125 0.732421875 0.736328125 0.73046875 0.732421875 0.7265625
1 0.306640625 0.685546875 0.3046875 0.6875 0.30078125 0.6875 0.296875 0.69140625 0.296875 0.697265625 0.294921875 0.69921875 0.294921875 0.701171875 0.296875 0.703125 0.296875 0.70703125 0.302734375 0.712890625 0.310546875 0.712890625 0.3125 0.71484375 0.314453125 0.71484375 0.3203125 0.708984375 0.3203125 0.693359375 0.318359375 0.69140625 0.318359375 0.689453125 0.314453125 0.685546875
1 0.359375 0.68359375 0.357421875 0.685546875 0.35546875 0.685546875 0.3515625 0.689453125 0.3515625 0.693359375 0.349609375 0.6953125 0.349609375 0.69921875 0.34765625 0.701171875 0.34765625 0.705078125 0.349609375 0.70703125 0.349609375 0.7109375 0.3515625 0.712890625 0.3515625 0.71484375 0.357421875 0.720703125 0.37109375 0.720703125 0.373046875 0.71875 0.375 0.71875 0.376953125 0.716796875 0.37890625 0.716796875 0.380859375 0.71484375 0.3828125 0.71484375 0.3828125 0.712890625 0.384765625 0.7109375 0.384765625 0.70703125 0.3828125 0.705078125 0.3828125 0.6953125 0.376953125 0.689453125 0.373046875 0.689453125 0.37109375 0.6875 0.369140625 0.6875 0.3671875 0.685546875 0.36328125 0.685546875 0.361328125 0.68359375
1 0.529296875 0.681640625 0.52734375 0.68359375 0.525390625 0.68359375 0.521484375 0.6875 0.521484375 0.697265625 0.5234375 0.69921875 0.525390625 0.69921875 0.52734375 0.701171875 0.533203125 0.701171875 0.537109375 0.697265625 0.537109375 0.689453125 0.53515625 0.6875 0.53515625 0.685546875 0.533203125 0.68359375 0.53125 0.68359375
1 0.037109375 0.681640625 0.03515625 0.68359375 0.03515625 0.6875 0.037109375 0.689453125 0.041015625 0.689453125 0.044921875 0.685546875 0.044921875 0.68359375 0.04296875 0.681640625
1 0.015625 0.654296875 0.01171875 0.658203125 0.01171875 0.662109375 0.013671875 0.662109375 0.015625 0.6640625 0.017578125 0.6640625 0.01953125 0.662109375 0.01953125 0.654296875
1 0.146484375 0.642578125 0.146484375 0.64453125 0.14453125 0.646484375 0.146484375 0.6484375 0.146484375 0.65234375 0.150390625 0.65625 0.15625 0.65625 0.158203125 0.654296875 0.158203125 0.646484375 0.154296875 0.642578125
1 0.58203125 0.556640625 0.580078125 0.55859375 0.580078125 0.560546875 0.583984375 0.564453125 0.5859375 0.564453125 0.587890625 0.5625 0.587890625 0.55859375 0.5859375 0.556640625
1 0.6484375 0.5390625 0.640625 0.546875 0.640625 0.552734375 0.642578125 0.5546875 0.642578125 0.556640625 0.64453125 0.55859375 0.646484375 0.55859375 0.6484375 0.556640625 0.650390625 0.556640625 0.65625 0.55078125 0.65625 0.544921875 0.654296875 0.54296875 0.654296875 0.541015625 0.65234375 0.541015625 0.650390625 0.5390625
1 0.548828125 0.509765625 0.544921875 0.513671875 0.544921875 0.515625 0.546875 0.517578125 0.546875 0.521484375 0.548828125 0.5234375 0.552734375 0.5234375 0.5546875 0.521484375 0.5546875 0.513671875 0.552734375 0.51171875 0.552734375 0.509765625
1 0.517578125 0.48046875 0.51171875 0.486328125 0.51171875 0.490234375 0.513671875 0.4921875 0.513671875 0.494140625 0.517578125 0.498046875 0.5234375 0.498046875 0.52734375 0.494140625 0.52734375 0.484375 0.525390625 0.482421875 0.5234375 0.482421875 0.521484375 0.48046875
1 0.98828125 0.40625 0.986328125 0.408203125 0.986328125 0.41796875 0.98828125 0.419921875 0.98828125 0.421875 0.990234375 0.421875 0.9921875 0.423828125 0.99609375 0.423828125 0.998046875 0.421875 0.998046875 0.408203125 0.99609375 0.408203125 0.994140625 0.40625
1 0.095703125 0.16796875 0.091796875 0.171875 0.091796875 0.177734375 0.09375 0.1796875 0.09765625 0.1796875 0.099609375 0.177734375 0.099609375 0.171875
1 0.943359375 0.1171875 0.94140625 0.119140625 0.939453125 0.119140625 0.939453125 0.12890625 0.94140625 0.130859375 0.951171875 0.130859375 0.951171875 0.123046875 0.947265625 0.119140625 0.9453125 0.119140625
1 0.86328125 0.1171875 0.861328125 0.119140625 0.861328125 0.12109375 0.859375 0.123046875 0.859375 0.12890625 0.861328125 0.130859375 0.86328125 0.130859375 0.865234375 0.1328125 0.8671875 0.1328125 0.869140625 0.130859375 0.87109375 0.130859375 0.875 0.126953125 0.875 0.12109375 0.873046875 0.119140625 0.873046875 0.1171875
1 0.943359375 0.07421875 0.939453125 0.078125 0.939453125 0.080078125 0.9375 0.08203125 0.9375 0.095703125 0.939453125 0.09765625 0.94140625 0.09765625 0.943359375 0.099609375 0.95703125 0.099609375 0.9609375 0.095703125 0.9609375 0.08984375 0.962890625 0.087890625 0.962890625 0.0859375 0.9609375 0.083984375 0.9609375 0.08203125 0.958984375 0.080078125 0.958984375 0.078125 0.95703125 0.076171875 0.953125 0.076171875 0.951171875 0.07421875
