0 0.830078125 0.96875 0.828125 0.970703125 0.826171875 0.970703125 0.826171875 0.982421875 0.828125 0.984375 0.828125 0.98828125 0.833984375 0.98828125 0.837890625 0.984375 0.837890625 0.98046875 0.83984375 0.978515625 0.83984375 0.97265625 0.8359375 0.96875
0 0.34375 0.865234375 0.33984375 0.869140625 0.341796875 0.87109375 0.341796875 0.873046875 0.345703125 0.876953125 0.34765625 0.876953125 0.3515625 0.873046875 0.3515625 0.87109375 0.353515625 0.869140625 0.349609375 0.865234375
0 0.203125 0.630859375 0.201171875 0.6328125 0.201171875 0.634765625 0.19921875 0.63671875 0.19921875 0.64453125 0.201171875 0.646484375 0.201171875 0.6484375 0.203125 0.650390625 0.203125 0.65234375 0.205078125 0.654296875 0.21484375 0.654296875 0.216796875 0.65234375 0.21875 0.65234375 0.21875 0.640625 0.21484375 0.63671875 0.21484375 0.634765625 0.2109375 0.630859375
0 0.078125 0.51171875 0.078125 0.513671875 0.076171875 0.515625 0.076171875 0.521484375 0.078125 0.5234375 0.08203125 0.5234375 0.083984375 0.521484375 0.0859375 0.521484375 0.087890625 0.51953125 0.087890625 0.515625 0.083984375 0.51171875
0 0.404296875 0.462890625 0.40234375 0.46484375 0.40234375 0.466796875 0.400390625 0.46875 0.400390625 0.478515625 0.404296875 0.482421875 0.408203125 0.482421875 0.4140625 0.4765625 0.4140625 0.474609375 0.416015625 0.47265625 0.416015625 0.470703125 0.4140625 0.46875 0.4140625 0.466796875 0.412109375 0.46484375 0.41015625 0.46484375 0.408203125 0.462890625
0 0.873046875 0.39453125 0.87109375 0.396484375 0.869140625 0.396484375 0.869140625 0.400390625 0.87109375 0.40234375 0.87109375 0.404296875 0.873046875 0.404296875 0.875 0.40625 0.880859375 0.400390625 0.880859375 0.396484375 0.87890625 0.39453125
0 0.453125 0.302734375 0.44921875 0.306640625 0.44921875 0.3125 0.451171875 0.314453125 0.453125 0.314453125 0.455078125 0.3125 0.455078125 0.310546875 0.45703125 0.30859375 0.45703125 0.3046875 0.455078125 0.302734375
0 0.216796875 0.146484375 0.21484375 0.1484375 0.21484375 0.150390625 0.216796875 0.15234375 0.21875 0.15234375 0.220703125 0.150390625
0 0.1015625 0.134765625 0.09765625 0.138671875 0.09765625 0.140625 0.099609375 0.140625 0.1015625 0.142578125 0.10546875 0.142578125 0.107421875 0.140625 0.107421875 0.134765625
0 0.861328125 0.068359375 0.861328125 0.0703125 0.859375 0.072265625 0.859375 0.078125 0.861328125 0.080078125 0.865234375 0.080078125 0.8671875 0.078125 0.8671875 0.072265625 0.865234375 0.0703125 0.865234375 0.068359375
1 0.830078125 0.96875 0.828125 0.970703125 0.826171875 0.970703125 0.826171875 0.982421875 0.828125 0.984375 0.828125 0.98828125 0.833984375 0.98828125 0.837890625 0.984375 0.837890625 0.98046875 0.83984375 0.978515625 0.83984375 0.97265625 0.8359375 0.96875
1 0.34375 0.865234375 0.33984375 0.869140625 0.341796875 0.87109375 0.341796875 0.873046875 0.345703125 0.876953125 0.34765625 0.876953125 0.3515625 0.873046875 0.3515625 0.87109375 0.353515625 0.869140625 0.349609375 0.865234375
1 0.203125 0.630859375 0.201171875 0.6328125 0.201171875 0.634765625 0.19921875 0.63671875 0.19921875 0.64453125 0.201171875 0.646484375 0.201171875 0.6484375 0.203125 0.650390625 0.203125 0.65234375 0.205078125 0.654296875 0.21484375 0.654296875 0.216796875 0.65234375 0.21875 0.65234375 0.21875 0.640625 0.21484375 0.63671875 0.21484375 0.634765625 0.2109375 0.630859375
1 0.078125 0.51171875 0.078125 0.513671875 0.076171875 0.515625 0.076171875 0.521484375 0.078125 0.5234375 0.08203125 0.5234375 0.083984375 0.521484375 0.0859375 0.521484375 0.087890625 0.51953125 0.087890625 0.515625 0.083984375 0.51171875
1 0.404296875 0.462890625 0.40234375 0.46484375 0.40234375 0.466796875 0.400390625 0.46875 0.400390625 0.478515625 0.404296875 0.482421875 0.408203125 0.482421875 0.4140625 0.4765625 0.4140625 0.474609375 0.416015625 0.47265625 0.416015625 0.470703125 0.4140625 0.46875 0.4140625 0.466796875 0.412109375 0.46484375 0.41015625 0.46484375 0.408203125 0.462890625
1 0.873046875 0.39453125 0.87109375 0.396484375 0.869140625 0.396484375 0.869140625 0.400390625 0.87109375 0.40234375 0.87109375 0.404296875 0.873046875 0.404296875 0.875 0.40625 0.880859375 0.400390625 0.880859375 0.396484375 0.87890625 0.39453125
1 0.453125 0.302734375 0.44921875 0.306640625 0.44921875 0.3125 0.451171875 0.314453125 0.453125 0.314453125 0.455078125 0.3125 0.455078125 0.310546875 0.45703125 0.30859375 0.45703125 0.3046875 0.455078125 0.302734375
1 0.216796875 0.146484375 0.21484375 0.1484375 0.21484375 0.150390625 0.216796875 0.15234375 0.21875 0.15234375 0.220703125 0.150390625
1 0.1015625 0.134765625 0.09765625 0.138671875 0.09765625 0.140625 0.099609375 0.140625 0.1015625 0.142578125 0.10546875 0.142578125 0.107421875 0.140625 0.107421875 0.134765625
1 0.861328125 0.068359375 0.861328125 0.0703125 0.859375 0.072265625 0.859375 0.078125 0.861328125 0.080078125 0.865234375 0.080078125 0.8671875 0.078125 0.8671875 0.072265625 0.865234375 0.0703125 0.865234375 0.068359375
