0 0.884765625 0.98046875 0.880859375 0.984375 0.880859375 0.98828125 0.884765625 0.9921875 0.890625 0.9921875 0.89453125 0.98828125 0.89453125 0.982421875 0.892578125 0.98046875
0 0.732421875 0.69921875 0.73046875 0.701171875 0.728515625 0.701171875 0.728515625 0.7109375 0.736328125 0.7109375 0.73828125 0.708984375 0.73828125 0.701171875 0.736328125 0.69921875
0 0.232421875 0.43359375 0.228515625 0.4375 0.228515625 0.443359375 0.236328125 0.443359375 0.236328125 0.435546875 0.234375 0.43359375
0 0.55078125 0.296875 0.548828125 0.298828125 0.55078125 0.30078125 0.5546875 0.30078125 0.556640625 0.298828125 0.5546875 0.296875
0 0.00390625 0.25390625 0.001953125 0.255859375 0.0 0.255859375 0.0 0.263671875 0.001953125 0.263671875 0.00390625 0.265625 0.005859375 0.265625 0.009765625 0.26171875 0.009765625 0.255859375 0.0078125 0.255859375 0.005859375 0.25390625
1 0.884765625 0.98046875 0.880859375 0.984375 0.880859375 0.98828125 0.884765625 0.9921875 0.890625 0.9921875 0.89453125 0.98828125 0.89453125 0.982421875 0.892578125 0.98046875
1 0.732421875 0.69921875 0.73046875 0.701171875 0.728515625 0.701171875 0.728515625 0.7109375 0.736328125 0.7109375 0.73828125 0.708984375 0.73828125 0.701171875 0.736328125 0.69921875
1 0.232421875 0.43359375 0.228515625 0.4375 0.228515625 0.443359375 0.236328125 0.443359375 0.236328125 0.435546875 0.234375 0.43359375
1 0.55078125 0.296875 0.548828125 0.298828125 0.55078125 0.30078125 0.5546875 0.30078125 0.556640625 0.298828125 0.5546875 0.296875
1 0.00390625 0.25390625 0.001953125 0.255859375 0.0 0.255859375 0.0 0.263671875 0.001953125 0.263671875 0.00390625 0.265625 0.005859375 0.265625 0.009765625 0.26171875 0.009765625 0.255859375 0.0078125 0.255859375 0.005859375 0.25390625
