0 0.13671875 0.91796875 0.134765625 0.919921875 0.134765625 0.927734375 0.13671875 0.9296875 0.14453125 0.9296875 0.146484375 0.927734375 0.1484375 0.927734375 0.150390625 0.92578125 0.150390625 0.919921875 0.1484375 0.91796875
0 0.72265625 0.875 0.71875 0.87890625 0.71875 0.880859375 0.720703125 0.8828125 0.720703125 0.884765625 0.72265625 0.88671875 0.73046875 0.88671875 0.732421875 0.884765625 0.732421875 0.876953125 0.73046875 0.875
0 0.662109375 0.83203125 0.66015625 0.833984375 0.66015625 0.841796875 0.6640625 0.845703125 0.669921875 0.845703125 0.673828125 0.841796875 0.673828125 0.833984375 0.671875 0.83203125
0 0.0234375 0.78515625 0.01953125 0.7890625 0.01953125 0.798828125 0.0234375 0.802734375 0.029296875 0.802734375 0.03125 0.80078125 0.03125 0.798828125 0.033203125 0.796875 0.033203125 0.791015625 0.03125 0.7890625 0.03125 0.787109375 0.029296875 0.78515625
0 0.880859375 0.662109375 0.87890625 0.6640625 0.87890625 0.671875 0.8828125 0.67578125 0.888671875 0.67578125 0.890625 0.673828125 0.890625 0.671875 0.892578125 0.669921875 0.892578125 0.6640625 0.890625 0.6640625 0.888671875 0.662109375
0 0.017578125 0.40625 0.013671875 0.41015625 0.013671875 0.419921875 0.015625 0.421875 0.025390625 0.421875 0.029296875 0.41796875 0.029296875 0.412109375 0.025390625 0.408203125 0.0234375 0.408203125 0.021484375 0.40625
0 0.38671875 0.373046875 0.384765625 0.375 0.384765625 0.3828125 0.38671875 0.384765625 0.39453125 0.384765625 0.396484375 0.3828125 0.396484375 0.375 0.39453125 0.373046875
0 0.16015625 0.357421875 0.154296875 0.36328125 0.15625 0.365234375 0.15625 0.3671875 0.166015625 0.3671875 0.169921875 0.36328125 0.1640625 0.357421875
0 0.931640625 0.259765625 0.9296875 0.26171875 0.927734375 0.26171875 0.927734375 0.263671875 0.92578125 0.265625 0.92578125 0.2734375 0.927734375 0.275390625 0.9296875 0.275390625 0.931640625 0.27734375 0.9375 0.27734375 0.939453125 0.275390625 0.94140625 0.275390625 0.943359375 0.2734375 0.943359375 0.267578125 0.94140625 0.265625 0.94140625 0.263671875 0.9375 0.259765625
0 0.40625 0.251953125 0.400390625 0.2578125 0.400390625 0.26171875 0.3984375 0.263671875 0.3984375 0.265625 0.400390625 0.267578125 0.400390625 0.26953125 0.40234375 0.271484375 0.40234375 0.2734375 0.404296875 0.275390625 0.40625 0.275390625 0.408203125 0.27734375 0.4140625 0.27734375 0.416015625 0.275390625 0.41796875 0.275390625 0.41796875 0.2734375 0.419921875 0.271484375 0.419921875 0.26953125 0.421875 0.267578125 0.421875 0.26171875 0.419921875 0.259765625 0.419921875 0.2578125 0.41796875 0.255859375 0.41796875 0.25390625 0.416015625 0.25390625 0.4140625 0.251953125
0 0.048828125 0.14453125 0.046875 0.146484375 0.046875 0.15234375 0.048828125 0.15234375 0.05078125 0.154296875 0.0546875 0.154296875 0.05859375 0.150390625 0.05859375 0.146484375 0.056640625 0.14453125
0 0.611328125 0.130859375 0.609375 0.1328125 0.607421875 0.1328125 0.607421875 0.140625 0.611328125 0.14453125 0.6171875 0.14453125 0.619140625 0.142578125 0.619140625 0.1328125 0.6171875 0.130859375
0 0.875 0.125 0.873046875 0.126953125 0.873046875 0.12890625 0.87109375 0.130859375 0.87109375 0.13671875 0.873046875 0.138671875 0.873046875 0.142578125 0.876953125 0.146484375 0.87890625 0.14453125 0.888671875 0.14453125 0.890625 0.142578125 0.890625 0.138671875 0.892578125 0.13671875 0.892578125 0.12890625 0.890625 0.126953125 0.890625 0.125
1 0.13671875 0.91796875 0.134765625 0.919921875 0.134765625 0.927734375 0.13671875 0.9296875 0.14453125 0.9296875 0.146484375 0.927734375 0.1484375 0.927734375 0.150390625 0.92578125 0.150390625 0.919921875 0.1484375 0.91796875
1 0.72265625 0.875 0.71875 0.87890625 0.71875 0.880859375 0.720703125 0.8828125 0.720703125 0.884765625 0.72265625 0.88671875 0.73046875 0.88671875 0.732421875 0.884765625 0.732421875 0.876953125 0.73046875 0.875
1 0.662109375 0.83203125 0.66015625 0.833984375 0.66015625 0.841796875 0.6640625 0.845703125 0.669921875 0.845703125 0.673828125 0.841796875 0.673828125 0.833984375 0.671875 0.83203125
1 0.0234375 0.78515625 0.01953125 0.7890625 0.01953125 0.798828125 0.0234375 0.802734375 0.029296875 0.802734375 0.03125 0.80078125 0.03125 0.798828125 0.033203125 0.796875 0.033203125 0.791015625 0.03125 0.7890625 0.03125 0.787109375 0.029296875 0.78515625
1 0.880859375 0.662109375 0.87890625 0.6640625 0.87890625 0.671875 0.8828125 0.67578125 0.888671875 0.67578125 0.890625 0.673828125 0.890625 0.671875 0.892578125 0.669921875 0.892578125 0.6640625 0.890625 0.6640625 0.888671875 0.662109375
1 0.017578125 0.40625 0.013671875 0.41015625 0.013671875 0.419921875 0.015625 0.421875 0.025390625 0.421875 0.029296875 0.41796875 0.029296875 0.412109375 0.025390625 0.408203125 0.0234375 0.408203125 0.021484375 0.40625
1 0.38671875 0.373046875 0.384765625 0.375 0.384765625 0.3828125 0.38671875 0.384765625 0.39453125 0.384765625 0.396484375 0.3828125 0.396484375 0.375 0.39453125 0.373046875
1 0.16015625 0.357421875 0.154296875 0.36328125 0.15625 0.365234375 0.15625 0.3671875 0.166015625 0.3671875 0.169921875 0.36328125 0.1640625 0.357421875
1 0.931640625 0.259765625 0.9296875 0.26171875 0.927734375 0.26171875 0.927734375 0.263671875 0.92578125 0.265625 0.92578125 0.2734375 0.927734375 0.275390625 0.9296875 0.275390625 0.931640625 0.27734375 0.9375 0.27734375 0.939453125 0.275390625 0.94140625 0.275390625 0.943359375 0.2734375 0.943359375 0.267578125 0.94140625 0.265625 0.94140625 0.263671875 0.9375 0.259765625
1 0.40625 0.251953125 0.400390625 0.2578125 0.400390625 0.26171875 0.3984375 0.263671875 0.3984375 0.265625 0.400390625 0.267578125 0.400390625 0.26953125 0.40234375 0.271484375 0.40234375 0.2734375 0.404296875 0.275390625 0.40625 0.275390625 0.408203125 0.27734375 0.4140625 0.27734375 0.416015625 0.275390625 0.41796875 0.275390625 0.41796875 0.2734375 0.419921875 0.271484375 0.419921875 0.26953125 0.421875 0.267578125 0.421875 0.26171875 0.419921875 0.259765625 0.419921875 0.2578125 0.41796875 0.255859375 0.41796875 0.25390625 0.416015625 0.25390625 0.4140625 0.251953125
1 0.048828125 0.14453125 0.046875 0.146484375 0.046875 0.15234375 0.048828125 0.15234375 0.05078125 0.154296875 0.0546875 0.154296875 0.05859375 0.150390625 0.05859375 0.146484375 0.056640625 0.14453125
1 0.611328125 0.130859375 0.609375 0.1328125 0.607421875 0.1328125 0.607421875 0.140625 0.611328125 0.14453125 0.6171875 0.14453125 0.619140625 0.142578125 0.619140625 0.1328125 0.6171875 0.130859375
1 0.875 0.125 0.873046875 0.126953125 0.873046875 0.12890625 0.87109375 0.130859375 0.87109375 0.13671875 0.873046875 0.138671875 0.873046875 0.142578125 0.876953125 0.146484375 0.87890625 0.14453125 0.888671875 0.14453125 0.890625 0.142578125 0.890625 0.138671875 0.892578125 0.13671875 0.892578125 0.12890625 0.890625 0.126953125 0.890625 0.125
