0 0.91015625 0.9453125 0.91015625 0.94921875 0.912109375 0.951171875 0.9140625 0.951171875 0.916015625 0.94921875 0.916015625 0.947265625 0.9140625 0.9453125
0 0.564453125 0.845703125 0.5625 0.84765625 0.560546875 0.84765625 0.5546875 0.853515625 0.5546875 0.861328125 0.556640625 0.861328125 0.55859375 0.86328125 0.564453125 0.86328125 0.56640625 0.865234375 0.568359375 0.865234375 0.5703125 0.86328125 0.572265625 0.86328125 0.57421875 0.861328125 0.576171875 0.861328125 0.576171875 0.859375 0.580078125 0.85546875 0.580078125 0.849609375 0.578125 0.84765625 0.576171875 0.84765625 0.57421875 0.845703125
0 0.990234375 0.658203125 0.98828125 0.66015625 0.986328125 0.66015625 0.986328125 0.662109375 0.984375 0.6640625 0.984375 0.67578125 0.986328125 0.677734375 0.9921875 0.677734375 0.99609375 0.673828125 0.998046875 0.673828125 0.998046875 0.662109375 0.99609375 0.66015625 0.994140625 0.66015625 0.9921875 0.658203125
0 0.25390625 0.55078125 0.251953125 0.552734375 0.251953125 0.560546875 0.25 0.5625 0.25 0.578125 0.251953125 0.580078125 0.259765625 0.580078125 0.26171875 0.58203125 0.2734375 0.58203125 0.275390625 0.580078125 0.275390625 0.578125 0.279296875 0.57421875 0.279296875 0.56640625 0.27734375 0.56640625 0.2734375 0.5625 0.2734375 0.560546875 0.271484375 0.55859375 0.271484375 0.556640625 0.265625 0.55078125
0 0.728515625 0.248046875 0.72265625 0.25390625 0.72265625 0.2578125 0.720703125 0.259765625 0.720703125 0.265625 0.72265625 0.267578125 0.72265625 0.26953125 0.7265625 0.2734375 0.728515625 0.2734375 0.73046875 0.271484375 0.736328125 0.271484375 0.73828125 0.26953125 0.73828125 0.267578125 0.740234375 0.265625 0.740234375 0.25390625 0.736328125 0.25 0.734375 0.25 0.732421875 0.248046875
0 0.123046875 0.208984375 0.12109375 0.2109375 0.12109375 0.21484375 0.119140625 0.216796875 0.119140625 0.23046875 0.12109375 0.232421875 0.13671875 0.232421875 0.140625 0.228515625 0.140625 0.21875 0.138671875 0.216796875 0.138671875 0.2109375 0.13671875 0.2109375 0.134765625 0.208984375
0 0.615234375 0.193359375 0.61328125 0.1953125 0.61328125 0.20703125 0.619140625 0.20703125 0.623046875 0.203125 0.623046875 0.201171875 0.625 0.19921875 0.625 0.193359375
0 0.716796875 0.0546875 0.71484375 0.056640625 0.71484375 0.06640625 0.71875 0.0703125 0.7265625 0.0703125 0.7265625 0.068359375 0.728515625 0.06640625 0.728515625 0.056640625 0.7265625 0.0546875
0 0.69921875 0.041015625 0.69921875 0.04296875 0.697265625 0.044921875 0.697265625 0.0546875 0.69921875 0.056640625 0.7109375 0.056640625 0.7109375 0.05078125 0.708984375 0.048828125 0.708984375 0.04296875 0.70703125 0.041015625
1 0.91015625 0.9453125 0.91015625 0.94921875 0.912109375 0.951171875 0.9140625 0.951171875 0.916015625 0.94921875 0.916015625 0.947265625 0.9140625 0.9453125
1 0.564453125 0.845703125 0.5625 0.84765625 0.560546875 0.84765625 0.5546875 0.853515625 0.5546875 0.861328125 0.556640625 0.861328125 0.55859375 0.86328125 0.564453125 0.86328125 0.56640625 0.865234375 0.568359375 0.865234375 0.5703125 0.86328125 0.572265625 0.86328125 0.57421875 0.861328125 0.576171875 0.861328125 0.576171875 0.859375 0.580078125 0.85546875 0.580078125 0.849609375 0.578125 0.84765625 0.576171875 0.84765625 0.57421875 0.845703125
1 0.990234375 0.658203125 0.98828125 0.66015625 0.986328125 0.66015625 0.986328125 0.662109375 0.984375 0.6640625 0.984375 0.67578125 0.986328125 0.677734375 0.9921875 0.677734375 0.99609375 0.673828125 0.998046875 0.673828125 0.998046875 0.662109375 0.99609375 0.66015625 0.994140625 0.66015625 0.9921875 0.658203125
1 0.25390625 0.55078125 0.251953125 0.552734375 0.251953125 0.560546875 0.25 0.5625 0.25 0.578125 0.251953125 0.580078125 0.259765625 0.580078125 0.26171875 0.58203125 0.2734375 0.58203125 0.275390625 0.580078125 0.275390625 0.578125 0.279296875 0.57421875 0.279296875 0.56640625 0.27734375 0.56640625 0.2734375 0.5625 0.2734375 0.560546875 0.271484375 0.55859375 0.271484375 0.556640625 0.265625 0.55078125
1 0.728515625 0.248046875 0.72265625 0.25390625 0.72265625 0.2578125 0.720703125 0.259765625 0.720703125 0.265625 0.72265625 0.267578125 0.72265625 0.26953125 0.7265625 0.2734375 0.728515625 0.2734375 0.73046875 0.271484375 0.736328125 0.271484375 0.73828125 0.26953125 0.73828125 0.267578125 0.740234375 0.265625 0.740234375 0.25390625 0.736328125 0.25 0.734375 0.25 0.732421875 0.248046875
1 0.123046875 0.208984375 0.12109375 0.2109375 0.12109375 0.21484375 0.119140625 0.216796875 0.119140625 0.23046875 0.12109375 0.232421875 0.13671875 0.232421875 0.140625 0.228515625 0.140625 0.21875 0.138671875 0.216796875 0.138671875 0.2109375 0.13671875 0.2109375 0.134765625 0.208984375
1 0.615234375 0.193359375 0.61328125 0.1953125 0.61328125 0.20703125 0.619140625 0.20703125 0.623046875 0.203125 0.623046875 0.201171875 0.625 0.19921875 0.625 0.193359375
1 0.716796875 0.0546875 0.71484375 0.056640625 0.71484375 0.06640625 0.71875 0.0703125 0.7265625 0.0703125 0.7265625 0.068359375 0.728515625 0.06640625 0.728515625 0.056640625 0.7265625 0.0546875
1 0.69921875 0.041015625 0.69921875 0.04296875 0.697265625 0.044921875 0.697265625 0.0546875 0.69921875 0.056640625 0.7109375 0.056640625 0.7109375 0.05078125 0.708984375 0.048828125 0.708984375 0.04296875 0.70703125 0.041015625
