0 0.630859375 0.96875 0.630859375 0.974609375 0.6328125 0.9765625 0.634765625 0.9765625 0.63671875 0.974609375 0.63671875 0.970703125 0.634765625 0.96875
0 0.751953125 0.94140625 0.75 0.943359375 0.75 0.9453125 0.751953125 0.9453125 0.75390625 0.947265625 0.755859375 0.947265625 0.7578125 0.9453125 0.7578125 0.943359375 0.755859375 0.94140625
0 0.220703125 0.927734375 0.21484375 0.93359375 0.21484375 0.935546875 0.216796875 0.9375 0.21875 0.9375 0.220703125 0.939453125 0.224609375 0.939453125 0.228515625 0.935546875 0.2265625 0.93359375 0.2265625 0.931640625 0.22265625 0.927734375
0 0.431640625 0.919921875 0.427734375 0.923828125 0.427734375 0.931640625 0.4296875 0.93359375 0.4296875 0.935546875 0.431640625 0.9375 0.435546875 0.9375 0.4375 0.935546875 0.44140625 0.935546875 0.44140625 0.9296875 0.443359375 0.927734375 0.443359375 0.92578125 0.44140625 0.923828125 0.44140625 0.921875 0.439453125 0.919921875
0 0.1953125 0.91796875 0.19140625 0.921875 0.19140625 0.927734375 0.1953125 0.931640625 0.205078125 0.931640625 0.20703125 0.9296875 0.208984375 0.9296875 0.208984375 0.927734375 0.2109375 0.92578125 0.2109375 0.923828125 0.208984375 0.921875 0.208984375 0.919921875 0.20703125 0.91796875
0 0.02734375 0.576171875 0.025390625 0.578125 0.029296875 0.58203125 0.033203125 0.58203125 0.03515625 0.580078125 0.03515625 0.576171875
0 0.0390625 0.552734375 0.03515625 0.556640625 0.03515625 0.560546875 0.0390625 0.564453125 0.044921875 0.55859375 0.044921875 0.556640625 0.041015625 0.552734375
0 0.517578125 0.5234375 0.517578125 0.52734375 0.51953125 0.529296875 0.525390625 0.529296875 0.52734375 0.52734375 0.52734375 0.525390625 0.525390625 0.5234375
0 0.431640625 0.521484375 0.4296875 0.5234375 0.4296875 0.52734375 0.435546875 0.533203125 0.439453125 0.529296875 0.439453125 0.521484375
0 0.6640625 0.25390625 0.662109375 0.255859375 0.662109375 0.259765625 0.669921875 0.259765625 0.671875 0.2578125 0.66796875 0.25390625
0 0.0390625 0.08984375 0.037109375 0.091796875 0.037109375 0.09375 0.033203125 0.09765625 0.033203125 0.099609375 0.0390625 0.10546875 0.04296875 0.10546875 0.044921875 0.103515625 0.044921875 0.1015625 0.046875 0.099609375 0.046875 0.09765625 0.044921875 0.095703125 0.044921875 0.09375 0.041015625 0.08984375
0 0.521484375 0.0703125 0.517578125 0.07421875 0.517578125 0.076171875 0.521484375 0.080078125 0.5234375 0.078125 0.5234375 0.072265625
1 0.630859375 0.96875 0.630859375 0.974609375 0.6328125 0.9765625 0.634765625 0.9765625 0.63671875 0.974609375 0.63671875 0.970703125 0.634765625 0.96875
1 0.751953125 0.94140625 0.75 0.943359375 0.75 0.9453125 0.751953125 0.9453125 0.75390625 0.947265625 0.755859375 0.947265625 0.7578125 0.9453125 0.7578125 0.943359375 0.755859375 0.94140625
1 0.220703125 0.927734375 0.21484375 0.93359375 0.21484375 0.935546875 0.216796875 0.9375 0.21875 0.9375 0.220703125 0.939453125 0.224609375 0.939453125 0.228515625 0.935546875 0.2265625 0.93359375 0.2265625 0.931640625 0.22265625 0.927734375
1 0.431640625 0.919921875 0.427734375 0.923828125 0.427734375 0.931640625 0.4296875 0.93359375 0.4296875 0.935546875 0.431640625 0.9375 0.435546875 0.9375 0.4375 0.935546875 0.44140625 0.935546875 0.44140625 0.9296875 0.443359375 0.927734375 0.443359375 0.92578125 0.44140625 0.923828125 0.44140625 0.921875 0.439453125 0.919921875
1 0.1953125 0.91796875 0.19140625 0.921875 0.19140625 0.927734375 0.1953125 0.931640625 0.205078125 0.931640625 0.20703125 0.9296875 0.208984375 0.9296875 0.208984375 0.927734375 0.2109375 0.92578125 0.2109375 0.923828125 0.208984375 0.921875 0.208984375 0.919921875 0.20703125 0.91796875
1 0.02734375 0.576171875 0.025390625 0.578125 0.029296875 0.58203125 0.033203125 0.58203125 0.03515625 0.580078125 0.03515625 0.576171875
1 0.0390625 0.552734375 0.03515625 0.556640625 0.03515625 0.560546875 0.0390625 0.564453125 0.044921875 0.55859375 0.044921875 0.556640625 0.041015625 0.552734375
1 0.517578125 0.5234375 0.517578125 0.52734375 0.51953125 0.529296875 0.525390625 0.529296875 0.52734375 0.52734375 0.52734375 0.525390625 0.525390625 0.5234375
1 0.431640625 0.521484375 0.4296875 0.5234375 0.4296875 0.52734375 0.435546875 0.533203125 0.439453125 0.529296875 0.439453125 0.521484375
1 0.6640625 0.25390625 0.662109375 0.255859375 0.662109375 0.259765625 0.669921875 0.259765625 0.671875 0.2578125 0.66796875 0.25390625
1 0.0390625 0.08984375 0.037109375 0.091796875 0.037109375 0.09375 0.033203125 0.09765625 0.033203125 0.099609375 0.0390625 0.10546875 0.04296875 0.10546875 0.044921875 0.103515625 0.044921875 0.1015625 0.046875 0.099609375 0.046875 0.09765625 0.044921875 0.095703125 0.044921875 0.09375 0.041015625 0.08984375
1 0.521484375 0.0703125 0.517578125 0.07421875 0.517578125 0.076171875 0.521484375 0.080078125 0.5234375 0.078125 0.5234375 0.072265625
