0 0.326171875 0.91015625 0.32421875 0.912109375 0.32421875 0.919921875 0.326171875 0.921875 0.333984375 0.921875 0.3359375 0.919921875 0.337890625 0.919921875 0.337890625 0.912109375 0.3359375 0.912109375 0.333984375 0.91015625
0 0.76171875 0.900390625 0.759765625 0.90234375 0.7578125 0.90234375 0.7578125 0.904296875 0.755859375 0.90625 0.755859375 0.91015625 0.7578125 0.912109375 0.7578125 0.9140625 0.76953125 0.9140625 0.76953125 0.90234375 0.767578125 0.90234375 0.765625 0.900390625
0 0.740234375 0.876953125 0.740234375 0.880859375 0.73828125 0.8828125 0.73828125 0.88671875 0.740234375 0.888671875 0.748046875 0.888671875 0.75 0.88671875 0.75 0.8828125 0.748046875 0.880859375 0.748046875 0.876953125
0 0.2578125 0.8203125 0.255859375 0.822265625 0.255859375 0.83203125 0.267578125 0.83203125 0.267578125 0.822265625 0.265625 0.8203125
0 0.095703125 0.6171875 0.095703125 0.62890625 0.109375 0.62890625 0.111328125 0.626953125 0.111328125 0.619140625 0.109375 0.6171875
0 0.90625 0.544921875 0.904296875 0.546875 0.90234375 0.546875 0.90234375 0.560546875 0.904296875 0.560546875 0.90625 0.5625 0.90625 0.564453125 0.916015625 0.564453125 0.916015625 0.5625 0.91796875 0.560546875 0.91796875 0.546875 0.916015625 0.544921875
0 0.984375 0.505859375 0.982421875 0.5078125 0.98046875 0.5078125 0.98046875 0.515625 0.98828125 0.515625 0.990234375 0.513671875 0.990234375 0.5078125 0.98828125 0.505859375
0 0.4765625 0.30859375 0.474609375 0.310546875 0.474609375 0.318359375 0.4765625 0.3203125 0.4765625 0.322265625 0.486328125 0.322265625 0.486328125 0.310546875 0.484375 0.30859375
0 0.41015625 0.28515625 0.408203125 0.287109375 0.408203125 0.294921875 0.41015625 0.296875 0.421875 0.296875 0.423828125 0.294921875 0.423828125 0.291015625 0.421875 0.2890625 0.421875 0.287109375 0.419921875 0.287109375 0.41796875 0.28515625
0 0.4765625 0.267578125 0.474609375 0.26953125 0.474609375 0.271484375 0.47265625 0.2734375 0.470703125 0.2734375 0.470703125 0.283203125 0.47265625 0.283203125 0.474609375 0.28515625 0.484375 0.28515625 0.486328125 0.283203125 0.486328125 0.26953125 0.484375 0.267578125
0 0.458984375 0.138671875 0.45703125 0.140625 0.455078125 0.140625 0.455078125 0.14453125 0.453125 0.146484375 0.453125 0.154296875 0.455078125 0.15625 0.462890625 0.15625 0.46484375 0.154296875 0.466796875 0.154296875 0.466796875 0.140625 0.46484375 0.140625 0.462890625 0.138671875
0 0.6171875 0.033203125 0.615234375 0.03515625 0.615234375 0.044921875 0.6171875 0.046875 0.6171875 0.048828125 0.625 0.048828125 0.625 0.046875 0.626953125 0.044921875 0.626953125 0.0390625 0.625 0.037109375 0.625 0.03515625 0.623046875 0.03515625 0.62109375 0.033203125
1 0.326171875 0.91015625 0.32421875 0.912109375 0.32421875 0.919921875 0.326171875 0.921875 0.333984375 0.921875 0.3359375 0.919921875 0.337890625 0.919921875 0.337890625 0.912109375 0.3359375 0.912109375 0.333984375 0.91015625
1 0.76171875 0.900390625 0.759765625 0.90234375 0.7578125 0.90234375 0.7578125 0.904296875 0.755859375 0.90625 0.755859375 0.91015625 0.7578125 0.912109375 0.7578125 0.9140625 0.76953125 0.9140625 0.76953125 0.90234375 0.767578125 0.90234375 0.765625 0.900390625
1 0.740234375 0.876953125 0.740234375 0.880859375 0.73828125 0.8828125 0.73828125 0.88671875 0.740234375 0.888671875 0.748046875 0.888671875 0.75 0.88671875 0.75 0.8828125 0.748046875 0.880859375 0.748046875 0.876953125
1 0.2578125 0.8203125 0.255859375 0.822265625 0.255859375 0.83203125 0.267578125 0.83203125 0.267578125 0.822265625 0.265625 0.8203125
1 0.095703125 0.6171875 0.095703125 0.62890625 0.109375 0.62890625 0.111328125 0.626953125 0.111328125 0.619140625 0.109375 0.6171875
1 0.90625 0.544921875 0.904296875 0.546875 0.90234375 0.546875 0.90234375 0.560546875 0.904296875 0.560546875 0.90625 0.5625 0.90625 0.564453125 0.916015625 0.564453125 0.916015625 0.5625 0.91796875 0.560546875 0.91796875 0.546875 0.916015625 0.544921875
1 0.984375 0.505859375 0.982421875 0.5078125 0.98046875 0.5078125 0.98046875 0.515625 0.98828125 0.515625 0.990234375 0.513671875 0.990234375 0.5078125 0.98828125 0.505859375
1 0.4765625 0.30859375 0.474609375 0.310546875 0.474609375 0.318359375 0.4765625 0.3203125 0.4765625 0.322265625 0.486328125 0.322265625 0.486328125 0.310546875 0.484375 0.30859375
1 0.41015625 0.28515625 0.408203125 0.287109375 0.408203125 0.294921875 0.41015625 0.296875 0.421875 0.296875 0.423828125 0.294921875 0.423828125 0.291015625 0.421875 0.2890625 0.421875 0.287109375 0.419921875 0.287109375 0.41796875 0.28515625
1 0.4765625 0.267578125 0.474609375 0.26953125 0.474609375 0.271484375 0.47265625 0.2734375 0.470703125 0.2734375 0.470703125 0.283203125 0.47265625 0.283203125 0.474609375 0.28515625 0.484375 0.28515625 0.486328125 0.283203125 0.486328125 0.26953125 0.484375 0.267578125
1 0.458984375 0.138671875 0.45703125 0.140625 0.455078125 0.140625 0.455078125 0.14453125 0.453125 0.146484375 0.453125 0.154296875 0.455078125 0.15625 0.462890625 0.15625 0.46484375 0.154296875 0.466796875 0.154296875 0.466796875 0.140625 0.46484375 0.140625 0.462890625 0.138671875
1 0.6171875 0.033203125 0.615234375 0.03515625 0.615234375 0.044921875 0.6171875 0.046875 0.6171875 0.048828125 0.625 0.048828125 0.625 0.046875 0.626953125 0.044921875 0.626953125 0.0390625 0.625 0.037109375 0.625 0.03515625 0.623046875 0.03515625 0.62109375 0.033203125
