0 0.884765625 0.96875 0.884765625 0.970703125 0.8828125 0.97265625 0.8828125 0.9765625 0.884765625 0.978515625 0.892578125 0.978515625 0.892578125 0.96875
0 0.33984375 0.89453125 0.337890625 0.896484375 0.337890625 0.904296875 0.33984375 0.90625 0.33984375 0.908203125 0.34765625 0.908203125 0.34765625 0.90625 0.349609375 0.904296875 0.349609375 0.896484375 0.34765625 0.89453125
0 0.44140625 0.888671875 0.439453125 0.890625 0.439453125 0.892578125 0.44140625 0.89453125 0.44921875 0.89453125 0.44921875 0.888671875
0 0.697265625 0.775390625 0.697265625 0.787109375 0.69921875 0.7890625 0.69921875 0.791015625 0.70703125 0.791015625 0.70703125 0.7890625 0.708984375 0.787109375 0.708984375 0.77734375 0.70703125 0.775390625
0 0.978515625 0.76953125 0.9765625 0.771484375 0.9765625 0.775390625 0.978515625 0.77734375 0.978515625 0.779296875 0.986328125 0.779296875 0.986328125 0.77734375 0.98828125 0.775390625 0.98828125 0.76953125
0 0.5078125 0.703125 0.505859375 0.705078125 0.505859375 0.716796875 0.509765625 0.716796875 0.51171875 0.71875 0.515625 0.71875 0.517578125 0.716796875 0.521484375 0.716796875 0.521484375 0.705078125 0.517578125 0.705078125 0.515625 0.703125
0 0.166015625 0.697265625 0.1640625 0.69921875 0.1640625 0.70703125 0.166015625 0.708984375 0.166015625 0.712890625 0.173828125 0.712890625 0.17578125 0.7109375 0.17578125 0.69921875 0.173828125 0.697265625
0 0.84765625 0.685546875 0.84765625 0.689453125 0.849609375 0.69140625 0.8515625 0.69140625 0.853515625 0.689453125 0.853515625 0.685546875
0 0.427734375 0.662109375 0.42578125 0.6640625 0.423828125 0.6640625 0.423828125 0.677734375 0.42578125 0.677734375 0.427734375 0.6796875 0.43359375 0.6796875 0.435546875 0.677734375 0.4375 0.677734375 0.4375 0.67578125 0.439453125 0.673828125 0.439453125 0.6640625 0.4375 0.662109375
0 0.22265625 0.63671875 0.22265625 0.638671875 0.220703125 0.640625 0.220703125 0.646484375 0.22265625 0.6484375 0.22265625 0.650390625 0.224609375 0.650390625 0.2265625 0.65234375 0.23046875 0.65234375 0.232421875 0.650390625 0.232421875 0.640625 0.23046875 0.638671875 0.23046875 0.63671875
0 0.2265625 0.611328125 0.224609375 0.61328125 0.220703125 0.61328125 0.220703125 0.62109375 0.22265625 0.623046875 0.232421875 0.623046875 0.234375 0.62109375 0.236328125 0.62109375 0.236328125 0.61328125 0.234375 0.61328125 0.232421875 0.611328125
0 0.279296875 0.578125 0.27734375 0.580078125 0.27734375 0.587890625 0.279296875 0.58984375 0.287109375 0.58984375 0.287109375 0.580078125 0.283203125 0.580078125 0.28125 0.578125
0 0.732421875 0.478515625 0.732421875 0.48046875 0.73046875 0.482421875 0.73046875 0.48828125 0.732421875 0.490234375 0.732421875 0.4921875 0.734375 0.4921875 0.736328125 0.494140625 0.740234375 0.494140625 0.7421875 0.4921875 0.7421875 0.482421875 0.740234375 0.48046875 0.740234375 0.478515625
0 0.81640625 0.38671875 0.814453125 0.388671875 0.814453125 0.396484375 0.82421875 0.396484375 0.82421875 0.39453125 0.826171875 0.392578125 0.826171875 0.38671875
0 0.3125 0.34765625 0.310546875 0.349609375 0.310546875 0.359375 0.3125 0.361328125 0.3125 0.36328125 0.322265625 0.36328125 0.322265625 0.34765625
0 0.900390625 0.341796875 0.900390625 0.3515625 0.90234375 0.3515625 0.904296875 0.353515625 0.91015625 0.353515625 0.91015625 0.34375 0.908203125 0.341796875
0 0.453125 0.318359375 0.451171875 0.3203125 0.451171875 0.330078125 0.458984375 0.330078125 0.4609375 0.328125 0.4609375 0.3203125 0.458984375 0.318359375
0 0.87109375 0.267578125 0.87109375 0.27734375 0.873046875 0.279296875 0.880859375 0.279296875 0.8828125 0.27734375 0.8828125 0.26953125 0.880859375 0.267578125
0 0.1484375 0.162109375 0.146484375 0.1640625 0.14453125 0.1640625 0.14453125 0.171875 0.146484375 0.171875 0.1484375 0.173828125 0.15234375 0.173828125 0.154296875 0.171875 0.15625 0.171875 0.15625 0.1640625 0.154296875 0.1640625 0.15234375 0.162109375
0 0.298828125 0.111328125 0.296875 0.11328125 0.294921875 0.11328125 0.294921875 0.123046875 0.3046875 0.123046875 0.3046875 0.11328125 0.302734375 0.111328125
1 0.884765625 0.96875 0.884765625 0.970703125 0.8828125 0.97265625 0.8828125 0.9765625 0.884765625 0.978515625 0.892578125 0.978515625 0.892578125 0.96875
1 0.33984375 0.89453125 0.337890625 0.896484375 0.337890625 0.904296875 0.33984375 0.90625 0.33984375 0.908203125 0.34765625 0.908203125 0.34765625 0.90625 0.349609375 0.904296875 0.349609375 0.896484375 0.34765625 0.89453125
1 0.44140625 0.888671875 0.439453125 0.890625 0.439453125 0.892578125 0.44140625 0.89453125 0.44921875 0.89453125 0.44921875 0.888671875
1 0.697265625 0.775390625 0.697265625 0.787109375 0.69921875 0.7890625 0.69921875 0.791015625 0.70703125 0.791015625 0.70703125 0.7890625 0.708984375 0.787109375 0.708984375 0.77734375 0.70703125 0.775390625
1 0.978515625 0.76953125 0.9765625 0.771484375 0.9765625 0.775390625 0.978515625 0.77734375 0.978515625 0.779296875 0.986328125 0.779296875 0.986328125 0.77734375 0.98828125 0.775390625 0.98828125 0.76953125
1 0.5078125 0.703125 0.505859375 0.705078125 0.505859375 0.716796875 0.509765625 0.716796875 0.51171875 0.71875 0.515625 0.71875 0.517578125 0.716796875 0.521484375 0.716796875 0.521484375 0.705078125 0.517578125 0.705078125 0.515625 0.703125
1 0.166015625 0.697265625 0.1640625 0.69921875 0.1640625 0.70703125 0.166015625 0.708984375 0.166015625 0.712890625 0.173828125 0.712890625 0.17578125 0.7109375 0.17578125 0.69921875 0.173828125 0.697265625
1 0.84765625 0.685546875 0.84765625 0.689453125 0.849609375 0.69140625 0.8515625 0.69140625 0.853515625 0.689453125 0.853515625 0.685546875
1 0.427734375 0.662109375 0.42578125 0.6640625 0.423828125 0.6640625 0.423828125 0.677734375 0.42578125 0.677734375 0.427734375 0.6796875 0.43359375 0.6796875 0.435546875 0.677734375 0.4375 0.677734375 0.4375 0.67578125 0.439453125 0.673828125 0.439453125 0.6640625 0.4375 0.662109375
1 0.22265625 0.63671875 0.22265625 0.638671875 0.220703125 0.640625 0.220703125 0.646484375 0.22265625 0.6484375 0.22265625 0.650390625 0.224609375 0.650390625 0.2265625 0.65234375 0.23046875 0.65234375 0.232421875 0.650390625 0.232421875 0.640625 0.23046875 0.638671875 0.23046875 0.63671875
1 0.2265625 0.611328125 0.224609375 0.61328125 0.220703125 0.61328125 0.220703125 0.62109375 0.22265625 0.623046875 0.232421875 0.623046875 0.234375 0.62109375 0.236328125 0.62109375 0.236328125 0.61328125 0.234375 0.61328125 0.232421875 0.611328125
1 0.279296875 0.578125 0.27734375 0.580078125 0.27734375 0.587890625 0.279296875 0.58984375 0.287109375 0.58984375 0.287109375 0.580078125 0.283203125 0.580078125 0.28125 0.578125
1 0.732421875 0.478515625 0.732421875 0.48046875 0.73046875 0.482421875 0.73046875 0.48828125 0.732421875 0.490234375 0.732421875 0.4921875 0.734375 0.4921875 0.736328125 0.494140625 0.740234375 0.494140625 0.7421875 0.4921875 0.7421875 0.482421875 0.740234375 0.48046875 0.740234375 0.478515625
1 0.81640625 0.38671875 0.814453125 0.388671875 0.814453125 0.396484375 0.82421875 0.396484375 0.82421875 0.39453125 0.826171875 0.392578125 0.826171875 0.38671875
1 0.3125 0.34765625 0.310546875 0.349609375 0.310546875 0.359375 0.3125 0.361328125 0.3125 0.36328125 0.322265625 0.36328125 0.322265625 0.34765625
1 0.900390625 0.341796875 0.900390625 0.3515625 0.90234375 0.3515625 0.904296875 0.353515625 0.91015625 0.353515625 0.91015625 0.34375 0.908203125 0.341796875
1 0.453125 0.318359375 0.451171875 0.3203125 0.451171875 0.330078125 0.458984375 0.330078125 0.4609375 0.328125 0.4609375 0.3203125 0.458984375 0.318359375
1 0.87109375 0.267578125 0.87109375 0.27734375 0.873046875 0.279296875 0.880859375 0.279296875 0.8828125 0.27734375 0.8828125 0.26953125 0.880859375 0.267578125
1 0.1484375 0.162109375 0.146484375 0.1640625 0.14453125 0.1640625 0.14453125 0.171875 0.146484375 0.171875 0.1484375 0.173828125 0.15234375 0.173828125 0.154296875 0.171875 0.15625 0.171875 0.15625 0.1640625 0.154296875 0.1640625 0.15234375 0.162109375
1 0.298828125 0.111328125 0.296875 0.11328125 0.294921875 0.11328125 0.294921875 0.123046875 0.3046875 0.123046875 0.3046875 0.11328125 0.302734375 0.111328125
