0 0.037109375 0.876953125 0.03515625 0.87890625 0.03515625 0.88671875 0.037109375 0.888671875 0.046875 0.888671875 0.046875 0.87890625 0.044921875 0.876953125
0 0.810546875 0.865234375 0.80859375 0.8671875 0.80859375 0.87109375 0.810546875 0.873046875 0.810546875 0.876953125 0.818359375 0.876953125 0.8203125 0.875 0.8203125 0.8671875 0.818359375 0.865234375
0 0.833984375 0.859375 0.833984375 0.86328125 0.83203125 0.865234375 0.83203125 0.869140625 0.833984375 0.87109375 0.833984375 0.875 0.845703125 0.875 0.845703125 0.873046875 0.84765625 0.87109375 0.84765625 0.861328125 0.845703125 0.859375
0 0.990234375 0.76953125 0.98828125 0.771484375 0.98828125 0.779296875 0.998046875 0.779296875 0.998046875 0.76953125
0 0.765625 0.697265625 0.763671875 0.69921875 0.763671875 0.701171875 0.765625 0.703125 0.7734375 0.703125 0.775390625 0.701171875 0.775390625 0.69921875 0.7734375 0.697265625
0 0.833984375 0.6484375 0.833984375 0.66015625 0.8359375 0.66015625 0.837890625 0.662109375 0.845703125 0.662109375 0.84765625 0.66015625 0.84765625 0.65234375 0.845703125 0.650390625 0.845703125 0.6484375
0 0.048828125 0.6484375 0.048828125 0.650390625 0.046875 0.65234375 0.046875 0.66015625 0.048828125 0.662109375 0.05859375 0.662109375 0.060546875 0.66015625 0.0625 0.66015625 0.0625 0.65234375 0.060546875 0.65234375 0.05859375 0.650390625 0.05859375 0.6484375
0 0.974609375 0.5625 0.974609375 0.56640625 0.97265625 0.568359375 0.97265625 0.578125 0.974609375 0.580078125 0.974609375 0.58203125 0.9921875 0.58203125 0.9921875 0.580078125 0.994140625 0.578125 0.994140625 0.56640625 0.9921875 0.564453125 0.9921875 0.5625
0 0.51171875 0.53515625 0.51171875 0.54296875 0.513671875 0.544921875 0.517578125 0.544921875 0.51953125 0.54296875 0.521484375 0.54296875 0.521484375 0.53515625
0 0.552734375 0.30859375 0.55078125 0.310546875 0.55078125 0.322265625 0.552734375 0.32421875 0.5625 0.32421875 0.564453125 0.322265625 0.56640625 0.322265625 0.56640625 0.3203125 0.568359375 0.318359375 0.568359375 0.310546875 0.56640625 0.30859375
0 0.6640625 0.24609375 0.662109375 0.248046875 0.66015625 0.248046875 0.66015625 0.255859375 0.662109375 0.255859375 0.6640625 0.2578125 0.671875 0.2578125 0.671875 0.25390625 0.673828125 0.251953125 0.673828125 0.248046875 0.671875 0.24609375
0 0.853515625 0.22265625 0.8515625 0.224609375 0.84765625 0.224609375 0.84765625 0.232421875 0.849609375 0.234375 0.857421875 0.234375 0.859375 0.232421875 0.859375 0.224609375 0.857421875 0.22265625
0 0.59765625 0.15625 0.595703125 0.158203125 0.595703125 0.171875 0.59765625 0.173828125 0.607421875 0.173828125 0.609375 0.171875 0.611328125 0.171875 0.611328125 0.16796875 0.61328125 0.166015625 0.61328125 0.1640625 0.611328125 0.162109375 0.611328125 0.158203125 0.609375 0.158203125 0.607421875 0.15625
0 0.33984375 0.111328125 0.337890625 0.11328125 0.337890625 0.123046875 0.33984375 0.125 0.33984375 0.126953125 0.34765625 0.126953125 0.34765625 0.125 0.349609375 0.123046875 0.349609375 0.11328125 0.34765625 0.111328125
0 0.634765625 0.078125 0.6328125 0.080078125 0.630859375 0.080078125 0.630859375 0.08203125 0.62890625 0.083984375 0.62890625 0.091796875 0.630859375 0.09375 0.64453125 0.09375 0.646484375 0.091796875 0.646484375 0.0859375 0.64453125 0.083984375 0.64453125 0.080078125 0.640625 0.080078125 0.638671875 0.078125
1 0.037109375 0.876953125 0.03515625 0.87890625 0.03515625 0.88671875 0.037109375 0.888671875 0.046875 0.888671875 0.046875 0.87890625 0.044921875 0.876953125
1 0.810546875 0.865234375 0.80859375 0.8671875 0.80859375 0.87109375 0.810546875 0.873046875 0.810546875 0.876953125 0.818359375 0.876953125 0.8203125 0.875 0.8203125 0.8671875 0.818359375 0.865234375
1 0.833984375 0.859375 0.833984375 0.86328125 0.83203125 0.865234375 0.83203125 0.869140625 0.833984375 0.87109375 0.833984375 0.875 0.845703125 0.875 0.845703125 0.873046875 0.84765625 0.87109375 0.84765625 0.861328125 0.845703125 0.859375
1 0.990234375 0.76953125 0.98828125 0.771484375 0.98828125 0.779296875 0.998046875 0.779296875 0.998046875 0.76953125
1 0.765625 0.697265625 0.763671875 0.69921875 0.763671875 0.701171875 0.765625 0.703125 0.7734375 0.703125 0.775390625 0.701171875 0.775390625 0.69921875 0.7734375 0.697265625
1 0.833984375 0.6484375 0.833984375 0.66015625 0.8359375 0.66015625 0.837890625 0.662109375 0.845703125 0.662109375 0.84765625 0.66015625 0.84765625 0.65234375 0.845703125 0.650390625 0.845703125 0.6484375
1 0.048828125 0.6484375 0.048828125 0.650390625 0.046875 0.65234375 0.046875 0.66015625 0.048828125 0.662109375 0.05859375 0.662109375 0.060546875 0.66015625 0.0625 0.66015625 0.0625 0.65234375 0.060546875 0.65234375 0.05859375 0.650390625 0.05859375 0.6484375
1 0.974609375 0.5625 0.974609375 0.56640625 0.97265625 0.568359375 0.97265625 0.578125 0.974609375 0.580078125 0.974609375 0.58203125 0.9921875 0.58203125 0.9921875 0.580078125 0.994140625 0.578125 0.994140625 0.56640625 0.9921875 0.564453125 0.9921875 0.5625
1 0.51171875 0.53515625 0.51171875 0.54296875 0.513671875 0.544921875 0.517578125 0.544921875 0.51953125 0.54296875 0.521484375 0.54296875 0.521484375 0.53515625
1 0.552734375 0.30859375 0.55078125 0.310546875 0.55078125 0.322265625 0.552734375 0.32421875 0.5625 0.32421875 0.564453125 0.322265625 0.56640625 0.322265625 0.56640625 0.3203125 0.568359375 0.318359375 0.568359375 0.310546875 0.56640625 0.30859375
1 0.6640625 0.24609375 0.662109375 0.248046875 0.66015625 0.248046875 0.66015625 0.255859375 0.662109375 0.255859375 0.6640625 0.2578125 0.671875 0.2578125 0.671875 0.25390625 0.673828125 0.251953125 0.673828125 0.248046875 0.671875 0.24609375
1 0.853515625 0.22265625 0.8515625 0.224609375 0.84765625 0.224609375 0.84765625 0.232421875 0.849609375 0.234375 0.857421875 0.234375 0.859375 0.232421875 0.859375 0.224609375 0.857421875 0.22265625
1 0.59765625 0.15625 0.595703125 0.158203125 0.595703125 0.171875 0.59765625 0.173828125 0.607421875 0.173828125 0.609375 0.171875 0.611328125 0.171875 0.611328125 0.16796875 0.61328125 0.166015625 0.61328125 0.1640625 0.611328125 0.162109375 0.611328125 0.158203125 0.609375 0.158203125 0.607421875 0.15625
1 0.33984375 0.111328125 0.337890625 0.11328125 0.337890625 0.123046875 0.33984375 0.125 0.33984375 0.126953125 0.34765625 0.126953125 0.34765625 0.125 0.349609375 0.123046875 0.349609375 0.11328125 0.34765625 0.111328125
1 0.634765625 0.078125 0.6328125 0.080078125 0.630859375 0.080078125 0.630859375 0.08203125 0.62890625 0.083984375 0.62890625 0.091796875 0.630859375 0.09375 0.64453125 0.09375 0.646484375 0.091796875 0.646484375 0.0859375 0.64453125 0.083984375 0.64453125 0.080078125 0.640625 0.080078125 0.638671875 0.078125
