0 0.962890625 0.84375 0.962890625 0.845703125 0.9609375 0.84765625 0.9609375 0.857421875 0.962890625 0.859375 0.97265625 0.859375 0.974609375 0.857421875 0.9765625 0.857421875 0.9765625 0.84765625 0.974609375 0.84765625 0.97265625 0.845703125 0.97265625 0.84375
0 0.01953125 0.826171875 0.017578125 0.828125 0.015625 0.828125 0.015625 0.841796875 0.02734375 0.841796875 0.029296875 0.83984375 0.029296875 0.83203125 0.02734375 0.830078125 0.02734375 0.828125 0.025390625 0.828125 0.0234375 0.826171875
0 0.0546875 0.802734375 0.052734375 0.8046875 0.052734375 0.818359375 0.0546875 0.8203125 0.06640625 0.8203125 0.068359375 0.818359375 0.068359375 0.810546875 0.06640625 0.80859375 0.06640625 0.8046875 0.064453125 0.8046875 0.0625 0.802734375
0 0.841796875 0.685546875 0.841796875 0.6953125 0.84375 0.697265625 0.857421875 0.697265625 0.859375 0.6953125 0.859375 0.6875 0.857421875 0.685546875
0 0.048828125 0.66796875 0.046875 0.669921875 0.046875 0.6796875 0.048828125 0.681640625 0.048828125 0.68359375 0.056640625 0.68359375 0.056640625 0.681640625 0.05859375 0.6796875 0.05859375 0.669921875 0.056640625 0.66796875
0 0.66015625 0.634765625 0.658203125 0.63671875 0.658203125 0.646484375 0.671875 0.646484375 0.671875 0.63671875 0.669921875 0.63671875 0.66796875 0.634765625
0 0.05859375 0.5234375 0.056640625 0.525390625 0.0546875 0.525390625 0.0546875 0.537109375 0.05859375 0.537109375 0.060546875 0.5390625 0.0625 0.5390625 0.064453125 0.537109375 0.06640625 0.537109375 0.06640625 0.53515625 0.068359375 0.533203125 0.068359375 0.525390625 0.06640625 0.5234375
0 0.39453125 0.513671875 0.39453125 0.521484375 0.396484375 0.5234375 0.400390625 0.5234375 0.40234375 0.521484375 0.404296875 0.521484375 0.404296875 0.513671875
0 0.076171875 0.51171875 0.076171875 0.515625 0.07421875 0.517578125 0.07421875 0.5234375 0.076171875 0.525390625 0.076171875 0.52734375 0.083984375 0.52734375 0.083984375 0.525390625 0.0859375 0.5234375 0.0859375 0.513671875 0.083984375 0.51171875
0 0.361328125 0.48046875 0.361328125 0.4921875 0.36328125 0.494140625 0.37109375 0.494140625 0.373046875 0.4921875 0.375 0.4921875 0.375 0.48046875
0 0.544921875 0.35546875 0.544921875 0.36328125 0.546875 0.365234375 0.5546875 0.365234375 0.5546875 0.357421875 0.552734375 0.357421875 0.55078125 0.35546875
1 0.962890625 0.84375 0.962890625 0.845703125 0.9609375 0.84765625 0.9609375 0.857421875 0.962890625 0.859375 0.97265625 0.859375 0.974609375 0.857421875 0.9765625 0.857421875 0.9765625 0.84765625 0.974609375 0.84765625 0.97265625 0.845703125 0.97265625 0.84375
1 0.01953125 0.826171875 0.017578125 0.828125 0.015625 0.828125 0.015625 0.841796875 0.02734375 0.841796875 0.029296875 0.83984375 0.029296875 0.83203125 0.02734375 0.830078125 0.02734375 0.828125 0.025390625 0.828125 0.0234375 0.826171875
1 0.0546875 0.802734375 0.052734375 0.8046875 0.052734375 0.818359375 0.0546875 0.8203125 0.06640625 0.8203125 0.068359375 0.818359375 0.068359375 0.810546875 0.06640625 0.80859375 0.06640625 0.8046875 0.064453125 0.8046875 0.0625 0.802734375
1 0.841796875 0.685546875 0.841796875 0.6953125 0.84375 0.697265625 0.857421875 0.697265625 0.859375 0.6953125 0.859375 0.6875 0.857421875 0.685546875
1 0.048828125 0.66796875 0.046875 0.669921875 0.046875 0.6796875 0.048828125 0.681640625 0.048828125 0.68359375 0.056640625 0.68359375 0.056640625 0.681640625 0.05859375 0.6796875 0.05859375 0.669921875 0.056640625 0.66796875
1 0.66015625 0.634765625 0.658203125 0.63671875 0.658203125 0.646484375 0.671875 0.646484375 0.671875 0.63671875 0.669921875 0.63671875 0.66796875 0.634765625
1 0.05859375 0.5234375 0.056640625 0.525390625 0.0546875 0.525390625 0.0546875 0.537109375 0.05859375 0.537109375 0.060546875 0.5390625 0.0625 0.5390625 0.064453125 0.537109375 0.06640625 0.537109375 0.06640625 0.53515625 0.068359375 0.533203125 0.068359375 0.525390625 0.06640625 0.5234375
1 0.39453125 0.513671875 0.39453125 0.521484375 0.396484375 0.5234375 0.400390625 0.5234375 0.40234375 0.521484375 0.404296875 0.521484375 0.404296875 0.513671875
1 0.076171875 0.51171875 0.076171875 0.515625 0.07421875 0.517578125 0.07421875 0.5234375 0.076171875 0.525390625 0.076171875 0.52734375 0.083984375 0.52734375 0.083984375 0.525390625 0.0859375 0.5234375 0.0859375 0.513671875 0.083984375 0.51171875
1 0.361328125 0.48046875 0.361328125 0.4921875 0.36328125 0.494140625 0.37109375 0.494140625 0.373046875 0.4921875 0.375 0.4921875 0.375 0.48046875
1 0.544921875 0.35546875 0.544921875 0.36328125 0.546875 0.365234375 0.5546875 0.365234375 0.5546875 0.357421875 0.552734375 0.357421875 0.55078125 0.35546875
