0 0.826171875 0.93359375 0.82421875 0.935546875 0.82421875 0.9453125 0.833984375 0.9453125 0.8359375 0.943359375 0.8359375 0.939453125 0.833984375 0.9375 0.833984375 0.935546875 0.83203125 0.935546875 0.830078125 0.93359375
0 0.701171875 0.921875 0.69921875 0.923828125 0.697265625 0.923828125 0.697265625 0.931640625 0.701171875 0.931640625 0.703125 0.93359375 0.7109375 0.93359375 0.712890625 0.931640625 0.712890625 0.923828125 0.7109375 0.921875
0 0.673828125 0.8828125 0.671875 0.884765625 0.66796875 0.884765625 0.66796875 0.892578125 0.669921875 0.89453125 0.677734375 0.89453125 0.6796875 0.892578125 0.6796875 0.884765625 0.67578125 0.884765625
0 0.31640625 0.837890625 0.314453125 0.83984375 0.314453125 0.849609375 0.326171875 0.849609375 0.326171875 0.83984375 0.32421875 0.837890625
0 0.5078125 0.826171875 0.5078125 0.830078125 0.505859375 0.83203125 0.505859375 0.8359375 0.5078125 0.837890625 0.515625 0.837890625 0.517578125 0.8359375 0.51953125 0.8359375 0.51953125 0.828125 0.517578125 0.828125 0.515625 0.826171875
0 0.93359375 0.814453125 0.931640625 0.81640625 0.931640625 0.82421875 0.93359375 0.826171875 0.94140625 0.826171875 0.943359375 0.82421875 0.943359375 0.814453125
0 0.33984375 0.75390625 0.337890625 0.755859375 0.337890625 0.76953125 0.33984375 0.771484375 0.33984375 0.7734375 0.345703125 0.7734375 0.34765625 0.775390625 0.349609375 0.7734375 0.3515625 0.7734375 0.3515625 0.771484375 0.353515625 0.76953125 0.353515625 0.755859375 0.3515625 0.75390625
0 0.275390625 0.703125 0.2734375 0.705078125 0.271484375 0.705078125 0.271484375 0.716796875 0.275390625 0.716796875 0.27734375 0.71875 0.28125 0.71875 0.283203125 0.716796875 0.28515625 0.716796875 0.28515625 0.705078125 0.283203125 0.705078125 0.28125 0.703125
0 0.361328125 0.58984375 0.359375 0.591796875 0.359375 0.599609375 0.36328125 0.599609375 0.365234375 0.6015625 0.3671875 0.599609375 0.369140625 0.599609375 0.369140625 0.59765625 0.37109375 0.595703125 0.37109375 0.591796875 0.369140625 0.58984375
0 0.865234375 0.470703125 0.86328125 0.47265625 0.86328125 0.48046875 0.865234375 0.482421875 0.869140625 0.482421875 0.87109375 0.48046875 0.873046875 0.48046875 0.873046875 0.478515625 0.875 0.4765625 0.875 0.470703125
0 0.57421875 0.470703125 0.57421875 0.48046875 0.576171875 0.48046875 0.578125 0.482421875 0.587890625 0.482421875 0.58984375 0.48046875 0.58984375 0.470703125
0 0.181640625 0.279296875 0.1796875 0.28125 0.1796875 0.2890625 0.181640625 0.291015625 0.189453125 0.291015625 0.19140625 0.2890625 0.19140625 0.279296875
0 0.484375 0.197265625 0.484375 0.19921875 0.482421875 0.201171875 0.482421875 0.2109375 0.484375 0.212890625 0.4921875 0.212890625 0.494140625 0.2109375 0.494140625 0.201171875 0.4921875 0.19921875 0.4921875 0.197265625
0 0.83203125 0.0859375 0.83203125 0.087890625 0.830078125 0.08984375 0.830078125 0.099609375 0.83984375 0.099609375 0.841796875 0.09765625 0.841796875 0.08984375 0.83984375 0.087890625 0.83984375 0.0859375
1 0.826171875 0.93359375 0.82421875 0.935546875 0.82421875 0.9453125 0.833984375 0.9453125 0.8359375 0.943359375 0.8359375 0.939453125 0.833984375 0.9375 0.833984375 0.935546875 0.83203125 0.935546875 0.830078125 0.93359375
1 0.701171875 0.921875 0.69921875 0.923828125 0.697265625 0.923828125 0.697265625 0.931640625 0.701171875 0.931640625 0.703125 0.93359375 0.7109375 0.93359375 0.712890625 0.931640625 0.712890625 0.923828125 0.7109375 0.921875
1 0.673828125 0.8828125 0.671875 0.884765625 0.66796875 0.884765625 0.66796875 0.892578125 0.669921875 0.89453125 0.677734375 0.89453125 0.6796875 0.892578125 0.6796875 0.884765625 0.67578125 0.884765625
1 0.31640625 0.837890625 0.314453125 0.83984375 0.314453125 0.849609375 0.326171875 0.849609375 0.326171875 0.83984375 0.32421875 0.837890625
1 0.5078125 0.826171875 0.5078125 0.830078125 0.505859375 0.83203125 0.505859375 0.8359375 0.5078125 0.837890625 0.515625 0.837890625 0.517578125 0.8359375 0.51953125 0.8359375 0.51953125 0.828125 0.517578125 0.828125 0.515625 0.826171875
1 0.93359375 0.814453125 0.931640625 0.81640625 0.931640625 0.82421875 0.93359375 0.826171875 0.94140625 0.826171875 0.943359375 0.82421875 0.943359375 0.814453125
1 0.33984375 0.75390625 0.337890625 0.755859375 0.337890625 0.76953125 0.33984375 0.771484375 0.33984375 0.7734375 0.345703125 0.7734375 0.34765625 0.775390625 0.349609375 0.7734375 0.3515625 0.7734375 0.3515625 0.771484375 0.353515625 0.76953125 0.353515625 0.755859375 0.3515625 0.75390625
1 0.275390625 0.703125 0.2734375 0.705078125 0.271484375 0.705078125 0.271484375 0.716796875 0.275390625 0.716796875 0.27734375 0.71875 0.28125 0.71875 0.283203125 0.716796875 0.28515625 0.716796875 0.28515625 0.705078125 0.283203125 0.705078125 0.28125 0.703125
1 0.361328125 0.58984375 0.359375 0.591796875 0.359375 0.599609375 0.36328125 0.599609375 0.365234375 0.6015625 0.3671875 0.599609375 0.369140625 0.599609375 0.369140625 0.59765625 0.37109375 0.595703125 0.37109375 0.591796875 0.369140625 0.58984375
1 0.865234375 0.470703125 0.86328125 0.47265625 0.86328125 0.48046875 0.865234375 0.482421875 0.869140625 0.482421875 0.87109375 0.48046875 0.873046875 0.48046875 0.873046875 0.478515625 0.875 0.4765625 0.875 0.470703125
1 0.57421875 0.470703125 0.57421875 0.48046875 0.576171875 0.48046875 0.578125 0.482421875 0.587890625 0.482421875 0.58984375 0.48046875 0.58984375 0.470703125
1 0.181640625 0.279296875 0.1796875 0.28125 0.1796875 0.2890625 0.181640625 0.291015625 0.189453125 0.291015625 0.19140625 0.2890625 0.19140625 0.279296875
1 0.484375 0.197265625 0.484375 0.19921875 0.482421875 0.201171875 0.482421875 0.2109375 0.484375 0.212890625 0.4921875 0.212890625 0.494140625 0.2109375 0.494140625 0.201171875 0.4921875 0.19921875 0.4921875 0.197265625
1 0.83203125 0.0859375 0.83203125 0.087890625 0.830078125 0.08984375 0.830078125 0.099609375 0.83984375 0.099609375 0.841796875 0.09765625 0.841796875 0.08984375 0.83984375 0.087890625 0.83984375 0.0859375
