0 0.130859375 0.90625 0.130859375 0.908203125 0.12890625 0.91015625 0.12890625 0.919921875 0.130859375 0.921875 0.140625 0.921875 0.140625 0.91015625 0.138671875 0.908203125 0.138671875 0.90625
0 0.435546875 0.736328125 0.435546875 0.740234375 0.43359375 0.7421875 0.435546875 0.744140625 0.435546875 0.74609375 0.4375 0.74609375 0.439453125 0.748046875 0.443359375 0.748046875 0.4453125 0.74609375 0.4453125 0.73828125 0.443359375 0.736328125
0 0.78515625 0.623046875 0.783203125 0.625 0.783203125 0.634765625 0.79296875 0.634765625 0.794921875 0.6328125 0.796875 0.6328125 0.796875 0.625 0.79296875 0.625 0.791015625 0.623046875
0 0.560546875 0.59765625 0.560546875 0.599609375 0.55859375 0.6015625 0.55859375 0.615234375 0.560546875 0.6171875 0.568359375 0.6171875 0.5703125 0.615234375 0.57421875 0.615234375 0.57421875 0.6015625 0.572265625 0.599609375 0.572265625 0.59765625
0 0.76171875 0.52734375 0.759765625 0.529296875 0.759765625 0.537109375 0.76171875 0.5390625 0.76953125 0.5390625 0.771484375 0.537109375 0.771484375 0.529296875 0.76953125 0.52734375
0 0.884765625 0.455078125 0.8828125 0.45703125 0.8828125 0.462890625 0.884765625 0.46484375 0.888671875 0.46484375 0.890625 0.462890625 0.892578125 0.462890625 0.892578125 0.45703125 0.890625 0.45703125 0.888671875 0.455078125
0 0.142578125 0.39453125 0.142578125 0.396484375 0.140625 0.3984375 0.140625 0.40234375 0.142578125 0.404296875 0.150390625 0.404296875 0.15234375 0.40234375 0.15234375 0.39453125
0 0.349609375 0.353515625 0.34765625 0.35546875 0.345703125 0.35546875 0.345703125 0.357421875 0.34375 0.359375 0.34375 0.3671875 0.345703125 0.369140625 0.353515625 0.369140625 0.35546875 0.3671875 0.35546875 0.359375 0.353515625 0.357421875 0.353515625 0.35546875 0.3515625 0.35546875
0 0.078125 0.19140625 0.078125 0.201171875 0.080078125 0.203125 0.080078125 0.205078125 0.087890625 0.205078125 0.087890625 0.203125 0.08984375 0.201171875 0.08984375 0.1953125 0.087890625 0.193359375 0.087890625 0.19140625
0 0.310546875 0.10546875 0.30859375 0.107421875 0.306640625 0.107421875 0.306640625 0.1171875 0.30859375 0.1171875 0.310546875 0.119140625 0.310546875 0.12109375 0.318359375 0.12109375 0.318359375 0.119140625 0.3203125 0.1171875 0.3203125 0.107421875 0.318359375 0.10546875
0 0.60546875 0.099609375 0.603515625 0.1015625 0.603515625 0.109375 0.60546875 0.111328125 0.607421875 0.111328125 0.609375 0.109375 0.609375 0.1015625 0.607421875 0.099609375
0 0.02734375 0.099609375 0.025390625 0.1015625 0.0234375 0.1015625 0.0234375 0.109375 0.025390625 0.109375 0.02734375 0.111328125 0.033203125 0.111328125 0.03515625 0.109375 0.037109375 0.109375 0.037109375 0.1015625 0.03515625 0.1015625 0.033203125 0.099609375
0 0.55859375 0.09375 0.556640625 0.095703125 0.5546875 0.095703125 0.5546875 0.09765625 0.552734375 0.099609375 0.552734375 0.103515625 0.5546875 0.10546875 0.5546875 0.109375 0.55859375 0.109375 0.560546875 0.111328125 0.56640625 0.111328125 0.568359375 0.109375 0.568359375 0.095703125 0.56640625 0.09375
0 0.40234375 0.06640625 0.400390625 0.068359375 0.400390625 0.072265625 0.40234375 0.07421875 0.40234375 0.076171875 0.41015625 0.076171875 0.41015625 0.07421875 0.412109375 0.072265625 0.412109375 0.068359375 0.41015625 0.06640625
0 0.4296875 0.0625 0.4296875 0.064453125 0.427734375 0.06640625 0.427734375 0.072265625 0.4296875 0.07421875 0.4296875 0.076171875 0.4375 0.076171875 0.4375 0.07421875 0.439453125 0.072265625 0.439453125 0.06640625 0.4375 0.064453125 0.4375 0.0625
1 0.130859375 0.90625 0.130859375 0.908203125 0.12890625 0.91015625 0.12890625 0.919921875 0.130859375 0.921875 0.140625 0.921875 0.140625 0.91015625 0.138671875 0.908203125 0.138671875 0.90625
1 0.435546875 0.736328125 0.435546875 0.740234375 0.43359375 0.7421875 0.435546875 0.744140625 0.435546875 0.74609375 0.4375 0.74609375 0.439453125 0.748046875 0.443359375 0.748046875 0.4453125 0.74609375 0.4453125 0.73828125 0.443359375 0.736328125
1 0.78515625 0.623046875 0.783203125 0.625 0.783203125 0.634765625 0.79296875 0.634765625 0.794921875 0.6328125 0.796875 0.6328125 0.796875 0.625 0.79296875 0.625 0.791015625 0.623046875
1 0.560546875 0.59765625 0.560546875 0.599609375 0.55859375 0.6015625 0.55859375 0.615234375 0.560546875 0.6171875 0.568359375 0.6171875 0.5703125 0.615234375 0.57421875 0.615234375 0.57421875 0.6015625 0.572265625 0.599609375 0.572265625 0.59765625
1 0.76171875 0.52734375 0.759765625 0.529296875 0.759765625 0.537109375 0.76171875 0.5390625 0.76953125 0.5390625 0.771484375 0.537109375 0.771484375 0.529296875 0.76953125 0.52734375
1 0.884765625 0.455078125 0.8828125 0.45703125 0.8828125 0.462890625 0.884765625 0.46484375 0.888671875 0.46484375 0.890625 0.462890625 0.892578125 0.462890625 0.892578125 0.45703125 0.890625 0.45703125 0.888671875 0.455078125
1 0.142578125 0.39453125 0.142578125 0.396484375 0.140625 0.3984375 0.140625 0.40234375 0.142578125 0.404296875 0.150390625 0.404296875 0.15234375 0.40234375 0.15234375 0.39453125
1 0.349609375 0.353515625 0.34765625 0.35546875 0.345703125 0.35546875 0.345703125 0.357421875 0.34375 0.359375 0.34375 0.3671875 0.345703125 0.369140625 0.353515625 0.369140625 0.35546875 0.3671875 0.35546875 0.359375 0.353515625 0.357421875 0.353515625 0.35546875 0.3515625 0.35546875
1 0.078125 0.19140625 0.078125 0.201171875 0.080078125 0.203125 0.080078125 0.205078125 0.087890625 0.205078125 0.087890625 0.203125 0.08984375 0.201171875 0.08984375 0.1953125 0.087890625 0.193359375 0.087890625 0.19140625
1 0.310546875 0.10546875 0.30859375 0.107421875 0.306640625 0.107421875 0.306640625 0.1171875 0.30859375 0.1171875 0.310546875 0.119140625 0.310546875 0.12109375 0.318359375 0.12109375 0.318359375 0.119140625 0.3203125 0.1171875 0.3203125 0.107421875 0.318359375 0.10546875
1 0.60546875 0.099609375 0.603515625 0.1015625 0.603515625 0.109375 0.60546875 0.111328125 0.607421875 0.111328125 0.609375 0.109375 0.609375 0.1015625 0.607421875 0.099609375
1 0.02734375 0.099609375 0.025390625 0.1015625 0.0234375 0.1015625 0.0234375 0.109375 0.025390625 0.109375 0.02734375 0.111328125 0.033203125 0.111328125 0.03515625 0.109375 0.037109375 0.109375 0.037109375 0.1015625 0.03515625 0.1015625 0.033203125 0.099609375
1 0.55859375 0.09375 0.556640625 0.095703125 0.5546875 0.095703125 0.5546875 0.09765625 0.552734375 0.099609375 0.552734375 0.103515625 0.5546875 0.10546875 0.5546875 0.109375 0.55859375 0.109375 0.560546875 0.111328125 0.56640625 0.111328125 0.568359375 0.109375 0.568359375 0.095703125 0.56640625 0.09375
1 0.40234375 0.06640625 0.400390625 0.068359375 0.400390625 0.072265625 0.40234375 0.07421875 0.40234375 0.076171875 0.41015625 0.076171875 0.41015625 0.07421875 0.412109375 0.072265625 0.412109375 0.068359375 0.41015625 0.06640625
1 0.4296875 0.0625 0.4296875 0.064453125 0.427734375 0.06640625 0.427734375 0.072265625 0.4296875 0.07421875 0.4296875 0.076171875 0.4375 0.076171875 0.4375 0.07421875 0.439453125 0.072265625 0.439453125 0.06640625 0.4375 0.064453125 0.4375 0.0625
