0 0.322265625 0.98828125 0.3203125 0.990234375 0.3203125 0.998046875 0.33203125 0.998046875 0.33203125 0.98828125
0 0.345703125 0.921875 0.345703125 0.923828125 0.34375 0.92578125 0.34375 0.9296875 0.345703125 0.931640625 0.353515625 0.931640625 0.353515625 0.921875
0 0.23828125 0.880859375 0.236328125 0.8828125 0.236328125 0.890625 0.23828125 0.892578125 0.24609375 0.892578125 0.248046875 0.890625 0.248046875 0.8828125 0.24609375 0.880859375
0 0.27734375 0.853515625 0.275390625 0.85546875 0.275390625 0.869140625 0.27734375 0.87109375 0.28515625 0.87109375 0.287109375 0.869140625 0.291015625 0.869140625 0.291015625 0.859375 0.2890625 0.859375 0.287109375 0.857421875 0.287109375 0.85546875 0.28515625 0.853515625
0 0.908203125 0.796875 0.90625 0.798828125 0.90625 0.802734375 0.908203125 0.8046875 0.908203125 0.80859375 0.916015625 0.80859375 0.91796875 0.806640625 0.919921875 0.806640625 0.919921875 0.798828125 0.91796875 0.798828125 0.916015625 0.796875
0 0.2421875 0.646484375 0.240234375 0.6484375 0.23828125 0.6484375 0.23828125 0.65625 0.240234375 0.65625 0.2421875 0.658203125 0.251953125 0.658203125 0.25390625 0.65625 0.25390625 0.65234375 0.251953125 0.650390625 0.251953125 0.6484375 0.25 0.6484375 0.248046875 0.646484375
0 0.75 0.623046875 0.748046875 0.625 0.748046875 0.62890625 0.75 0.630859375 0.75 0.634765625 0.759765625 0.634765625 0.759765625 0.625 0.7578125 0.623046875
0 0.13671875 0.580078125 0.13671875 0.58203125 0.134765625 0.583984375 0.134765625 0.587890625 0.13671875 0.58984375 0.14453125 0.58984375 0.146484375 0.587890625 0.146484375 0.583984375 0.14453125 0.58203125 0.14453125 0.580078125
0 0.73828125 0.48046875 0.73828125 0.4921875 0.740234375 0.494140625 0.751953125 0.494140625 0.751953125 0.490234375 0.75390625 0.48828125 0.75390625 0.484375 0.751953125 0.482421875 0.751953125 0.48046875
0 0.265625 0.478515625 0.265625 0.4921875 0.267578125 0.494140625 0.2734375 0.494140625 0.275390625 0.4921875 0.279296875 0.4921875 0.279296875 0.490234375 0.28125 0.48828125 0.28125 0.48046875 0.27734375 0.48046875 0.275390625 0.478515625
0 0.326171875 0.3203125 0.32421875 0.322265625 0.322265625 0.322265625 0.322265625 0.330078125 0.3203125 0.33203125 0.3203125 0.3359375 0.322265625 0.337890625 0.3359375 0.337890625 0.337890625 0.3359375 0.337890625 0.322265625 0.3359375 0.3203125
0 0.267578125 0.21484375 0.265625 0.216796875 0.265625 0.220703125 0.267578125 0.22265625 0.267578125 0.224609375 0.26953125 0.224609375 0.271484375 0.2265625 0.275390625 0.2265625 0.27734375 0.224609375 0.279296875 0.224609375 0.279296875 0.22265625 0.28125 0.220703125 0.28125 0.216796875 0.279296875 0.21484375
0 0.044921875 0.208984375 0.04296875 0.2109375 0.041015625 0.2109375 0.041015625 0.21875 0.04296875 0.21875 0.044921875 0.220703125 0.048828125 0.220703125 0.05078125 0.21875 0.05078125 0.2109375 0.048828125 0.208984375
1 0.322265625 0.98828125 0.3203125 0.990234375 0.3203125 0.998046875 0.33203125 0.998046875 0.33203125 0.98828125
1 0.345703125 0.921875 0.345703125 0.923828125 0.34375 0.92578125 0.34375 0.9296875 0.345703125 0.931640625 0.353515625 0.931640625 0.353515625 0.921875
1 0.23828125 0.880859375 0.236328125 0.8828125 0.236328125 0.890625 0.23828125 0.892578125 0.24609375 0.892578125 0.248046875 0.890625 0.248046875 0.8828125 0.24609375 0.880859375
1 0.27734375 0.853515625 0.275390625 0.85546875 0.275390625 0.869140625 0.27734375 0.87109375 0.28515625 0.87109375 0.287109375 0.869140625 0.291015625 0.869140625 0.291015625 0.859375 0.2890625 0.859375 0.287109375 0.857421875 0.287109375 0.85546875 0.28515625 0.853515625
1 0.908203125 0.796875 0.90625 0.798828125 0.90625 0.802734375 0.908203125 0.8046875 0.908203125 0.80859375 0.916015625 0.80859375 0.91796875 0.806640625 0.919921875 0.806640625 0.919921875 0.798828125 0.91796875 0.798828125 0.916015625 0.796875
1 0.2421875 0.646484375 0.240234375 0.6484375 0.23828125 0.6484375 0.23828125 0.65625 0.240234375 0.65625 0.2421875 0.658203125 0.251953125 0.658203125 0.25390625 0.65625 0.25390625 0.65234375 0.251953125 0.650390625 0.251953125 0.6484375 0.25 0.6484375 0.248046875 0.646484375
1 0.75 0.623046875 0.748046875 0.625 0.748046875 0.62890625 0.75 0.630859375 0.75 0.634765625 0.759765625 0.634765625 0.759765625 0.625 0.7578125 0.623046875
1 0.13671875 0.580078125 0.13671875 0.58203125 0.134765625 0.583984375 0.134765625 0.587890625 0.13671875 0.58984375 0.14453125 0.58984375 0.146484375 0.587890625 0.146484375 0.583984375 0.14453125 0.58203125 0.14453125 0.580078125
1 0.73828125 0.48046875 0.73828125 0.4921875 0.740234375 0.494140625 0.751953125 0.494140625 0.751953125 0.490234375 0.75390625 0.48828125 0.75390625 0.484375 0.751953125 0.482421875 0.751953125 0.48046875
1 0.265625 0.478515625 0.265625 0.4921875 0.267578125 0.494140625 0.2734375 0.494140625 0.275390625 0.4921875 0.279296875 0.4921875 0.279296875 0.490234375 0.28125 0.48828125 0.28125 0.48046875 0.27734375 0.48046875 0.275390625 0.478515625
1 0.326171875 0.3203125 0.32421875 0.322265625 0.322265625 0.322265625 0.322265625 0.330078125 0.3203125 0.33203125 0.3203125 0.3359375 0.322265625 0.337890625 0.3359375 0.337890625 0.337890625 0.3359375 0.337890625 0.322265625 0.3359375 0.3203125
1 0.267578125 0.21484375 0.265625 0.216796875 0.265625 0.220703125 0.267578125 0.22265625 0.267578125 0.224609375 0.26953125 0.224609375 0.271484375 0.2265625 0.275390625 0.2265625 0.27734375 0.224609375 0.279296875 0.224609375 0.279296875 0.22265625 0.28125 0.220703125 0.28125 0.216796875 0.279296875 0.21484375
1 0.044921875 0.208984375 0.04296875 0.2109375 0.041015625 0.2109375 0.041015625 0.21875 0.04296875 0.21875 0.044921875 0.220703125 0.048828125 0.220703125 0.05078125 0.21875 0.05078125 0.2109375 0.048828125 0.208984375
