0 0.763671875 0.982421875 0.76171875 0.984375 0.759765625 0.984375 0.759765625 0.9921875 0.76171875 0.9921875 0.763671875 0.994140625 0.7734375 0.994140625 0.7734375 0.984375 0.771484375 0.984375 0.76953125 0.982421875
0 0.13671875 0.978515625 0.13671875 0.98046875 0.134765625 0.982421875 0.134765625 0.9921875 0.13671875 0.994140625 0.14453125 0.994140625 0.146484375 0.9921875 0.146484375 0.978515625
0 0.60546875 0.900390625 0.60546875 0.908203125 0.607421875 0.91015625 0.615234375 0.91015625 0.6171875 0.908203125 0.6171875 0.900390625
0 0.61328125 0.87109375 0.611328125 0.873046875 0.607421875 0.873046875 0.607421875 0.875 0.60546875 0.876953125 0.60546875 0.884765625 0.607421875 0.88671875 0.609375 0.88671875 0.611328125 0.888671875 0.611328125 0.890625 0.62109375 0.890625 0.62109375 0.888671875 0.623046875 0.88671875 0.623046875 0.876953125 0.62109375 0.875 0.62109375 0.873046875 0.619140625 0.873046875 0.6171875 0.87109375
0 0.412109375 0.859375 0.412109375 0.87109375 0.42578125 0.87109375 0.427734375 0.869140625 0.427734375 0.861328125 0.42578125 0.859375
0 0.056640625 0.673828125 0.056640625 0.689453125 0.06640625 0.689453125 0.06640625 0.6875 0.068359375 0.685546875 0.068359375 0.67578125 0.06640625 0.673828125
0 0.193359375 0.603515625 0.193359375 0.60546875 0.19140625 0.607421875 0.19140625 0.611328125 0.193359375 0.61328125 0.203125 0.61328125 0.203125 0.603515625
0 0.5390625 0.529296875 0.537109375 0.53125 0.53515625 0.53125 0.53515625 0.54296875 0.5390625 0.54296875 0.541015625 0.544921875 0.544921875 0.544921875 0.546875 0.54296875 0.55078125 0.54296875 0.55078125 0.53125 0.548828125 0.529296875
0 0.1875 0.505859375 0.185546875 0.5078125 0.185546875 0.5234375 0.1875 0.525390625 0.1875 0.52734375 0.201171875 0.52734375 0.201171875 0.525390625 0.203125 0.5234375 0.203125 0.505859375
0 0.919921875 0.494140625 0.919921875 0.505859375 0.931640625 0.505859375 0.931640625 0.49609375 0.9296875 0.494140625
0 0.6796875 0.44921875 0.6796875 0.453125 0.681640625 0.455078125 0.68359375 0.455078125 0.685546875 0.453125 0.685546875 0.44921875
0 0.03125 0.40234375 0.03125 0.404296875 0.029296875 0.40625 0.029296875 0.41015625 0.03125 0.412109375 0.03125 0.4140625 0.033203125 0.4140625 0.03515625 0.416015625 0.0390625 0.416015625 0.041015625 0.4140625 0.041015625 0.40625 0.0390625 0.404296875 0.0390625 0.40234375
0 0.197265625 0.3671875 0.197265625 0.376953125 0.19921875 0.37890625 0.19921875 0.380859375 0.20703125 0.380859375 0.20703125 0.37890625 0.208984375 0.376953125 0.208984375 0.37109375 0.20703125 0.369140625 0.20703125 0.3671875
1 0.763671875 0.982421875 0.76171875 0.984375 0.759765625 0.984375 0.759765625 0.9921875 0.76171875 0.9921875 0.763671875 0.994140625 0.7734375 0.994140625 0.7734375 0.984375 0.771484375 0.984375 0.76953125 0.982421875
1 0.13671875 0.978515625 0.13671875 0.98046875 0.134765625 0.982421875 0.134765625 0.9921875 0.13671875 0.994140625 0.14453125 0.994140625 0.146484375 0.9921875 0.146484375 0.978515625
1 0.60546875 0.900390625 0.60546875 0.908203125 0.607421875 0.91015625 0.615234375 0.91015625 0.6171875 0.908203125 0.6171875 0.900390625
1 0.61328125 0.87109375 0.611328125 0.873046875 0.607421875 0.873046875 0.607421875 0.875 0.60546875 0.876953125 0.60546875 0.884765625 0.607421875 0.88671875 0.609375 0.88671875 0.611328125 0.888671875 0.611328125 0.890625 0.62109375 0.890625 0.62109375 0.888671875 0.623046875 0.88671875 0.623046875 0.876953125 0.62109375 0.875 0.62109375 0.873046875 0.619140625 0.873046875 0.6171875 0.87109375
1 0.412109375 0.859375 0.412109375 0.87109375 0.42578125 0.87109375 0.427734375 0.869140625 0.427734375 0.861328125 0.42578125 0.859375
1 0.056640625 0.673828125 0.056640625 0.689453125 0.06640625 0.689453125 0.06640625 0.6875 0.068359375 0.685546875 0.068359375 0.67578125 0.06640625 0.673828125
1 0.193359375 0.603515625 0.193359375 0.60546875 0.19140625 0.607421875 0.19140625 0.611328125 0.193359375 0.61328125 0.203125 0.61328125 0.203125 0.603515625
1 0.5390625 0.529296875 0.537109375 0.53125 0.53515625 0.53125 0.53515625 0.54296875 0.5390625 0.54296875 0.541015625 0.544921875 0.544921875 0.544921875 0.546875 0.54296875 0.55078125 0.54296875 0.55078125 0.53125 0.548828125 0.529296875
1 0.1875 0.505859375 0.185546875 0.5078125 0.185546875 0.5234375 0.1875 0.525390625 0.1875 0.52734375 0.201171875 0.52734375 0.201171875 0.525390625 0.203125 0.5234375 0.203125 0.505859375
1 0.919921875 0.494140625 0.919921875 0.505859375 0.931640625 0.505859375 0.931640625 0.49609375 0.9296875 0.494140625
1 0.6796875 0.44921875 0.6796875 0.453125 0.681640625 0.455078125 0.68359375 0.455078125 0.685546875 0.453125 0.685546875 0.44921875
1 0.03125 0.40234375 0.03125 0.404296875 0.029296875 0.40625 0.029296875 0.41015625 0.03125 0.412109375 0.03125 0.4140625 0.033203125 0.4140625 0.03515625 0.416015625 0.0390625 0.416015625 0.041015625 0.4140625 0.041015625 0.40625 0.0390625 0.404296875 0.0390625 0.40234375
1 0.197265625 0.3671875 0.197265625 0.376953125 0.19921875 0.37890625 0.19921875 0.380859375 0.20703125 0.380859375 0.20703125 0.37890625 0.208984375 0.376953125 0.208984375 0.37109375 0.20703125 0.369140625 0.20703125 0.3671875
