0 0.02734375 0.9765625 0.025390625 0.978515625 0.0234375 0.978515625 0.0234375 0.986328125 0.025390625 0.986328125 0.02734375 0.98828125 0.03515625 0.98828125 0.037109375 0.986328125 0.037109375 0.978515625 0.03515625 0.9765625
0 0.095703125 0.876953125 0.095703125 0.890625 0.09765625 0.890625 0.099609375 0.892578125 0.10546875 0.892578125 0.107421875 0.890625 0.109375 0.890625 0.109375 0.888671875 0.111328125 0.88671875 0.111328125 0.8828125 0.109375 0.880859375 0.109375 0.876953125
0 0.12890625 0.634765625 0.126953125 0.63671875 0.126953125 0.65234375 0.14453125 0.65234375 0.14453125 0.640625 0.142578125 0.638671875 0.142578125 0.634765625
0 0.734375 0.578125 0.732421875 0.580078125 0.732421875 0.59375 0.736328125 0.59375 0.73828125 0.595703125 0.7421875 0.595703125 0.744140625 0.59375 0.744140625 0.580078125 0.7421875 0.578125
0 0.3515625 0.529296875 0.349609375 0.53125 0.34765625 0.53125 0.34765625 0.5390625 0.349609375 0.5390625 0.3515625 0.541015625 0.3515625 0.54296875 0.353515625 0.544921875 0.357421875 0.544921875 0.359375 0.54296875 0.361328125 0.54296875 0.361328125 0.541015625 0.36328125 0.5390625 0.36328125 0.53125 0.361328125 0.529296875
0 0.6171875 0.5234375 0.615234375 0.525390625 0.615234375 0.529296875 0.6171875 0.53125 0.6171875 0.533203125 0.626953125 0.533203125 0.626953125 0.525390625 0.625 0.5234375
0 0.201171875 0.45703125 0.201171875 0.470703125 0.203125 0.47265625 0.21484375 0.47265625 0.216796875 0.470703125 0.216796875 0.4609375 0.21484375 0.458984375 0.21484375 0.45703125
0 0.94140625 0.365234375 0.939453125 0.3671875 0.939453125 0.376953125 0.94140625 0.37890625 0.94140625 0.380859375 0.943359375 0.380859375 0.9453125 0.3828125 0.94921875 0.3828125 0.951171875 0.380859375 0.951171875 0.37890625 0.953125 0.376953125 0.955078125 0.376953125 0.955078125 0.3671875 0.953125 0.3671875 0.951171875 0.365234375
0 0.912109375 0.35546875 0.91015625 0.357421875 0.908203125 0.357421875 0.908203125 0.369140625 0.91015625 0.369140625 0.912109375 0.37109375 0.91796875 0.37109375 0.919921875 0.369140625 0.921875 0.369140625 0.921875 0.3671875 0.923828125 0.365234375 0.923828125 0.357421875 0.921875 0.35546875
0 0.4765625 0.34375 0.474609375 0.345703125 0.474609375 0.35546875 0.484375 0.35546875 0.486328125 0.353515625 0.486328125 0.3515625 0.484375 0.349609375 0.484375 0.345703125 0.482421875 0.345703125 0.48046875 0.34375
0 0.072265625 0.326171875 0.0703125 0.328125 0.068359375 0.328125 0.068359375 0.337890625 0.080078125 0.337890625 0.08203125 0.3359375 0.08203125 0.33203125 0.080078125 0.330078125 0.080078125 0.328125 0.078125 0.328125 0.076171875 0.326171875
1 0.02734375 0.9765625 0.025390625 0.978515625 0.0234375 0.978515625 0.0234375 0.986328125 0.025390625 0.986328125 0.02734375 0.98828125 0.03515625 0.98828125 0.037109375 0.986328125 0.037109375 0.978515625 0.03515625 0.9765625
1 0.095703125 0.876953125 0.095703125 0.890625 0.09765625 0.890625 0.099609375 0.892578125 0.10546875 0.892578125 0.107421875 0.890625 0.109375 0.890625 0.109375 0.888671875 0.111328125 0.88671875 0.111328125 0.8828125 0.109375 0.880859375 0.109375 0.876953125
1 0.12890625 0.634765625 0.126953125 0.63671875 0.126953125 0.65234375 0.14453125 0.65234375 0.14453125 0.640625 0.142578125 0.638671875 0.142578125 0.634765625
1 0.734375 0.578125 0.732421875 0.580078125 0.732421875 0.59375 0.736328125 0.59375 0.73828125 0.595703125 0.7421875 0.595703125 0.744140625 0.59375 0.744140625 0.580078125 0.7421875 0.578125
1 0.3515625 0.529296875 0.349609375 0.53125 0.34765625 0.53125 0.34765625 0.5390625 0.349609375 0.5390625 0.3515625 0.541015625 0.3515625 0.54296875 0.353515625 0.544921875 0.357421875 0.544921875 0.359375 0.54296875 0.361328125 0.54296875 0.361328125 0.541015625 0.36328125 0.5390625 0.36328125 0.53125 0.361328125 0.529296875
1 0.6171875 0.5234375 0.615234375 0.525390625 0.615234375 0.529296875 0.6171875 0.53125 0.6171875 0.533203125 0.626953125 0.533203125 0.626953125 0.525390625 0.625 0.5234375
1 0.201171875 0.45703125 0.201171875 0.470703125 0.203125 0.47265625 0.21484375 0.47265625 0.216796875 0.470703125 0.216796875 0.4609375 0.21484375 0.458984375 0.21484375 0.45703125
1 0.94140625 0.365234375 0.939453125 0.3671875 0.939453125 0.376953125 0.94140625 0.37890625 0.94140625 0.380859375 0.943359375 0.380859375 0.9453125 0.3828125 0.94921875 0.3828125 0.951171875 0.380859375 0.951171875 0.37890625 0.953125 0.376953125 0.955078125 0.376953125 0.955078125 0.3671875 0.953125 0.3671875 0.951171875 0.365234375
1 0.912109375 0.35546875 0.91015625 0.357421875 0.908203125 0.357421875 0.908203125 0.369140625 0.91015625 0.369140625 0.912109375 0.37109375 0.91796875 0.37109375 0.919921875 0.369140625 0.921875 0.369140625 0.921875 0.3671875 0.923828125 0.365234375 0.923828125 0.357421875 0.921875 0.35546875
1 0.4765625 0.34375 0.474609375 0.345703125 0.474609375 0.35546875 0.484375 0.35546875 0.486328125 0.353515625 0.486328125 0.3515625 0.484375 0.349609375 0.484375 0.345703125 0.482421875 0.345703125 0.48046875 0.34375
1 0.072265625 0.326171875 0.0703125 0.328125 0.068359375 0.328125 0.068359375 0.337890625 0.080078125 0.337890625 0.08203125 0.3359375 0.08203125 0.33203125 0.080078125 0.330078125 0.080078125 0.328125 0.078125 0.328125 0.076171875 0.326171875
