0 0.6484375 0.970703125 0.646484375 0.97265625 0.646484375 0.98046875 0.65234375 0.98046875 0.65234375 0.97265625 0.650390625 0.970703125
0 0.654296875 0.931640625 0.65234375 0.93359375 0.65234375 0.94140625 0.654296875 0.943359375 0.662109375 0.943359375 0.6640625 0.94140625 0.6640625 0.93359375 0.662109375 0.931640625
0 0.705078125 0.6796875 0.703125 0.681640625 0.703125 0.69140625 0.705078125 0.693359375 0.705078125 0.6953125 0.716796875 0.6953125 0.716796875 0.69140625 0.71875 0.689453125 0.71875 0.6875 0.716796875 0.685546875 0.716796875 0.681640625 0.71484375 0.681640625 0.712890625 0.6796875
0 0.642578125 0.21484375 0.640625 0.216796875 0.640625 0.224609375 0.642578125 0.2265625 0.650390625 0.2265625 0.65234375 0.224609375 0.65234375 0.216796875 0.650390625 0.21484375
0 0.33984375 0.119140625 0.337890625 0.12109375 0.337890625 0.125 0.33984375 0.126953125 0.33984375 0.12890625 0.34765625 0.12890625 0.34765625 0.126953125 0.349609375 0.125 0.349609375 0.12109375 0.34765625 0.119140625
1 0.6484375 0.970703125 0.646484375 0.97265625 0.646484375 0.98046875 0.65234375 0.98046875 0.65234375 0.97265625 0.650390625 0.970703125
1 0.654296875 0.931640625 0.65234375 0.93359375 0.65234375 0.94140625 0.654296875 0.943359375 0.662109375 0.943359375 0.6640625 0.94140625 0.6640625 0.93359375 0.662109375 0.931640625
1 0.705078125 0.6796875 0.703125 0.681640625 0.703125 0.69140625 0.705078125 0.693359375 0.705078125 0.6953125 0.716796875 0.6953125 0.716796875 0.69140625 0.71875 0.689453125 0.71875 0.6875 0.716796875 0.685546875 0.716796875 0.681640625 0.71484375 0.681640625 0.712890625 0.6796875
1 0.642578125 0.21484375 0.640625 0.216796875 0.640625 0.224609375 0.642578125 0.2265625 0.650390625 0.2265625 0.65234375 0.224609375 0.65234375 0.216796875 0.650390625 0.21484375
1 0.33984375 0.119140625 0.337890625 0.12109375 0.337890625 0.125 0.33984375 0.126953125 0.33984375 0.12890625 0.34765625 0.12890625 0.34765625 0.126953125 0.349609375 0.125 0.349609375 0.12109375 0.34765625 0.119140625
