0 0.71484375 0.974609375 0.712890625 0.9765625 0.7109375 0.9765625 0.7109375 0.978515625 0.708984375 0.98046875 0.708984375 0.9921875 0.712890625 0.99609375 0.712890625 0.998046875 0.73046875 0.998046875 0.732421875 0.99609375 0.732421875 0.994140625 0.734375 0.9921875 0.734375 0.986328125 0.732421875 0.984375 0.732421875 0.98046875 0.728515625 0.9765625 0.724609375 0.9765625 0.72265625 0.974609375
0 0.669921875 0.96484375 0.666015625 0.96875 0.666015625 0.98046875 0.66796875 0.982421875 0.66796875 0.984375 0.669921875 0.984375 0.671875 0.986328125 0.67578125 0.986328125 0.6796875 0.982421875 0.681640625 0.982421875 0.681640625 0.98046875 0.68359375 0.978515625 0.68359375 0.974609375 0.681640625 0.97265625 0.681640625 0.970703125 0.6796875 0.970703125 0.673828125 0.96484375
0 0.69921875 0.9453125 0.693359375 0.951171875 0.693359375 0.955078125 0.69140625 0.95703125 0.69140625 0.958984375 0.693359375 0.9609375 0.693359375 0.96484375 0.697265625 0.96875 0.70703125 0.96875 0.708984375 0.966796875 0.708984375 0.96484375 0.7109375 0.962890625 0.7109375 0.951171875 0.705078125 0.9453125
0 0.23828125 0.927734375 0.236328125 0.9296875 0.236328125 0.935546875 0.240234375 0.939453125 0.244140625 0.939453125 0.24609375 0.9375 0.24609375 0.931640625 0.2421875 0.927734375
0 0.140625 0.837890625 0.138671875 0.83984375 0.13671875 0.83984375 0.13671875 0.841796875 0.1328125 0.845703125 0.1328125 0.849609375 0.134765625 0.8515625 0.14453125 0.8515625 0.1484375 0.84765625 0.1484375 0.841796875 0.14453125 0.837890625
0 0.708984375 0.751953125 0.70703125 0.75390625 0.705078125 0.75390625 0.703125 0.755859375 0.703125 0.7578125 0.701171875 0.759765625 0.703125 0.76171875 0.703125 0.763671875 0.70703125 0.767578125 0.712890625 0.767578125 0.716796875 0.763671875 0.716796875 0.755859375 0.712890625 0.751953125
0 0.322265625 0.751953125 0.322265625 0.75390625 0.3203125 0.755859375 0.3203125 0.763671875 0.322265625 0.765625 0.32421875 0.765625 0.326171875 0.767578125 0.333984375 0.767578125 0.333984375 0.765625 0.3359375 0.763671875 0.3359375 0.76171875 0.337890625 0.759765625 0.337890625 0.755859375 0.333984375 0.751953125
0 0.61328125 0.712890625 0.609375 0.716796875 0.609375 0.71875 0.611328125 0.720703125 0.611328125 0.72265625 0.61328125 0.724609375 0.615234375 0.724609375 0.6171875 0.72265625 0.619140625 0.72265625 0.619140625 0.712890625
0 0.90234375 0.689453125 0.90234375 0.69140625 0.900390625 0.693359375 0.90234375 0.6953125 0.90234375 0.697265625 0.904296875 0.69921875 0.908203125 0.69921875 0.91015625 0.697265625 0.91015625 0.693359375 0.90625 0.689453125
0 0.25 0.6640625 0.24609375 0.66796875 0.24609375 0.673828125 0.25 0.677734375 0.255859375 0.677734375 0.2578125 0.67578125 0.2578125 0.666015625 0.255859375 0.6640625
0 0.470703125 0.609375 0.46875 0.611328125 0.46875 0.61328125 0.466796875 0.615234375 0.466796875 0.619140625 0.46875 0.62109375 0.482421875 0.62109375 0.484375 0.619140625 0.484375 0.615234375 0.482421875 0.61328125 0.482421875 0.611328125 0.48046875 0.611328125 0.478515625 0.609375
0 0.357421875 0.607421875 0.353515625 0.611328125 0.353515625 0.615234375 0.35546875 0.615234375 0.357421875 0.6171875 0.359375 0.6171875 0.361328125 0.615234375 0.361328125 0.609375 0.359375 0.609375
0 0.244140625 0.560546875 0.240234375 0.564453125 0.240234375 0.5703125 0.2421875 0.572265625 0.2421875 0.57421875 0.24609375 0.578125 0.248046875 0.576171875 0.25 0.576171875 0.251953125 0.57421875 0.251953125 0.572265625 0.25390625 0.5703125 0.25390625 0.568359375 0.251953125 0.56640625 0.251953125 0.564453125 0.25 0.5625 0.248046875 0.5625 0.24609375 0.560546875
0 0.244140625 0.521484375 0.2421875 0.5234375 0.2421875 0.52734375 0.244140625 0.529296875 0.244140625 0.53125 0.25 0.53125 0.251953125 0.529296875 0.251953125 0.5234375 0.25 0.521484375
0 0.158203125 0.513671875 0.158203125 0.517578125 0.16015625 0.51953125 0.158203125 0.521484375 0.158203125 0.529296875 0.1640625 0.53515625 0.171875 0.53515625 0.173828125 0.533203125 0.17578125 0.533203125 0.1796875 0.529296875 0.1796875 0.5234375 0.177734375 0.521484375 0.177734375 0.51953125 0.173828125 0.515625 0.16796875 0.515625 0.166015625 0.513671875
0 0.2578125 0.505859375 0.2578125 0.5078125 0.255859375 0.509765625 0.255859375 0.513671875 0.259765625 0.517578125 0.263671875 0.517578125 0.265625 0.515625 0.267578125 0.515625 0.26953125 0.513671875 0.26953125 0.509765625 0.265625 0.505859375
0 0.458984375 0.484375 0.45703125 0.486328125 0.45703125 0.494140625 0.458984375 0.49609375 0.462890625 0.49609375 0.46484375 0.498046875 0.46875 0.494140625 0.470703125 0.494140625 0.470703125 0.48828125 0.466796875 0.484375
0 0.681640625 0.443359375 0.6796875 0.4453125 0.6796875 0.447265625 0.681640625 0.44921875 0.689453125 0.44921875 0.689453125 0.4453125 0.6875 0.443359375
0 0.248046875 0.42578125 0.24609375 0.427734375 0.24609375 0.43359375 0.25 0.4375 0.25390625 0.4375 0.259765625 0.431640625 0.2578125 0.4296875 0.2578125 0.427734375 0.255859375 0.42578125
0 0.8046875 0.41015625 0.80078125 0.4140625 0.80078125 0.416015625 0.798828125 0.41796875 0.798828125 0.421875 0.80078125 0.423828125 0.802734375 0.423828125 0.8046875 0.42578125 0.806640625 0.42578125 0.810546875 0.421875 0.8125 0.421875 0.814453125 0.419921875 0.814453125 0.41796875 0.8125 0.416015625 0.8125 0.4140625 0.80859375 0.41015625
0 0.3125 0.384765625 0.310546875 0.38671875 0.310546875 0.388671875 0.3125 0.390625 0.31640625 0.390625 0.31640625 0.384765625
0 0.849609375 0.3671875 0.84765625 0.369140625 0.84375 0.369140625 0.837890625 0.375 0.837890625 0.376953125 0.8359375 0.37890625 0.8359375 0.38671875 0.837890625 0.388671875 0.837890625 0.390625 0.841796875 0.39453125 0.8515625 0.39453125 0.859375 0.38671875 0.859375 0.384765625 0.861328125 0.3828125 0.861328125 0.380859375 0.86328125 0.37890625 0.85546875 0.37109375 0.853515625 0.37109375
0 0.9375 0.35546875 0.93359375 0.359375 0.93359375 0.361328125 0.931640625 0.36328125 0.931640625 0.365234375 0.93359375 0.3671875 0.93359375 0.369140625 0.935546875 0.37109375 0.94140625 0.37109375 0.943359375 0.369140625 0.9453125 0.369140625 0.9453125 0.3671875 0.947265625 0.365234375 0.947265625 0.357421875 0.9453125 0.35546875
0 0.060546875 0.248046875 0.05859375 0.25 0.05859375 0.2578125 0.060546875 0.259765625 0.060546875 0.26171875 0.0625 0.263671875 0.068359375 0.263671875 0.068359375 0.25 0.06640625 0.248046875
0 0.224609375 0.24609375 0.22265625 0.248046875 0.220703125 0.248046875 0.220703125 0.255859375 0.22265625 0.2578125 0.228515625 0.2578125 0.23046875 0.255859375 0.232421875 0.255859375 0.232421875 0.25 0.23046875 0.248046875 0.228515625 0.248046875 0.2265625 0.24609375
0 0.541015625 0.23046875 0.5390625 0.232421875 0.5390625 0.234375 0.544921875 0.240234375 0.544921875 0.2421875 0.546875 0.244140625 0.552734375 0.244140625 0.556640625 0.240234375 0.556640625 0.232421875 0.5546875 0.23046875
1 0.71484375 0.974609375 0.712890625 0.9765625 0.7109375 0.9765625 0.7109375 0.978515625 0.708984375 0.98046875 0.708984375 0.9921875 0.712890625 0.99609375 0.712890625 0.998046875 0.73046875 0.998046875 0.732421875 0.99609375 0.732421875 0.994140625 0.734375 0.9921875 0.734375 0.986328125 0.732421875 0.984375 0.732421875 0.98046875 0.728515625 0.9765625 0.724609375 0.9765625 0.72265625 0.974609375
1 0.669921875 0.96484375 0.666015625 0.96875 0.666015625 0.98046875 0.66796875 0.982421875 0.66796875 0.984375 0.669921875 0.984375 0.671875 0.986328125 0.67578125 0.986328125 0.6796875 0.982421875 0.681640625 0.982421875 0.681640625 0.98046875 0.68359375 0.978515625 0.68359375 0.974609375 0.681640625 0.97265625 0.681640625 0.970703125 0.6796875 0.970703125 0.673828125 0.96484375
1 0.69921875 0.9453125 0.693359375 0.951171875 0.693359375 0.955078125 0.69140625 0.95703125 0.69140625 0.958984375 0.693359375 0.9609375 0.693359375 0.96484375 0.697265625 0.96875 0.70703125 0.96875 0.708984375 0.966796875 0.708984375 0.96484375 0.7109375 0.962890625 0.7109375 0.951171875 0.705078125 0.9453125
1 0.23828125 0.927734375 0.236328125 0.9296875 0.236328125 0.935546875 0.240234375 0.939453125 0.244140625 0.939453125 0.24609375 0.9375 0.24609375 0.931640625 0.2421875 0.927734375
1 0.140625 0.837890625 0.138671875 0.83984375 0.13671875 0.83984375 0.13671875 0.841796875 0.1328125 0.845703125 0.1328125 0.849609375 0.134765625 0.8515625 0.14453125 0.8515625 0.1484375 0.84765625 0.1484375 0.841796875 0.14453125 0.837890625
1 0.708984375 0.751953125 0.70703125 0.75390625 0.705078125 0.75390625 0.703125 0.755859375 0.703125 0.7578125 0.701171875 0.759765625 0.703125 0.76171875 0.703125 0.763671875 0.70703125 0.767578125 0.712890625 0.767578125 0.716796875 0.763671875 0.716796875 0.755859375 0.712890625 0.751953125
1 0.322265625 0.751953125 0.322265625 0.75390625 0.3203125 0.755859375 0.3203125 0.763671875 0.322265625 0.765625 0.32421875 0.765625 0.326171875 0.767578125 0.333984375 0.767578125 0.333984375 0.765625 0.3359375 0.763671875 0.3359375 0.76171875 0.337890625 0.759765625 0.337890625 0.755859375 0.333984375 0.751953125
1 0.61328125 0.712890625 0.609375 0.716796875 0.609375 0.71875 0.611328125 0.720703125 0.611328125 0.72265625 0.61328125 0.724609375 0.615234375 0.724609375 0.6171875 0.72265625 0.619140625 0.72265625 0.619140625 0.712890625
1 0.90234375 0.689453125 0.90234375 0.69140625 0.900390625 0.693359375 0.90234375 0.6953125 0.90234375 0.697265625 0.904296875 0.69921875 0.908203125 0.69921875 0.91015625 0.697265625 0.91015625 0.693359375 0.90625 0.689453125
1 0.25 0.6640625 0.24609375 0.66796875 0.24609375 0.673828125 0.25 0.677734375 0.255859375 0.677734375 0.2578125 0.67578125 0.2578125 0.666015625 0.255859375 0.6640625
1 0.470703125 0.609375 0.46875 0.611328125 0.46875 0.61328125 0.466796875 0.615234375 0.466796875 0.619140625 0.46875 0.62109375 0.482421875 0.62109375 0.484375 0.619140625 0.484375 0.615234375 0.482421875 0.61328125 0.482421875 0.611328125 0.48046875 0.611328125 0.478515625 0.609375
1 0.357421875 0.607421875 0.353515625 0.611328125 0.353515625 0.615234375 0.35546875 0.615234375 0.357421875 0.6171875 0.359375 0.6171875 0.361328125 0.615234375 0.361328125 0.609375 0.359375 0.609375
1 0.244140625 0.560546875 0.240234375 0.564453125 0.240234375 0.5703125 0.2421875 0.572265625 0.2421875 0.57421875 0.24609375 0.578125 0.248046875 0.576171875 0.25 0.576171875 0.251953125 0.57421875 0.251953125 0.572265625 0.25390625 0.5703125 0.25390625 0.568359375 0.251953125 0.56640625 0.251953125 0.564453125 0.25 0.5625 0.248046875 0.5625 0.24609375 0.560546875
1 0.244140625 0.521484375 0.2421875 0.5234375 0.2421875 0.52734375 0.244140625 0.529296875 0.244140625 0.53125 0.25 0.53125 0.251953125 0.529296875 0.251953125 0.5234375 0.25 0.521484375
1 0.158203125 0.513671875 0.158203125 0.517578125 0.16015625 0.51953125 0.158203125 0.521484375 0.158203125 0.529296875 0.1640625 0.53515625 0.171875 0.53515625 0.173828125 0.533203125 0.17578125 0.533203125 0.1796875 0.529296875 0.1796875 0.5234375 0.177734375 0.521484375 0.177734375 0.51953125 0.173828125 0.515625 0.16796875 0.515625 0.166015625 0.513671875
1 0.2578125 0.505859375 0.2578125 0.5078125 0.255859375 0.509765625 0.255859375 0.513671875 0.259765625 0.517578125 0.263671875 0.517578125 0.265625 0.515625 0.267578125 0.515625 0.26953125 0.513671875 0.26953125 0.509765625 0.265625 0.505859375
1 0.458984375 0.484375 0.45703125 0.486328125 0.45703125 0.494140625 0.458984375 0.49609375 0.462890625 0.49609375 0.46484375 0.498046875 0.46875 0.494140625 0.470703125 0.494140625 0.470703125 0.48828125 0.466796875 0.484375
1 0.681640625 0.443359375 0.6796875 0.4453125 0.6796875 0.447265625 0.681640625 0.44921875 0.689453125 0.44921875 0.689453125 0.4453125 0.6875 0.443359375
1 0.248046875 0.42578125 0.24609375 0.427734375 0.24609375 0.43359375 0.25 0.4375 0.25390625 0.4375 0.259765625 0.431640625 0.2578125 0.4296875 0.2578125 0.427734375 0.255859375 0.42578125
1 0.8046875 0.41015625 0.80078125 0.4140625 0.80078125 0.416015625 0.798828125 0.41796875 0.798828125 0.421875 0.80078125 0.423828125 0.802734375 0.423828125 0.8046875 0.42578125 0.806640625 0.42578125 0.810546875 0.421875 0.8125 0.421875 0.814453125 0.419921875 0.814453125 0.41796875 0.8125 0.416015625 0.8125 0.4140625 0.80859375 0.41015625
1 0.3125 0.384765625 0.310546875 0.38671875 0.310546875 0.388671875 0.3125 0.390625 0.31640625 0.390625 0.31640625 0.384765625
1 0.849609375 0.3671875 0.84765625 0.369140625 0.84375 0.369140625 0.837890625 0.375 0.837890625 0.376953125 0.8359375 0.37890625 0.8359375 0.38671875 0.837890625 0.388671875 0.837890625 0.390625 0.841796875 0.39453125 0.8515625 0.39453125 0.859375 0.38671875 0.859375 0.384765625 0.861328125 0.3828125 0.861328125 0.380859375 0.86328125 0.37890625 0.85546875 0.37109375 0.853515625 0.37109375
1 0.9375 0.35546875 0.93359375 0.359375 0.93359375 0.361328125 0.931640625 0.36328125 0.931640625 0.365234375 0.93359375 0.3671875 0.93359375 0.369140625 0.935546875 0.37109375 0.94140625 0.37109375 0.943359375 0.369140625 0.9453125 0.369140625 0.9453125 0.3671875 0.947265625 0.365234375 0.947265625 0.357421875 0.9453125 0.35546875
1 0.060546875 0.248046875 0.05859375 0.25 0.05859375 0.2578125 0.060546875 0.259765625 0.060546875 0.26171875 0.0625 0.263671875 0.068359375 0.263671875 0.068359375 0.25 0.06640625 0.248046875
1 0.224609375 0.24609375 0.22265625 0.248046875 0.220703125 0.248046875 0.220703125 0.255859375 0.22265625 0.2578125 0.228515625 0.2578125 0.23046875 0.255859375 0.232421875 0.255859375 0.232421875 0.25 0.23046875 0.248046875 0.228515625 0.248046875 0.2265625 0.24609375
1 0.541015625 0.23046875 0.5390625 0.232421875 0.5390625 0.234375 0.544921875 0.240234375 0.544921875 0.2421875 0.546875 0.244140625 0.552734375 0.244140625 0.556640625 0.240234375 0.556640625 0.232421875 0.5546875 0.23046875
