0 0.83203125 0.8671875 0.830078125 0.869140625 0.828125 0.869140625 0.826171875 0.87109375 0.82421875 0.87109375 0.82421875 0.87890625 0.826171875 0.880859375 0.833984375 0.880859375 0.837890625 0.876953125 0.837890625 0.869140625 0.8359375 0.869140625 0.833984375 0.8671875
0 0.6953125 0.86328125 0.69140625 0.8671875 0.693359375 0.869140625 0.693359375 0.87109375 0.697265625 0.875 0.69921875 0.873046875 0.701171875 0.873046875 0.703125 0.87109375 0.703125 0.865234375 0.701171875 0.86328125
0 0.81640625 0.84375 0.8125 0.84765625 0.8125 0.849609375 0.810546875 0.8515625 0.8125 0.853515625 0.8125 0.859375 0.814453125 0.861328125 0.82421875 0.861328125 0.830078125 0.85546875 0.830078125 0.853515625 0.83203125 0.8515625 0.830078125 0.849609375 0.830078125 0.84765625 0.828125 0.845703125 0.826171875 0.845703125 0.82421875 0.84375
0 0.845703125 0.841796875 0.8359375 0.8515625 0.8359375 0.853515625 0.83984375 0.857421875 0.84375 0.857421875 0.845703125 0.859375 0.84765625 0.859375 0.857421875 0.849609375 0.857421875 0.84375 0.85546875 0.84375 0.853515625 0.841796875
0 0.98828125 0.830078125 0.986328125 0.83203125 0.984375 0.83203125 0.982421875 0.833984375 0.982421875 0.8359375 0.98046875 0.837890625 0.98046875 0.83984375 0.982421875 0.841796875 0.982421875 0.84375 0.984375 0.845703125 0.986328125 0.845703125 0.98828125 0.84765625 0.990234375 0.84765625 0.9921875 0.845703125 0.994140625 0.845703125 0.99609375 0.84375 0.99609375 0.841796875 0.998046875 0.83984375 0.998046875 0.8359375 0.9921875 0.830078125
0 0.6796875 0.8203125 0.673828125 0.826171875 0.673828125 0.828125 0.671875 0.830078125 0.671875 0.8359375 0.673828125 0.837890625 0.673828125 0.841796875 0.671875 0.84375 0.673828125 0.845703125 0.673828125 0.84765625 0.67578125 0.849609375 0.677734375 0.849609375 0.6796875 0.8515625 0.6953125 0.8515625 0.697265625 0.849609375 0.69921875 0.849609375 0.703125 0.845703125 0.703125 0.841796875 0.705078125 0.83984375 0.705078125 0.833984375 0.70703125 0.83203125 0.70703125 0.822265625 0.703125 0.822265625 0.701171875 0.8203125
0 0.388671875 0.80859375 0.38671875 0.810546875 0.384765625 0.810546875 0.37890625 0.81640625 0.37890625 0.818359375 0.3828125 0.822265625 0.396484375 0.822265625 0.400390625 0.818359375 0.400390625 0.81640625 0.392578125 0.80859375
0 0.0 0.76171875 0.0 0.7734375 0.0078125 0.7734375 0.0078125 0.771484375 0.009765625 0.76953125 0.009765625 0.765625 0.005859375 0.76171875
0 0.70703125 0.7421875 0.703125 0.74609375 0.703125 0.76171875 0.705078125 0.763671875 0.70703125 0.763671875 0.708984375 0.765625 0.71484375 0.765625 0.716796875 0.763671875 0.71875 0.763671875 0.720703125 0.76171875 0.72265625 0.76171875 0.72265625 0.759765625 0.724609375 0.7578125 0.724609375 0.75390625 0.72265625 0.751953125 0.72265625 0.74609375 0.720703125 0.744140625 0.7109375 0.744140625 0.708984375 0.7421875
0 0.65625 0.712890625 0.65234375 0.716796875 0.65234375 0.72265625 0.654296875 0.724609375 0.654296875 0.7265625 0.658203125 0.73046875 0.66015625 0.73046875 0.66796875 0.73828125 0.673828125 0.73828125 0.677734375 0.734375 0.677734375 0.732421875 0.6796875 0.73046875 0.6796875 0.728515625 0.677734375 0.7265625 0.677734375 0.724609375 0.673828125 0.720703125 0.673828125 0.71875 0.66796875 0.712890625
0 0.24609375 0.689453125 0.244140625 0.69140625 0.244140625 0.697265625 0.2421875 0.69921875 0.2421875 0.701171875 0.244140625 0.703125 0.244140625 0.705078125 0.24609375 0.70703125 0.248046875 0.70703125 0.25 0.708984375 0.26171875 0.708984375 0.263671875 0.70703125 0.265625 0.70703125 0.26953125 0.703125 0.26953125 0.6953125 0.263671875 0.689453125
0 0.216796875 0.689453125 0.21484375 0.69140625 0.21484375 0.697265625 0.216796875 0.69921875 0.220703125 0.69921875 0.224609375 0.6953125 0.224609375 0.689453125
0 0.2890625 0.681640625 0.287109375 0.68359375 0.287109375 0.685546875 0.283203125 0.689453125 0.283203125 0.693359375 0.28515625 0.693359375 0.287109375 0.6953125 0.294921875 0.6953125 0.296875 0.693359375 0.296875 0.6875 0.294921875 0.685546875 0.294921875 0.68359375 0.29296875 0.681640625
0 0.61328125 0.6796875 0.609375 0.68359375 0.609375 0.693359375 0.619140625 0.703125 0.62109375 0.703125 0.623046875 0.701171875 0.623046875 0.6953125 0.625 0.693359375 0.625 0.685546875 0.623046875 0.68359375 0.623046875 0.681640625 0.62109375 0.6796875
0 0.177734375 0.673828125 0.173828125 0.677734375 0.173828125 0.6796875 0.171875 0.681640625 0.171875 0.68359375 0.169921875 0.685546875 0.169921875 0.6875 0.171875 0.689453125 0.171875 0.693359375 0.17578125 0.697265625 0.18359375 0.697265625 0.1875 0.693359375 0.1875 0.69140625 0.189453125 0.689453125 0.189453125 0.68359375 0.1796875 0.673828125
0 0.296875 0.630859375 0.294921875 0.6328125 0.29296875 0.6328125 0.2890625 0.63671875 0.2890625 0.638671875 0.28515625 0.642578125 0.28515625 0.662109375 0.29296875 0.669921875 0.294921875 0.669921875 0.296875 0.671875 0.302734375 0.671875 0.3046875 0.669921875 0.306640625 0.669921875 0.314453125 0.662109375 0.314453125 0.658203125 0.31640625 0.65625 0.31640625 0.654296875 0.3203125 0.650390625 0.3203125 0.6484375 0.322265625 0.646484375 0.318359375 0.642578125 0.31640625 0.642578125 0.314453125 0.640625 0.314453125 0.638671875 0.306640625 0.630859375
0 0.283203125 0.57421875 0.27734375 0.580078125 0.27734375 0.58984375 0.279296875 0.591796875 0.287109375 0.591796875 0.2890625 0.58984375 0.291015625 0.58984375 0.29296875 0.587890625 0.29296875 0.580078125 0.287109375 0.57421875
0 0.318359375 0.517578125 0.31640625 0.51953125 0.31640625 0.52734375 0.3203125 0.53125 0.328125 0.53125 0.33203125 0.52734375 0.33203125 0.521484375 0.328125 0.517578125
0 0.251953125 0.46875 0.248046875 0.47265625 0.248046875 0.48046875 0.255859375 0.48828125 0.26171875 0.48828125 0.263671875 0.486328125 0.263671875 0.484375 0.267578125 0.48046875 0.26953125 0.48046875 0.26953125 0.478515625 0.271484375 0.4765625 0.271484375 0.470703125 0.26953125 0.46875
0 0.33984375 0.310546875 0.3359375 0.314453125 0.3359375 0.322265625 0.337890625 0.32421875 0.345703125 0.32421875 0.349609375 0.3203125 0.349609375 0.318359375 0.3515625 0.31640625 0.349609375 0.314453125 0.34765625 0.314453125 0.34375 0.310546875
0 0.361328125 0.306640625 0.357421875 0.310546875 0.357421875 0.31640625 0.359375 0.318359375 0.3671875 0.318359375 0.37109375 0.314453125 0.37109375 0.30859375 0.369140625 0.30859375 0.3671875 0.306640625
0 0.134765625 0.279296875 0.1328125 0.28125 0.130859375 0.28125 0.130859375 0.291015625 0.1328125 0.29296875 0.1328125 0.294921875 0.134765625 0.294921875 0.13671875 0.296875 0.140625 0.296875 0.142578125 0.294921875 0.14453125 0.294921875 0.146484375 0.29296875 0.146484375 0.28515625 0.142578125 0.28125 0.142578125 0.279296875
0 0.505859375 0.19140625 0.501953125 0.1953125 0.501953125 0.201171875 0.50390625 0.203125 0.513671875 0.203125 0.517578125 0.19921875 0.517578125 0.1953125 0.513671875 0.19140625
0 0.537109375 0.185546875 0.53515625 0.1875 0.53515625 0.193359375 0.537109375 0.1953125 0.5390625 0.1953125 0.541015625 0.197265625 0.54296875 0.1953125 0.546875 0.1953125 0.548828125 0.193359375 0.548828125 0.189453125 0.544921875 0.185546875
0 0.72265625 0.166015625 0.720703125 0.16796875 0.720703125 0.173828125 0.724609375 0.177734375 0.7265625 0.177734375 0.728515625 0.17578125 0.73046875 0.17578125 0.73046875 0.166015625
0 0.759765625 0.15625 0.7578125 0.158203125 0.7578125 0.17578125 0.759765625 0.177734375 0.759765625 0.1796875 0.765625 0.1796875 0.767578125 0.177734375 0.76953125 0.177734375 0.771484375 0.17578125 0.7734375 0.17578125 0.77734375 0.171875 0.77734375 0.169921875 0.779296875 0.16796875 0.779296875 0.16015625 0.77734375 0.16015625 0.775390625 0.158203125 0.771484375 0.158203125 0.76953125 0.15625
1 0.83203125 0.8671875 0.830078125 0.869140625 0.828125 0.869140625 0.826171875 0.87109375 0.82421875 0.87109375 0.82421875 0.87890625 0.826171875 0.880859375 0.833984375 0.880859375 0.837890625 0.876953125 0.837890625 0.869140625 0.8359375 0.869140625 0.833984375 0.8671875
1 0.6953125 0.86328125 0.69140625 0.8671875 0.693359375 0.869140625 0.693359375 0.87109375 0.697265625 0.875 0.69921875 0.873046875 0.701171875 0.873046875 0.703125 0.87109375 0.703125 0.865234375 0.701171875 0.86328125
1 0.81640625 0.84375 0.8125 0.84765625 0.8125 0.849609375 0.810546875 0.8515625 0.8125 0.853515625 0.8125 0.859375 0.814453125 0.861328125 0.82421875 0.861328125 0.830078125 0.85546875 0.830078125 0.853515625 0.83203125 0.8515625 0.830078125 0.849609375 0.830078125 0.84765625 0.828125 0.845703125 0.826171875 0.845703125 0.82421875 0.84375
1 0.845703125 0.841796875 0.8359375 0.8515625 0.8359375 0.853515625 0.83984375 0.857421875 0.84375 0.857421875 0.845703125 0.859375 0.84765625 0.859375 0.857421875 0.849609375 0.857421875 0.84375 0.85546875 0.84375 0.853515625 0.841796875
1 0.98828125 0.830078125 0.986328125 0.83203125 0.984375 0.83203125 0.982421875 0.833984375 0.982421875 0.8359375 0.98046875 0.837890625 0.98046875 0.83984375 0.982421875 0.841796875 0.982421875 0.84375 0.984375 0.845703125 0.986328125 0.845703125 0.98828125 0.84765625 0.990234375 0.84765625 0.9921875 0.845703125 0.994140625 0.845703125 0.99609375 0.84375 0.99609375 0.841796875 0.998046875 0.83984375 0.998046875 0.8359375 0.9921875 0.830078125
1 0.6796875 0.8203125 0.673828125 0.826171875 0.673828125 0.828125 0.671875 0.830078125 0.671875 0.8359375 0.673828125 0.837890625 0.673828125 0.841796875 0.671875 0.84375 0.673828125 0.845703125 0.673828125 0.84765625 0.67578125 0.849609375 0.677734375 0.849609375 0.6796875 0.8515625 0.6953125 0.8515625 0.697265625 0.849609375 0.69921875 0.849609375 0.703125 0.845703125 0.703125 0.841796875 0.705078125 0.83984375 0.705078125 0.833984375 0.70703125 0.83203125 0.70703125 0.822265625 0.703125 0.822265625 0.701171875 0.8203125
1 0.388671875 0.80859375 0.38671875 0.810546875 0.384765625 0.810546875 0.37890625 0.81640625 0.37890625 0.818359375 0.3828125 0.822265625 0.396484375 0.822265625 0.400390625 0.818359375 0.400390625 0.81640625 0.392578125 0.80859375
1 0.0 0.76171875 0.0 0.7734375 0.0078125 0.7734375 0.0078125 0.771484375 0.009765625 0.76953125 0.009765625 0.765625 0.005859375 0.76171875
1 0.70703125 0.7421875 0.703125 0.74609375 0.703125 0.76171875 0.705078125 0.763671875 0.70703125 0.763671875 0.708984375 0.765625 0.71484375 0.765625 0.716796875 0.763671875 0.71875 0.763671875 0.720703125 0.76171875 0.72265625 0.76171875 0.72265625 0.759765625 0.724609375 0.7578125 0.724609375 0.75390625 0.72265625 0.751953125 0.72265625 0.74609375 0.720703125 0.744140625 0.7109375 0.744140625 0.708984375 0.7421875
1 0.65625 0.712890625 0.65234375 0.716796875 0.65234375 0.72265625 0.654296875 0.724609375 0.654296875 0.7265625 0.658203125 0.73046875 0.66015625 0.73046875 0.66796875 0.73828125 0.673828125 0.73828125 0.677734375 0.734375 0.677734375 0.732421875 0.6796875 0.73046875 0.6796875 0.728515625 0.677734375 0.7265625 0.677734375 0.724609375 0.673828125 0.720703125 0.673828125 0.71875 0.66796875 0.712890625
1 0.24609375 0.689453125 0.244140625 0.69140625 0.244140625 0.697265625 0.2421875 0.69921875 0.2421875 0.701171875 0.244140625 0.703125 0.244140625 0.705078125 0.24609375 0.70703125 0.248046875 0.70703125 0.25 0.708984375 0.26171875 0.708984375 0.263671875 0.70703125 0.265625 0.70703125 0.26953125 0.703125 0.26953125 0.6953125 0.263671875 0.689453125
1 0.216796875 0.689453125 0.21484375 0.69140625 0.21484375 0.697265625 0.216796875 0.69921875 0.220703125 0.69921875 0.224609375 0.6953125 0.224609375 0.689453125
1 0.2890625 0.681640625 0.287109375 0.68359375 0.287109375 0.685546875 0.283203125 0.689453125 0.283203125 0.693359375 0.28515625 0.693359375 0.287109375 0.6953125 0.294921875 0.6953125 0.296875 0.693359375 0.296875 0.6875 0.294921875 0.685546875 0.294921875 0.68359375 0.29296875 0.681640625
1 0.61328125 0.6796875 0.609375 0.68359375 0.609375 0.693359375 0.619140625 0.703125 0.62109375 0.703125 0.623046875 0.701171875 0.623046875 0.6953125 0.625 0.693359375 0.625 0.685546875 0.623046875 0.68359375 0.623046875 0.681640625 0.62109375 0.6796875
1 0.177734375 0.673828125 0.173828125 0.677734375 0.173828125 0.6796875 0.171875 0.681640625 0.171875 0.68359375 0.169921875 0.685546875 0.169921875 0.6875 0.171875 0.689453125 0.171875 0.693359375 0.17578125 0.697265625 0.18359375 0.697265625 0.1875 0.693359375 0.1875 0.69140625 0.189453125 0.689453125 0.189453125 0.68359375 0.1796875 0.673828125
1 0.296875 0.630859375 0.294921875 0.6328125 0.29296875 0.6328125 0.2890625 0.63671875 0.2890625 0.638671875 0.28515625 0.642578125 0.28515625 0.662109375 0.29296875 0.669921875 0.294921875 0.669921875 0.296875 0.671875 0.302734375 0.671875 0.3046875 0.669921875 0.306640625 0.669921875 0.314453125 0.662109375 0.314453125 0.658203125 0.31640625 0.65625 0.31640625 0.654296875 0.3203125 0.650390625 0.3203125 0.6484375 0.322265625 0.646484375 0.318359375 0.642578125 0.31640625 0.642578125 0.314453125 0.640625 0.314453125 0.638671875 0.306640625 0.630859375
1 0.283203125 0.57421875 0.27734375 0.580078125 0.27734375 0.58984375 0.279296875 0.591796875 0.287109375 0.591796875 0.2890625 0.58984375 0.291015625 0.58984375 0.29296875 0.587890625 0.29296875 0.580078125 0.287109375 0.57421875
1 0.318359375 0.517578125 0.31640625 0.51953125 0.31640625 0.52734375 0.3203125 0.53125 0.328125 0.53125 0.33203125 0.52734375 0.33203125 0.521484375 0.328125 0.517578125
1 0.251953125 0.46875 0.248046875 0.47265625 0.248046875 0.48046875 0.255859375 0.48828125 0.26171875 0.48828125 0.263671875 0.486328125 0.263671875 0.484375 0.267578125 0.48046875 0.26953125 0.48046875 0.26953125 0.478515625 0.271484375 0.4765625 0.271484375 0.470703125 0.26953125 0.46875
1 0.33984375 0.310546875 0.3359375 0.314453125 0.3359375 0.322265625 0.337890625 0.32421875 0.345703125 0.32421875 0.349609375 0.3203125 0.349609375 0.318359375 0.3515625 0.31640625 0.349609375 0.314453125 0.34765625 0.314453125 0.34375 0.310546875
1 0.361328125 0.306640625 0.357421875 0.310546875 0.357421875 0.31640625 0.359375 0.318359375 0.3671875 0.318359375 0.37109375 0.314453125 0.37109375 0.30859375 0.369140625 0.30859375 0.3671875 0.306640625
1 0.134765625 0.279296875 0.1328125 0.28125 0.130859375 0.28125 0.130859375 0.291015625 0.1328125 0.29296875 0.1328125 0.294921875 0.134765625 0.294921875 0.13671875 0.296875 0.140625 0.296875 0.142578125 0.294921875 0.14453125 0.294921875 0.146484375 0.29296875 0.146484375 0.28515625 0.142578125 0.28125 0.142578125 0.279296875
1 0.505859375 0.19140625 0.501953125 0.1953125 0.501953125 0.201171875 0.50390625 0.203125 0.513671875 0.203125 0.517578125 0.19921875 0.517578125 0.1953125 0.513671875 0.19140625
1 0.537109375 0.185546875 0.53515625 0.1875 0.53515625 0.193359375 0.537109375 0.1953125 0.5390625 0.1953125 0.541015625 0.197265625 0.54296875 0.1953125 0.546875 0.1953125 0.548828125 0.193359375 0.548828125 0.189453125 0.544921875 0.185546875
1 0.72265625 0.166015625 0.720703125 0.16796875 0.720703125 0.173828125 0.724609375 0.177734375 0.7265625 0.177734375 0.728515625 0.17578125 0.73046875 0.17578125 0.73046875 0.166015625
1 0.759765625 0.15625 0.7578125 0.158203125 0.7578125 0.17578125 0.759765625 0.177734375 0.759765625 0.1796875 0.765625 0.1796875 0.767578125 0.177734375 0.76953125 0.177734375 0.771484375 0.17578125 0.7734375 0.17578125 0.77734375 0.171875 0.77734375 0.169921875 0.779296875 0.16796875 0.779296875 0.16015625 0.77734375 0.16015625 0.775390625 0.158203125 0.771484375 0.158203125 0.76953125 0.15625
