0 0.79296875 0.98828125 0.791015625 0.990234375 0.791015625 0.99609375 0.79296875 0.998046875 0.802734375 0.998046875 0.8046875 0.99609375 0.8046875 0.9921875 0.80078125 0.98828125
0 0.716796875 0.970703125 0.716796875 0.97265625 0.71484375 0.974609375 0.71484375 0.982421875 0.71875 0.986328125 0.728515625 0.986328125 0.73046875 0.984375 0.73046875 0.9765625 0.7265625 0.97265625 0.724609375 0.97265625 0.72265625 0.970703125
0 0.556640625 0.93359375 0.5546875 0.935546875 0.5546875 0.939453125 0.556640625 0.939453125 0.55859375 0.94140625 0.55859375 0.943359375 0.5625 0.943359375 0.56640625 0.939453125 0.56640625 0.9375 0.5625 0.93359375
0 0.3828125 0.9296875 0.37890625 0.93359375 0.37890625 0.939453125 0.380859375 0.94140625 0.380859375 0.943359375 0.37890625 0.9453125 0.37890625 0.94921875 0.396484375 0.94921875 0.396484375 0.947265625 0.3984375 0.9453125 0.3984375 0.93359375 0.396484375 0.931640625 0.39453125 0.931640625 0.392578125 0.9296875
0 0.107421875 0.923828125 0.1015625 0.9296875 0.1015625 0.9375 0.103515625 0.939453125 0.10546875 0.939453125 0.107421875 0.94140625 0.115234375 0.94140625 0.1171875 0.939453125 0.119140625 0.939453125 0.119140625 0.935546875 0.12109375 0.93359375 0.12109375 0.9296875 0.119140625 0.927734375 0.119140625 0.92578125 0.1171875 0.923828125
0 0.619140625 0.91015625 0.615234375 0.9140625 0.615234375 0.931640625 0.62109375 0.9375 0.62109375 0.939453125 0.642578125 0.939453125 0.64453125 0.9375 0.64453125 0.927734375 0.640625 0.923828125 0.640625 0.919921875 0.63671875 0.916015625 0.63671875 0.9140625 0.6328125 0.9140625 0.630859375 0.912109375 0.62890625 0.912109375 0.626953125 0.91015625
0 0.587890625 0.90625 0.5859375 0.908203125 0.5859375 0.91015625 0.587890625 0.912109375 0.59375 0.912109375 0.595703125 0.91015625 0.595703125 0.908203125 0.59375 0.90625
0 0.203125 0.90234375 0.201171875 0.904296875 0.19921875 0.904296875 0.197265625 0.90625 0.1953125 0.90625 0.193359375 0.908203125 0.193359375 0.919921875 0.1953125 0.921875 0.197265625 0.921875 0.203125 0.927734375 0.205078125 0.927734375 0.20703125 0.9296875 0.21484375 0.9296875 0.21484375 0.92578125 0.216796875 0.923828125 0.216796875 0.91796875 0.21484375 0.916015625 0.21484375 0.91015625 0.208984375 0.904296875 0.205078125 0.904296875
0 0.380859375 0.890625 0.37890625 0.892578125 0.37890625 0.89453125 0.376953125 0.896484375 0.376953125 0.904296875 0.37890625 0.904296875 0.3828125 0.908203125 0.38671875 0.908203125 0.388671875 0.91015625 0.390625 0.908203125 0.392578125 0.908203125 0.392578125 0.90625 0.39453125 0.904296875 0.39453125 0.896484375 0.392578125 0.89453125 0.392578125 0.890625
0 0.357421875 0.890625 0.357421875 0.8984375 0.361328125 0.8984375 0.365234375 0.89453125 0.365234375 0.892578125 0.36328125 0.890625
0 0.134765625 0.87890625 0.134765625 0.88671875 0.13671875 0.888671875 0.14453125 0.888671875 0.14453125 0.88671875 0.146484375 0.884765625 0.146484375 0.880859375 0.14453125 0.880859375 0.142578125 0.87890625
0 0.083984375 0.86328125 0.080078125 0.8671875 0.080078125 0.87109375 0.08203125 0.873046875 0.0859375 0.873046875 0.087890625 0.87109375 0.087890625 0.869140625 0.08984375 0.8671875 0.08984375 0.865234375 0.087890625 0.86328125
0 0.509765625 0.853515625 0.509765625 0.85546875 0.5078125 0.857421875 0.5078125 0.859375 0.509765625 0.861328125 0.515625 0.861328125 0.515625 0.85546875 0.513671875 0.853515625
0 0.14453125 0.83984375 0.142578125 0.841796875 0.142578125 0.849609375 0.14453125 0.8515625 0.146484375 0.8515625 0.1484375 0.853515625 0.150390625 0.853515625 0.15234375 0.8515625 0.154296875 0.8515625 0.154296875 0.841796875 0.15234375 0.841796875 0.150390625 0.83984375
0 0.572265625 0.826171875 0.55859375 0.83984375 0.55859375 0.841796875 0.560546875 0.84375 0.560546875 0.845703125 0.564453125 0.849609375 0.564453125 0.8515625 0.572265625 0.8515625 0.578125 0.845703125 0.578125 0.84375 0.580078125 0.841796875 0.580078125 0.826171875
0 0.8984375 0.8046875 0.89453125 0.80859375 0.89453125 0.822265625 0.90625 0.822265625 0.90625 0.8203125 0.908203125 0.818359375 0.91015625 0.818359375 0.912109375 0.81640625 0.912109375 0.810546875 0.91015625 0.80859375 0.91015625 0.806640625 0.908203125 0.8046875
0 0.1953125 0.8046875 0.189453125 0.810546875 0.189453125 0.81640625 0.19140625 0.818359375 0.201171875 0.818359375 0.203125 0.81640625 0.203125 0.80859375 0.19921875 0.8046875
0 0.751953125 0.798828125 0.75 0.80078125 0.75 0.8046875 0.755859375 0.8046875 0.755859375 0.80078125 0.75390625 0.798828125
0 0.134765625 0.787109375 0.12890625 0.79296875 0.12890625 0.798828125 0.130859375 0.80078125 0.130859375 0.802734375 0.134765625 0.806640625 0.140625 0.806640625 0.142578125 0.8046875 0.14453125 0.8046875 0.146484375 0.802734375 0.146484375 0.80078125 0.1484375 0.798828125 0.146484375 0.796875 0.146484375 0.79296875 0.14453125 0.791015625 0.142578125 0.791015625 0.140625 0.7890625 0.140625 0.787109375
0 0.767578125 0.775390625 0.767578125 0.78515625 0.7734375 0.78515625 0.775390625 0.783203125 0.775390625 0.77734375 0.7734375 0.775390625
0 0.3125 0.76171875 0.310546875 0.763671875 0.310546875 0.767578125 0.3125 0.767578125 0.314453125 0.76953125 0.318359375 0.76953125 0.322265625 0.765625 0.318359375 0.76171875
0 0.3828125 0.73828125 0.3828125 0.744140625 0.384765625 0.74609375 0.390625 0.74609375 0.390625 0.740234375 0.388671875 0.73828125
0 0.0 0.734375 0.0 0.744140625 0.005859375 0.744140625 0.009765625 0.740234375 0.009765625 0.736328125 0.0078125 0.734375
0 0.412109375 0.728515625 0.408203125 0.732421875 0.408203125 0.734375 0.41015625 0.736328125 0.41015625 0.73828125 0.419921875 0.73828125 0.42578125 0.732421875 0.421875 0.728515625
0 0.94140625 0.703125 0.939453125 0.705078125 0.939453125 0.7109375 0.94140625 0.712890625 0.943359375 0.712890625 0.9453125 0.7109375 0.94921875 0.7109375 0.94921875 0.705078125 0.947265625 0.703125
0 0.654296875 0.701171875 0.65234375 0.703125 0.65234375 0.712890625 0.662109375 0.712890625 0.6640625 0.7109375 0.6640625 0.703125 0.662109375 0.703125 0.66015625 0.701171875
0 0.09765625 0.697265625 0.095703125 0.69921875 0.095703125 0.705078125 0.09765625 0.70703125 0.09765625 0.708984375 0.1015625 0.708984375 0.103515625 0.70703125 0.10546875 0.70703125 0.10546875 0.69921875 0.103515625 0.697265625
0 0.234375 0.6796875 0.232421875 0.681640625 0.232421875 0.68359375 0.236328125 0.6875 0.2421875 0.6875 0.244140625 0.685546875 0.244140625 0.681640625 0.2421875 0.6796875
0 0.1640625 0.62890625 0.16015625 0.6328125 0.158203125 0.6328125 0.158203125 0.634765625 0.15625 0.63671875 0.15625 0.640625 0.158203125 0.642578125 0.158203125 0.64453125 0.16796875 0.64453125 0.171875 0.640625 0.171875 0.6328125 0.169921875 0.630859375 0.169921875 0.62890625
0 0.203125 0.623046875 0.19921875 0.626953125 0.19921875 0.6328125 0.201171875 0.634765625 0.20703125 0.634765625 0.2109375 0.630859375 0.2109375 0.625 0.208984375 0.623046875
0 0.578125 0.53515625 0.576171875 0.537109375 0.576171875 0.541015625 0.578125 0.54296875 0.578125 0.544921875 0.5859375 0.544921875 0.5859375 0.53515625
0 0.67578125 0.439453125 0.67578125 0.44921875 0.681640625 0.44921875 0.68359375 0.447265625 0.68359375 0.439453125
0 0.8515625 0.337890625 0.8515625 0.33984375 0.849609375 0.341796875 0.849609375 0.34765625 0.8515625 0.349609375 0.8515625 0.3515625 0.859375 0.3515625 0.859375 0.349609375 0.861328125 0.34765625 0.861328125 0.341796875 0.859375 0.33984375 0.859375 0.337890625
0 0.568359375 0.3046875 0.56640625 0.306640625 0.56640625 0.318359375 0.57421875 0.318359375 0.57421875 0.31640625 0.576171875 0.314453125 0.576171875 0.306640625 0.57421875 0.3046875
1 0.79296875 0.98828125 0.791015625 0.990234375 0.791015625 0.99609375 0.79296875 0.998046875 0.802734375 0.998046875 0.8046875 0.99609375 0.8046875 0.9921875 0.80078125 0.98828125
1 0.716796875 0.970703125 0.716796875 0.97265625 0.71484375 0.974609375 0.71484375 0.982421875 0.71875 0.986328125 0.728515625 0.986328125 0.73046875 0.984375 0.73046875 0.9765625 0.7265625 0.97265625 0.724609375 0.97265625 0.72265625 0.970703125
1 0.556640625 0.93359375 0.5546875 0.935546875 0.5546875 0.939453125 0.556640625 0.939453125 0.55859375 0.94140625 0.55859375 0.943359375 0.5625 0.943359375 0.56640625 0.939453125 0.56640625 0.9375 0.5625 0.93359375
1 0.3828125 0.9296875 0.37890625 0.93359375 0.37890625 0.939453125 0.380859375 0.94140625 0.380859375 0.943359375 0.37890625 0.9453125 0.37890625 0.94921875 0.396484375 0.94921875 0.396484375 0.947265625 0.3984375 0.9453125 0.3984375 0.93359375 0.396484375 0.931640625 0.39453125 0.931640625 0.392578125 0.9296875
1 0.107421875 0.923828125 0.1015625 0.9296875 0.1015625 0.9375 0.103515625 0.939453125 0.10546875 0.939453125 0.107421875 0.94140625 0.115234375 0.94140625 0.1171875 0.939453125 0.119140625 0.939453125 0.119140625 0.935546875 0.12109375 0.93359375 0.12109375 0.9296875 0.119140625 0.927734375 0.119140625 0.92578125 0.1171875 0.923828125
1 0.619140625 0.91015625 0.615234375 0.9140625 0.615234375 0.931640625 0.62109375 0.9375 0.62109375 0.939453125 0.642578125 0.939453125 0.64453125 0.9375 0.64453125 0.927734375 0.640625 0.923828125 0.640625 0.919921875 0.63671875 0.916015625 0.63671875 0.9140625 0.6328125 0.9140625 0.630859375 0.912109375 0.62890625 0.912109375 0.626953125 0.91015625
1 0.587890625 0.90625 0.5859375 0.908203125 0.5859375 0.91015625 0.587890625 0.912109375 0.59375 0.912109375 0.595703125 0.91015625 0.595703125 0.908203125 0.59375 0.90625
1 0.203125 0.90234375 0.201171875 0.904296875 0.19921875 0.904296875 0.197265625 0.90625 0.1953125 0.90625 0.193359375 0.908203125 0.193359375 0.919921875 0.1953125 0.921875 0.197265625 0.921875 0.203125 0.927734375 0.205078125 0.927734375 0.20703125 0.9296875 0.21484375 0.9296875 0.21484375 0.92578125 0.216796875 0.923828125 0.216796875 0.91796875 0.21484375 0.916015625 0.21484375 0.91015625 0.208984375 0.904296875 0.205078125 0.904296875
1 0.380859375 0.890625 0.37890625 0.892578125 0.37890625 0.89453125 0.376953125 0.896484375 0.376953125 0.904296875 0.37890625 0.904296875 0.3828125 0.908203125 0.38671875 0.908203125 0.388671875 0.91015625 0.390625 0.908203125 0.392578125 0.908203125 0.392578125 0.90625 0.39453125 0.904296875 0.39453125 0.896484375 0.392578125 0.89453125 0.392578125 0.890625
1 0.357421875 0.890625 0.357421875 0.8984375 0.361328125 0.8984375 0.365234375 0.89453125 0.365234375 0.892578125 0.36328125 0.890625
1 0.134765625 0.87890625 0.134765625 0.88671875 0.13671875 0.888671875 0.14453125 0.888671875 0.14453125 0.88671875 0.146484375 0.884765625 0.146484375 0.880859375 0.14453125 0.880859375 0.142578125 0.87890625
1 0.083984375 0.86328125 0.080078125 0.8671875 0.080078125 0.87109375 0.08203125 0.873046875 0.0859375 0.873046875 0.087890625 0.87109375 0.087890625 0.869140625 0.08984375 0.8671875 0.08984375 0.865234375 0.087890625 0.86328125
1 0.509765625 0.853515625 0.509765625 0.85546875 0.5078125 0.857421875 0.5078125 0.859375 0.509765625 0.861328125 0.515625 0.861328125 0.515625 0.85546875 0.513671875 0.853515625
1 0.14453125 0.83984375 0.142578125 0.841796875 0.142578125 0.849609375 0.14453125 0.8515625 0.146484375 0.8515625 0.1484375 0.853515625 0.150390625 0.853515625 0.15234375 0.8515625 0.154296875 0.8515625 0.154296875 0.841796875 0.15234375 0.841796875 0.150390625 0.83984375
1 0.572265625 0.826171875 0.55859375 0.83984375 0.55859375 0.841796875 0.560546875 0.84375 0.560546875 0.845703125 0.564453125 0.849609375 0.564453125 0.8515625 0.572265625 0.8515625 0.578125 0.845703125 0.578125 0.84375 0.580078125 0.841796875 0.580078125 0.826171875
1 0.8984375 0.8046875 0.89453125 0.80859375 0.89453125 0.822265625 0.90625 0.822265625 0.90625 0.8203125 0.908203125 0.818359375 0.91015625 0.818359375 0.912109375 0.81640625 0.912109375 0.810546875 0.91015625 0.80859375 0.91015625 0.806640625 0.908203125 0.8046875
1 0.1953125 0.8046875 0.189453125 0.810546875 0.189453125 0.81640625 0.19140625 0.818359375 0.201171875 0.818359375 0.203125 0.81640625 0.203125 0.80859375 0.19921875 0.8046875
1 0.751953125 0.798828125 0.75 0.80078125 0.75 0.8046875 0.755859375 0.8046875 0.755859375 0.80078125 0.75390625 0.798828125
1 0.134765625 0.787109375 0.12890625 0.79296875 0.12890625 0.798828125 0.130859375 0.80078125 0.130859375 0.802734375 0.134765625 0.806640625 0.140625 0.806640625 0.142578125 0.8046875 0.14453125 0.8046875 0.146484375 0.802734375 0.146484375 0.80078125 0.1484375 0.798828125 0.146484375 0.796875 0.146484375 0.79296875 0.14453125 0.791015625 0.142578125 0.791015625 0.140625 0.7890625 0.140625 0.787109375
1 0.767578125 0.775390625 0.767578125 0.78515625 0.7734375 0.78515625 0.775390625 0.783203125 0.775390625 0.77734375 0.7734375 0.775390625
1 0.3125 0.76171875 0.310546875 0.763671875 0.310546875 0.767578125 0.3125 0.767578125 0.314453125 0.76953125 0.318359375 0.76953125 0.322265625 0.765625 0.318359375 0.76171875
1 0.3828125 0.73828125 0.3828125 0.744140625 0.384765625 0.74609375 0.390625 0.74609375 0.390625 0.740234375 0.388671875 0.73828125
1 0.0 0.734375 0.0 0.744140625 0.005859375 0.744140625 0.009765625 0.740234375 0.009765625 0.736328125 0.0078125 0.734375
1 0.412109375 0.728515625 0.408203125 0.732421875 0.408203125 0.734375 0.41015625 0.736328125 0.41015625 0.73828125 0.419921875 0.73828125 0.42578125 0.732421875 0.421875 0.728515625
1 0.94140625 0.703125 0.939453125 0.705078125 0.939453125 0.7109375 0.94140625 0.712890625 0.943359375 0.712890625 0.9453125 0.7109375 0.94921875 0.7109375 0.94921875 0.705078125 0.947265625 0.703125
1 0.654296875 0.701171875 0.65234375 0.703125 0.65234375 0.712890625 0.662109375 0.712890625 0.6640625 0.7109375 0.6640625 0.703125 0.662109375 0.703125 0.66015625 0.701171875
1 0.09765625 0.697265625 0.095703125 0.69921875 0.095703125 0.705078125 0.09765625 0.70703125 0.09765625 0.708984375 0.1015625 0.708984375 0.103515625 0.70703125 0.10546875 0.70703125 0.10546875 0.69921875 0.103515625 0.697265625
1 0.234375 0.6796875 0.232421875 0.681640625 0.232421875 0.68359375 0.236328125 0.6875 0.2421875 0.6875 0.244140625 0.685546875 0.244140625 0.681640625 0.2421875 0.6796875
1 0.1640625 0.62890625 0.16015625 0.6328125 0.158203125 0.6328125 0.158203125 0.634765625 0.15625 0.63671875 0.15625 0.640625 0.158203125 0.642578125 0.158203125 0.64453125 0.16796875 0.64453125 0.171875 0.640625 0.171875 0.6328125 0.169921875 0.630859375 0.169921875 0.62890625
1 0.203125 0.623046875 0.19921875 0.626953125 0.19921875 0.6328125 0.201171875 0.634765625 0.20703125 0.634765625 0.2109375 0.630859375 0.2109375 0.625 0.208984375 0.623046875
1 0.578125 0.53515625 0.576171875 0.537109375 0.576171875 0.541015625 0.578125 0.54296875 0.578125 0.544921875 0.5859375 0.544921875 0.5859375 0.53515625
1 0.67578125 0.439453125 0.67578125 0.44921875 0.681640625 0.44921875 0.68359375 0.447265625 0.68359375 0.439453125
1 0.8515625 0.337890625 0.8515625 0.33984375 0.849609375 0.341796875 0.849609375 0.34765625 0.8515625 0.349609375 0.8515625 0.3515625 0.859375 0.3515625 0.859375 0.349609375 0.861328125 0.34765625 0.861328125 0.341796875 0.859375 0.33984375 0.859375 0.337890625
1 0.568359375 0.3046875 0.56640625 0.306640625 0.56640625 0.318359375 0.57421875 0.318359375 0.57421875 0.31640625 0.576171875 0.314453125 0.576171875 0.306640625 0.57421875 0.3046875
