0 0.181640625 0.951171875 0.1796875 0.953125 0.1796875 0.955078125 0.177734375 0.95703125 0.177734375 0.958984375 0.17578125 0.9609375 0.17578125 0.962890625 0.173828125 0.96484375 0.173828125 0.97265625 0.17578125 0.974609375 0.17578125 0.9765625 0.1796875 0.98046875 0.181640625 0.98046875 0.185546875 0.984375 0.1875 0.984375 0.189453125 0.986328125 0.193359375 0.986328125 0.197265625 0.982421875 0.197265625 0.98046875 0.19921875 0.978515625 0.19921875 0.966796875 0.197265625 0.96484375 0.197265625 0.962890625 0.1875 0.953125 0.18359375 0.953125
0 0.744140625 0.9375 0.744140625 0.939453125 0.7421875 0.94140625 0.7421875 0.9453125 0.74609375 0.94921875 0.748046875 0.947265625 0.75 0.947265625 0.751953125 0.9453125 0.751953125 0.939453125 0.75 0.9375
0 0.880859375 0.9296875 0.87890625 0.931640625 0.876953125 0.931640625 0.875 0.93359375 0.873046875 0.93359375 0.87109375 0.935546875 0.87109375 0.9375 0.869140625 0.939453125 0.869140625 0.94140625 0.8671875 0.943359375 0.8671875 0.947265625 0.873046875 0.953125 0.87890625 0.953125 0.880859375 0.951171875 0.888671875 0.951171875 0.890625 0.94921875 0.890625 0.935546875 0.888671875 0.93359375 0.888671875 0.931640625 0.88671875 0.931640625 0.884765625 0.9296875
0 0.33203125 0.853515625 0.330078125 0.85546875 0.330078125 0.857421875 0.328125 0.859375 0.328125 0.86328125 0.330078125 0.865234375 0.330078125 0.8671875 0.33203125 0.869140625 0.333984375 0.869140625 0.3359375 0.87109375 0.33984375 0.87109375 0.341796875 0.869140625 0.341796875 0.857421875 0.337890625 0.853515625
0 0.326171875 0.8046875 0.322265625 0.80859375 0.322265625 0.8125 0.32421875 0.814453125 0.330078125 0.814453125 0.33203125 0.8125 0.333984375 0.8125 0.333984375 0.806640625 0.33203125 0.8046875
0 0.146484375 0.787109375 0.142578125 0.791015625 0.142578125 0.794921875 0.146484375 0.798828125 0.1484375 0.798828125 0.150390625 0.80078125 0.154296875 0.80078125 0.158203125 0.796875 0.158203125 0.791015625 0.15625 0.7890625 0.15625 0.787109375
0 0.072265625 0.73046875 0.0703125 0.732421875 0.068359375 0.732421875 0.06640625 0.734375 0.06640625 0.74609375 0.068359375 0.748046875 0.0703125 0.748046875 0.072265625 0.75 0.083984375 0.75 0.0859375 0.748046875 0.0859375 0.736328125 0.083984375 0.734375 0.08203125 0.734375 0.080078125 0.732421875 0.076171875 0.732421875 0.07421875 0.73046875
0 0.98046875 0.580078125 0.98046875 0.58203125 0.978515625 0.583984375 0.98046875 0.5859375 0.98046875 0.587890625 0.982421875 0.58984375 0.986328125 0.58984375 0.98828125 0.587890625 0.98828125 0.58203125 0.986328125 0.580078125
0 0.951171875 0.57421875 0.947265625 0.578125 0.947265625 0.583984375 0.94921875 0.5859375 0.95703125 0.5859375 0.958984375 0.583984375 0.958984375 0.578125 0.955078125 0.57421875
0 0.9765625 0.37109375 0.974609375 0.373046875 0.974609375 0.38671875 0.9765625 0.388671875 0.978515625 0.38671875 0.982421875 0.38671875 0.986328125 0.3828125 0.986328125 0.380859375 0.98828125 0.37890625 0.98828125 0.376953125 0.986328125 0.375 0.986328125 0.373046875 0.984375 0.37109375
0 0.03515625 0.291015625 0.033203125 0.29296875 0.033203125 0.294921875 0.03125 0.296875 0.03125 0.30078125 0.033203125 0.302734375 0.033203125 0.3046875 0.03515625 0.306640625 0.0390625 0.306640625 0.04296875 0.302734375 0.04296875 0.296875 0.041015625 0.294921875 0.041015625 0.29296875 0.0390625 0.29296875 0.037109375 0.291015625
0 0.4453125 0.1796875 0.443359375 0.181640625 0.44140625 0.181640625 0.44140625 0.185546875 0.4453125 0.189453125 0.44921875 0.185546875 0.44921875 0.181640625 0.447265625 0.1796875
0 0.748046875 0.099609375 0.74609375 0.1015625 0.74609375 0.107421875 0.75 0.111328125 0.75390625 0.111328125 0.755859375 0.109375 0.7578125 0.109375 0.759765625 0.107421875 0.759765625 0.1015625 0.7578125 0.1015625 0.755859375 0.099609375
1 0.181640625 0.951171875 0.1796875 0.953125 0.1796875 0.955078125 0.177734375 0.95703125 0.177734375 0.958984375 0.17578125 0.9609375 0.17578125 0.962890625 0.173828125 0.96484375 0.173828125 0.97265625 0.17578125 0.974609375 0.17578125 0.9765625 0.1796875 0.98046875 0.181640625 0.98046875 0.185546875 0.984375 0.1875 0.984375 0.189453125 0.986328125 0.193359375 0.986328125 0.197265625 0.982421875 0.197265625 0.98046875 0.19921875 0.978515625 0.19921875 0.966796875 0.197265625 0.96484375 0.197265625 0.962890625 0.1875 0.953125 0.18359375 0.953125
1 0.744140625 0.9375 0.744140625 0.939453125 0.7421875 0.94140625 0.7421875 0.9453125 0.74609375 0.94921875 0.748046875 0.947265625 0.75 0.947265625 0.751953125 0.9453125 0.751953125 0.939453125 0.75 0.9375
1 0.880859375 0.9296875 0.87890625 0.931640625 0.876953125 0.931640625 0.875 0.93359375 0.873046875 0.93359375 0.87109375 0.935546875 0.87109375 0.9375 0.869140625 0.939453125 0.869140625 0.94140625 0.8671875 0.943359375 0.8671875 0.947265625 0.873046875 0.953125 0.87890625 0.953125 0.880859375 0.951171875 0.888671875 0.951171875 0.890625 0.94921875 0.890625 0.935546875 0.888671875 0.93359375 0.888671875 0.931640625 0.88671875 0.931640625 0.884765625 0.9296875
1 0.33203125 0.853515625 0.330078125 0.85546875 0.330078125 0.857421875 0.328125 0.859375 0.328125 0.86328125 0.330078125 0.865234375 0.330078125 0.8671875 0.33203125 0.869140625 0.333984375 0.869140625 0.3359375 0.87109375 0.33984375 0.87109375 0.341796875 0.869140625 0.341796875 0.857421875 0.337890625 0.853515625
1 0.326171875 0.8046875 0.322265625 0.80859375 0.322265625 0.8125 0.32421875 0.814453125 0.330078125 0.814453125 0.33203125 0.8125 0.333984375 0.8125 0.333984375 0.806640625 0.33203125 0.8046875
1 0.146484375 0.787109375 0.142578125 0.791015625 0.142578125 0.794921875 0.146484375 0.798828125 0.1484375 0.798828125 0.150390625 0.80078125 0.154296875 0.80078125 0.158203125 0.796875 0.158203125 0.791015625 0.15625 0.7890625 0.15625 0.787109375
1 0.072265625 0.73046875 0.0703125 0.732421875 0.068359375 0.732421875 0.06640625 0.734375 0.06640625 0.74609375 0.068359375 0.748046875 0.0703125 0.748046875 0.072265625 0.75 0.083984375 0.75 0.0859375 0.748046875 0.0859375 0.736328125 0.083984375 0.734375 0.08203125 0.734375 0.080078125 0.732421875 0.076171875 0.732421875 0.07421875 0.73046875
1 0.98046875 0.580078125 0.98046875 0.58203125 0.978515625 0.583984375 0.98046875 0.5859375 0.98046875 0.587890625 0.982421875 0.58984375 0.986328125 0.58984375 0.98828125 0.587890625 0.98828125 0.58203125 0.986328125 0.580078125
1 0.951171875 0.57421875 0.947265625 0.578125 0.947265625 0.583984375 0.94921875 0.5859375 0.95703125 0.5859375 0.958984375 0.583984375 0.958984375 0.578125 0.955078125 0.57421875
1 0.9765625 0.37109375 0.974609375 0.373046875 0.974609375 0.38671875 0.9765625 0.388671875 0.978515625 0.38671875 0.982421875 0.38671875 0.986328125 0.3828125 0.986328125 0.380859375 0.98828125 0.37890625 0.98828125 0.376953125 0.986328125 0.375 0.986328125 0.373046875 0.984375 0.37109375
1 0.03515625 0.291015625 0.033203125 0.29296875 0.033203125 0.294921875 0.03125 0.296875 0.03125 0.30078125 0.033203125 0.302734375 0.033203125 0.3046875 0.03515625 0.306640625 0.0390625 0.306640625 0.04296875 0.302734375 0.04296875 0.296875 0.041015625 0.294921875 0.041015625 0.29296875 0.0390625 0.29296875 0.037109375 0.291015625
1 0.4453125 0.1796875 0.443359375 0.181640625 0.44140625 0.181640625 0.44140625 0.185546875 0.4453125 0.189453125 0.44921875 0.185546875 0.44921875 0.181640625 0.447265625 0.1796875
1 0.748046875 0.099609375 0.74609375 0.1015625 0.74609375 0.107421875 0.75 0.111328125 0.75390625 0.111328125 0.755859375 0.109375 0.7578125 0.109375 0.759765625 0.107421875 0.759765625 0.1015625 0.7578125 0.1015625 0.755859375 0.099609375
