0 0.658203125 0.955078125 0.65625 0.95703125 0.65625 0.958984375 0.654296875 0.9609375 0.65625 0.962890625 0.65625 0.966796875 0.658203125 0.96875 0.6640625 0.96875 0.666015625 0.966796875 0.666015625 0.9609375 0.66796875 0.958984375 0.66796875 0.95703125 0.666015625 0.955078125
0 0.5 0.94921875 0.498046875 0.951171875 0.49609375 0.951171875 0.49609375 0.958984375 0.498046875 0.9609375 0.50390625 0.9609375 0.505859375 0.958984375 0.505859375 0.953125 0.501953125 0.94921875
0 0.69140625 0.748046875 0.6875 0.751953125 0.6875 0.75390625 0.69140625 0.7578125 0.69921875 0.7578125 0.701171875 0.755859375 0.703125 0.755859375 0.703125 0.751953125 0.69921875 0.748046875
0 0.59765625 0.728515625 0.595703125 0.73046875 0.591796875 0.73046875 0.591796875 0.732421875 0.58984375 0.734375 0.587890625 0.734375 0.5859375 0.736328125 0.5859375 0.744140625 0.587890625 0.74609375 0.587890625 0.748046875 0.58984375 0.75 0.58984375 0.751953125 0.591796875 0.75390625 0.59375 0.75390625 0.595703125 0.755859375 0.609375 0.755859375 0.611328125 0.75390625 0.61328125 0.75390625 0.6171875 0.75 0.6171875 0.748046875 0.619140625 0.74609375 0.619140625 0.744140625 0.6171875 0.7421875 0.6171875 0.73828125 0.615234375 0.736328125 0.615234375 0.734375 0.61328125 0.732421875 0.611328125 0.732421875 0.609375 0.73046875 0.607421875 0.73046875 0.60546875 0.728515625
0 0.943359375 0.646484375 0.94140625 0.6484375 0.94140625 0.65234375 0.943359375 0.654296875 0.9453125 0.654296875 0.947265625 0.65234375 0.947265625 0.6484375 0.9453125 0.646484375
0 0.3671875 0.63671875 0.365234375 0.638671875 0.365234375 0.6484375 0.37109375 0.6484375 0.375 0.64453125 0.375 0.640625 0.37109375 0.63671875
0 0.373046875 0.458984375 0.37109375 0.4609375 0.37109375 0.46875 0.380859375 0.46875 0.3828125 0.466796875 0.3828125 0.46484375 0.380859375 0.462890625 0.380859375 0.4609375 0.37890625 0.458984375
0 0.91015625 0.431640625 0.908203125 0.43359375 0.908203125 0.435546875 0.91015625 0.4375 0.916015625 0.4375 0.91796875 0.435546875 0.91796875 0.43359375 0.916015625 0.43359375 0.9140625 0.431640625
0 0.775390625 0.39453125 0.775390625 0.40625 0.7734375 0.408203125 0.7734375 0.412109375 0.775390625 0.4140625 0.78515625 0.4140625 0.7890625 0.41015625 0.791015625 0.41015625 0.79296875 0.408203125 0.794921875 0.408203125 0.796875 0.40625 0.796875 0.400390625 0.791015625 0.39453125
0 0.859375 0.38671875 0.85546875 0.390625 0.85546875 0.39453125 0.857421875 0.396484375 0.859375 0.396484375 0.861328125 0.3984375 0.86328125 0.3984375 0.865234375 0.396484375 0.8671875 0.396484375 0.869140625 0.39453125 0.869140625 0.388671875 0.8671875 0.38671875
0 0.447265625 0.322265625 0.443359375 0.326171875 0.443359375 0.333984375 0.4453125 0.3359375 0.451171875 0.3359375 0.45703125 0.330078125 0.45703125 0.326171875 0.453125 0.322265625
0 0.5859375 0.177734375 0.583984375 0.1796875 0.580078125 0.1796875 0.578125 0.181640625 0.578125 0.18359375 0.58203125 0.1875 0.587890625 0.1875 0.58984375 0.185546875 0.58984375 0.1796875 0.587890625 0.177734375
0 0.203125 0.14453125 0.201171875 0.146484375 0.201171875 0.154296875 0.20703125 0.154296875 0.208984375 0.15234375 0.208984375 0.146484375 0.20703125 0.14453125
1 0.658203125 0.955078125 0.65625 0.95703125 0.65625 0.958984375 0.654296875 0.9609375 0.65625 0.962890625 0.65625 0.966796875 0.658203125 0.96875 0.6640625 0.96875 0.666015625 0.966796875 0.666015625 0.9609375 0.66796875 0.958984375 0.66796875 0.95703125 0.666015625 0.955078125
1 0.5 0.94921875 0.498046875 0.951171875 0.49609375 0.951171875 0.49609375 0.958984375 0.498046875 0.9609375 0.50390625 0.9609375 0.505859375 0.958984375 0.505859375 0.953125 0.501953125 0.94921875
1 0.69140625 0.748046875 0.6875 0.751953125 0.6875 0.75390625 0.69140625 0.7578125 0.69921875 0.7578125 0.701171875 0.755859375 0.703125 0.755859375 0.703125 0.751953125 0.69921875 0.748046875
1 0.59765625 0.728515625 0.595703125 0.73046875 0.591796875 0.73046875 0.591796875 0.732421875 0.58984375 0.734375 0.587890625 0.734375 0.5859375 0.736328125 0.5859375 0.744140625 0.587890625 0.74609375 0.587890625 0.748046875 0.58984375 0.75 0.58984375 0.751953125 0.591796875 0.75390625 0.59375 0.75390625 0.595703125 0.755859375 0.609375 0.755859375 0.611328125 0.75390625 0.61328125 0.75390625 0.6171875 0.75 0.6171875 0.748046875 0.619140625 0.74609375 0.619140625 0.744140625 0.6171875 0.7421875 0.6171875 0.73828125 0.615234375 0.736328125 0.615234375 0.734375 0.61328125 0.732421875 0.611328125 0.732421875 0.609375 0.73046875 0.607421875 0.73046875 0.60546875 0.728515625
1 0.943359375 0.646484375 0.94140625 0.6484375 0.94140625 0.65234375 0.943359375 0.654296875 0.9453125 0.654296875 0.947265625 0.65234375 0.947265625 0.6484375 0.9453125 0.646484375
1 0.3671875 0.63671875 0.365234375 0.638671875 0.365234375 0.6484375 0.37109375 0.6484375 0.375 0.64453125 0.375 0.640625 0.37109375 0.63671875
1 0.373046875 0.458984375 0.37109375 0.4609375 0.37109375 0.46875 0.380859375 0.46875 0.3828125 0.466796875 0.3828125 0.46484375 0.380859375 0.462890625 0.380859375 0.4609375 0.37890625 0.458984375
1 0.91015625 0.431640625 0.908203125 0.43359375 0.908203125 0.435546875 0.91015625 0.4375 0.916015625 0.4375 0.91796875 0.435546875 0.91796875 0.43359375 0.916015625 0.43359375 0.9140625 0.431640625
1 0.775390625 0.39453125 0.775390625 0.40625 0.7734375 0.408203125 0.7734375 0.412109375 0.775390625 0.4140625 0.78515625 0.4140625 0.7890625 0.41015625 0.791015625 0.41015625 0.79296875 0.408203125 0.794921875 0.408203125 0.796875 0.40625 0.796875 0.400390625 0.791015625 0.39453125
1 0.859375 0.38671875 0.85546875 0.390625 0.85546875 0.39453125 0.857421875 0.396484375 0.859375 0.396484375 0.861328125 0.3984375 0.86328125 0.3984375 0.865234375 0.396484375 0.8671875 0.396484375 0.869140625 0.39453125 0.869140625 0.388671875 0.8671875 0.38671875
1 0.447265625 0.322265625 0.443359375 0.326171875 0.443359375 0.333984375 0.4453125 0.3359375 0.451171875 0.3359375 0.45703125 0.330078125 0.45703125 0.326171875 0.453125 0.322265625
1 0.5859375 0.177734375 0.583984375 0.1796875 0.580078125 0.1796875 0.578125 0.181640625 0.578125 0.18359375 0.58203125 0.1875 0.587890625 0.1875 0.58984375 0.185546875 0.58984375 0.1796875 0.587890625 0.177734375
1 0.203125 0.14453125 0.201171875 0.146484375 0.201171875 0.154296875 0.20703125 0.154296875 0.208984375 0.15234375 0.208984375 0.146484375 0.20703125 0.14453125
