0 0.05859375 0.849609375 0.05859375 0.857421875 0.060546875 0.859375 0.064453125 0.85546875 0.064453125 0.8515625 0.0625 0.849609375
0 0.228515625 0.826171875 0.224609375 0.830078125 0.224609375 0.833984375 0.228515625 0.837890625 0.232421875 0.837890625 0.236328125 0.833984375 0.236328125 0.830078125 0.232421875 0.826171875
0 0.126953125 0.80078125 0.125 0.802734375 0.125 0.806640625 0.12890625 0.806640625 0.130859375 0.8046875
0 0.072265625 0.732421875 0.068359375 0.736328125 0.068359375 0.7421875 0.072265625 0.74609375 0.076171875 0.74609375 0.078125 0.744140625 0.078125 0.7421875 0.080078125 0.740234375 0.080078125 0.73828125 0.078125 0.736328125 0.078125 0.734375 0.076171875 0.734375 0.07421875 0.732421875
0 0.39453125 0.658203125 0.392578125 0.66015625 0.392578125 0.6640625 0.39453125 0.666015625 0.400390625 0.666015625 0.40234375 0.6640625 0.40234375 0.66015625 0.400390625 0.658203125
0 0.935546875 0.6484375 0.927734375 0.65625 0.927734375 0.66796875 0.931640625 0.671875 0.931640625 0.673828125 0.935546875 0.677734375 0.939453125 0.677734375 0.94140625 0.67578125 0.943359375 0.67578125 0.947265625 0.671875 0.947265625 0.669921875 0.94921875 0.66796875 0.94921875 0.65234375 0.947265625 0.650390625 0.9453125 0.650390625 0.943359375 0.65234375 0.94140625 0.65234375 0.9375 0.6484375
0 0.216796875 0.626953125 0.21484375 0.62890625 0.21484375 0.634765625 0.216796875 0.634765625 0.21875 0.63671875 0.220703125 0.63671875 0.22265625 0.634765625 0.224609375 0.634765625 0.2265625 0.6328125 0.2265625 0.630859375 0.224609375 0.62890625 0.224609375 0.626953125
0 0.58984375 0.61328125 0.583984375 0.619140625 0.583984375 0.625 0.5859375 0.626953125 0.5859375 0.62890625 0.58984375 0.6328125 0.59375 0.62890625 0.59375 0.626953125 0.595703125 0.625 0.595703125 0.619140625
0 0.6484375 0.595703125 0.64453125 0.599609375 0.64453125 0.6015625 0.642578125 0.603515625 0.642578125 0.607421875 0.64453125 0.609375 0.646484375 0.609375 0.6484375 0.611328125 0.65234375 0.611328125 0.654296875 0.609375 0.65625 0.609375 0.65625 0.60546875 0.658203125 0.603515625 0.658203125 0.599609375 0.65625 0.59765625 0.65625 0.595703125
0 0.009765625 0.57421875 0.0078125 0.576171875 0.0078125 0.578125 0.009765625 0.580078125 0.01171875 0.580078125 0.01171875 0.578125 0.013671875 0.576171875 0.01171875 0.57421875
0 0.787109375 0.55078125 0.78515625 0.552734375 0.78515625 0.556640625 0.787109375 0.55859375 0.787109375 0.560546875 0.7890625 0.560546875 0.79296875 0.556640625 0.79296875 0.5546875 0.7890625 0.55078125
0 0.2109375 0.529296875 0.208984375 0.53125 0.20703125 0.53125 0.20703125 0.5390625 0.208984375 0.541015625 0.21484375 0.541015625 0.21875 0.537109375 0.21875 0.53515625 0.216796875 0.533203125 0.216796875 0.53125 0.21484375 0.53125 0.212890625 0.529296875
0 0.748046875 0.525390625 0.748046875 0.53125 0.751953125 0.53125 0.75390625 0.529296875 0.75390625 0.525390625
0 0.611328125 0.48828125 0.609375 0.490234375 0.609375 0.494140625 0.611328125 0.49609375 0.615234375 0.49609375 0.6171875 0.494140625 0.6171875 0.490234375 0.615234375 0.48828125
0 0.048828125 0.4140625 0.046875 0.416015625 0.046875 0.419921875 0.05078125 0.423828125 0.0546875 0.423828125 0.056640625 0.421875 0.056640625 0.416015625 0.0546875 0.4140625
0 0.3671875 0.3984375 0.3671875 0.416015625 0.369140625 0.41796875 0.37109375 0.41796875 0.373046875 0.419921875 0.37890625 0.419921875 0.3828125 0.416015625 0.3828125 0.412109375 0.380859375 0.41015625 0.380859375 0.40625 0.37890625 0.404296875 0.37890625 0.40234375 0.375 0.3984375
0 0.251953125 0.392578125 0.251953125 0.39453125 0.25 0.396484375 0.25 0.40234375 0.25390625 0.40625 0.2578125 0.40625 0.259765625 0.404296875 0.259765625 0.40234375 0.26171875 0.400390625 0.26171875 0.3984375 0.259765625 0.396484375 0.259765625 0.39453125 0.2578125 0.392578125
0 0.904296875 0.3828125 0.900390625 0.38671875 0.900390625 0.388671875 0.90234375 0.390625 0.908203125 0.390625 0.91015625 0.388671875 0.91015625 0.384765625 0.908203125 0.3828125
0 0.037109375 0.251953125 0.033203125 0.255859375 0.033203125 0.263671875 0.03515625 0.265625 0.037109375 0.265625 0.0390625 0.267578125 0.041015625 0.267578125 0.04296875 0.265625 0.044921875 0.265625 0.046875 0.263671875 0.046875 0.26171875 0.048828125 0.259765625 0.048828125 0.2578125 0.046875 0.255859375 0.046875 0.25390625 0.044921875 0.251953125
0 0.947265625 0.25 0.9453125 0.251953125 0.9453125 0.255859375 0.947265625 0.2578125 0.953125 0.2578125 0.955078125 0.255859375 0.955078125 0.251953125 0.953125 0.25
0 0.890625 0.224609375 0.888671875 0.2265625 0.888671875 0.23046875 0.890625 0.232421875 0.892578125 0.232421875 0.89453125 0.23046875 0.89453125 0.228515625 0.892578125 0.2265625 0.892578125 0.224609375
0 0.947265625 0.1796875 0.943359375 0.18359375 0.943359375 0.1875 0.9453125 0.189453125 0.9453125 0.19140625 0.953125 0.19140625 0.953125 0.181640625 0.951171875 0.181640625 0.94921875 0.1796875
0 0.966796875 0.087890625 0.96484375 0.08984375 0.962890625 0.08984375 0.962890625 0.09765625 0.970703125 0.09765625 0.97265625 0.095703125 0.97265625 0.08984375 0.970703125 0.08984375 0.96875 0.087890625
1 0.05859375 0.849609375 0.05859375 0.857421875 0.060546875 0.859375 0.064453125 0.85546875 0.064453125 0.8515625 0.0625 0.849609375
1 0.228515625 0.826171875 0.224609375 0.830078125 0.224609375 0.833984375 0.228515625 0.837890625 0.232421875 0.837890625 0.236328125 0.833984375 0.236328125 0.830078125 0.232421875 0.826171875
1 0.126953125 0.80078125 0.125 0.802734375 0.125 0.806640625 0.12890625 0.806640625 0.130859375 0.8046875
1 0.072265625 0.732421875 0.068359375 0.736328125 0.068359375 0.7421875 0.072265625 0.74609375 0.076171875 0.74609375 0.078125 0.744140625 0.078125 0.7421875 0.080078125 0.740234375 0.080078125 0.73828125 0.078125 0.736328125 0.078125 0.734375 0.076171875 0.734375 0.07421875 0.732421875
1 0.39453125 0.658203125 0.392578125 0.66015625 0.392578125 0.6640625 0.39453125 0.666015625 0.400390625 0.666015625 0.40234375 0.6640625 0.40234375 0.66015625 0.400390625 0.658203125
1 0.935546875 0.6484375 0.927734375 0.65625 0.927734375 0.66796875 0.931640625 0.671875 0.931640625 0.673828125 0.935546875 0.677734375 0.939453125 0.677734375 0.94140625 0.67578125 0.943359375 0.67578125 0.947265625 0.671875 0.947265625 0.669921875 0.94921875 0.66796875 0.94921875 0.65234375 0.947265625 0.650390625 0.9453125 0.650390625 0.943359375 0.65234375 0.94140625 0.65234375 0.9375 0.6484375
1 0.216796875 0.626953125 0.21484375 0.62890625 0.21484375 0.634765625 0.216796875 0.634765625 0.21875 0.63671875 0.220703125 0.63671875 0.22265625 0.634765625 0.224609375 0.634765625 0.2265625 0.6328125 0.2265625 0.630859375 0.224609375 0.62890625 0.224609375 0.626953125
1 0.58984375 0.61328125 0.583984375 0.619140625 0.583984375 0.625 0.5859375 0.626953125 0.5859375 0.62890625 0.58984375 0.6328125 0.59375 0.62890625 0.59375 0.626953125 0.595703125 0.625 0.595703125 0.619140625
1 0.6484375 0.595703125 0.64453125 0.599609375 0.64453125 0.6015625 0.642578125 0.603515625 0.642578125 0.607421875 0.64453125 0.609375 0.646484375 0.609375 0.6484375 0.611328125 0.65234375 0.611328125 0.654296875 0.609375 0.65625 0.609375 0.65625 0.60546875 0.658203125 0.603515625 0.658203125 0.599609375 0.65625 0.59765625 0.65625 0.595703125
1 0.009765625 0.57421875 0.0078125 0.576171875 0.0078125 0.578125 0.009765625 0.580078125 0.01171875 0.580078125 0.01171875 0.578125 0.013671875 0.576171875 0.01171875 0.57421875
1 0.787109375 0.55078125 0.78515625 0.552734375 0.78515625 0.556640625 0.787109375 0.55859375 0.787109375 0.560546875 0.7890625 0.560546875 0.79296875 0.556640625 0.79296875 0.5546875 0.7890625 0.55078125
1 0.2109375 0.529296875 0.208984375 0.53125 0.20703125 0.53125 0.20703125 0.5390625 0.208984375 0.541015625 0.21484375 0.541015625 0.21875 0.537109375 0.21875 0.53515625 0.216796875 0.533203125 0.216796875 0.53125 0.21484375 0.53125 0.212890625 0.529296875
1 0.748046875 0.525390625 0.748046875 0.53125 0.751953125 0.53125 0.75390625 0.529296875 0.75390625 0.525390625
1 0.611328125 0.48828125 0.609375 0.490234375 0.609375 0.494140625 0.611328125 0.49609375 0.615234375 0.49609375 0.6171875 0.494140625 0.6171875 0.490234375 0.615234375 0.48828125
1 0.048828125 0.4140625 0.046875 0.416015625 0.046875 0.419921875 0.05078125 0.423828125 0.0546875 0.423828125 0.056640625 0.421875 0.056640625 0.416015625 0.0546875 0.4140625
1 0.3671875 0.3984375 0.3671875 0.416015625 0.369140625 0.41796875 0.37109375 0.41796875 0.373046875 0.419921875 0.37890625 0.419921875 0.3828125 0.416015625 0.3828125 0.412109375 0.380859375 0.41015625 0.380859375 0.40625 0.37890625 0.404296875 0.37890625 0.40234375 0.375 0.3984375
1 0.251953125 0.392578125 0.251953125 0.39453125 0.25 0.396484375 0.25 0.40234375 0.25390625 0.40625 0.2578125 0.40625 0.259765625 0.404296875 0.259765625 0.40234375 0.26171875 0.400390625 0.26171875 0.3984375 0.259765625 0.396484375 0.259765625 0.39453125 0.2578125 0.392578125
1 0.904296875 0.3828125 0.900390625 0.38671875 0.900390625 0.388671875 0.90234375 0.390625 0.908203125 0.390625 0.91015625 0.388671875 0.91015625 0.384765625 0.908203125 0.3828125
1 0.037109375 0.251953125 0.033203125 0.255859375 0.033203125 0.263671875 0.03515625 0.265625 0.037109375 0.265625 0.0390625 0.267578125 0.041015625 0.267578125 0.04296875 0.265625 0.044921875 0.265625 0.046875 0.263671875 0.046875 0.26171875 0.048828125 0.259765625 0.048828125 0.2578125 0.046875 0.255859375 0.046875 0.25390625 0.044921875 0.251953125
1 0.947265625 0.25 0.9453125 0.251953125 0.9453125 0.255859375 0.947265625 0.2578125 0.953125 0.2578125 0.955078125 0.255859375 0.955078125 0.251953125 0.953125 0.25
1 0.890625 0.224609375 0.888671875 0.2265625 0.888671875 0.23046875 0.890625 0.232421875 0.892578125 0.232421875 0.89453125 0.23046875 0.89453125 0.228515625 0.892578125 0.2265625 0.892578125 0.224609375
1 0.947265625 0.1796875 0.943359375 0.18359375 0.943359375 0.1875 0.9453125 0.189453125 0.9453125 0.19140625 0.953125 0.19140625 0.953125 0.181640625 0.951171875 0.181640625 0.94921875 0.1796875
1 0.966796875 0.087890625 0.96484375 0.08984375 0.962890625 0.08984375 0.962890625 0.09765625 0.970703125 0.09765625 0.97265625 0.095703125 0.97265625 0.08984375 0.970703125 0.08984375 0.96875 0.087890625
