0 0.94921875 0.962890625 0.947265625 0.96484375 0.947265625 0.974609375 0.94921875 0.9765625 0.955078125 0.9765625 0.95703125 0.974609375 0.95703125 0.966796875 0.953125 0.962890625
0 0.873046875 0.919921875 0.87109375 0.921875 0.869140625 0.921875 0.869140625 0.92578125 0.87109375 0.927734375 0.873046875 0.927734375 0.875 0.92578125 0.875 0.921875
0 0.64453125 0.814453125 0.64453125 0.81640625 0.642578125 0.818359375 0.642578125 0.826171875 0.64453125 0.828125 0.64453125 0.830078125 0.646484375 0.83203125 0.6484375 0.83203125 0.650390625 0.830078125 0.65234375 0.830078125 0.654296875 0.828125 0.654296875 0.81640625 0.65234375 0.814453125
0 0.521484375 0.7890625 0.513671875 0.796875 0.513671875 0.80859375 0.515625 0.80859375 0.517578125 0.810546875 0.51953125 0.810546875 0.521484375 0.8125 0.525390625 0.8125 0.529296875 0.80859375 0.529296875 0.806640625 0.53125 0.8046875 0.53125 0.798828125 0.529296875 0.796875 0.529296875 0.794921875 0.52734375 0.79296875 0.52734375 0.791015625 0.525390625 0.791015625 0.5234375 0.7890625
0 0.451171875 0.787109375 0.447265625 0.791015625 0.447265625 0.796875 0.44921875 0.798828125 0.453125 0.798828125 0.455078125 0.796875 0.455078125 0.7890625 0.453125 0.787109375
0 0.232421875 0.787109375 0.232421875 0.791015625 0.234375 0.79296875 0.236328125 0.79296875 0.23828125 0.791015625 0.23828125 0.7890625 0.236328125 0.787109375
0 0.4765625 0.755859375 0.474609375 0.7578125 0.474609375 0.765625 0.48046875 0.765625 0.482421875 0.763671875 0.482421875 0.759765625 0.48046875 0.7578125 0.48046875 0.755859375
0 0.794921875 0.701171875 0.79296875 0.703125 0.79296875 0.712890625 0.794921875 0.71484375 0.796875 0.71484375 0.798828125 0.716796875 0.80078125 0.71484375 0.802734375 0.71484375 0.802734375 0.703125 0.80078125 0.701171875
0 0.525390625 0.65234375 0.525390625 0.66015625 0.53125 0.66015625 0.533203125 0.658203125 0.533203125 0.654296875 0.53125 0.65234375
0 0.236328125 0.646484375 0.232421875 0.650390625 0.232421875 0.65234375 0.236328125 0.65625 0.240234375 0.65625 0.2421875 0.654296875 0.2421875 0.650390625 0.240234375 0.6484375 0.240234375 0.646484375
0 0.841796875 0.515625 0.83984375 0.517578125 0.837890625 0.517578125 0.837890625 0.52734375 0.83984375 0.529296875 0.845703125 0.529296875 0.84765625 0.52734375 0.84765625 0.525390625 0.849609375 0.5234375 0.849609375 0.521484375 0.84765625 0.51953125 0.84765625 0.517578125 0.845703125 0.515625
0 0.888671875 0.5078125 0.88671875 0.509765625 0.88671875 0.517578125 0.890625 0.517578125 0.892578125 0.515625 0.892578125 0.51171875
0 0.0078125 0.50390625 0.001953125 0.509765625 0.00390625 0.51171875 0.00390625 0.513671875 0.0078125 0.517578125 0.009765625 0.517578125 0.01171875 0.515625 0.013671875 0.515625 0.015625 0.513671875 0.015625 0.509765625 0.009765625 0.50390625
0 0.861328125 0.47265625 0.859375 0.474609375 0.859375 0.48046875 0.861328125 0.482421875 0.861328125 0.484375 0.86328125 0.484375 0.869140625 0.478515625 0.869140625 0.4765625 0.865234375 0.47265625
0 0.4921875 0.42578125 0.490234375 0.427734375 0.490234375 0.43359375 0.4921875 0.435546875 0.49609375 0.435546875 0.498046875 0.43359375 0.498046875 0.427734375 0.49609375 0.42578125
0 0.1328125 0.419921875 0.1328125 0.421875 0.130859375 0.423828125 0.130859375 0.42578125 0.1328125 0.427734375 0.1328125 0.4296875 0.134765625 0.431640625 0.138671875 0.431640625 0.142578125 0.427734375 0.142578125 0.421875 0.140625 0.419921875
0 0.05078125 0.4140625 0.048828125 0.416015625 0.048828125 0.41796875 0.046875 0.419921875 0.046875 0.421875 0.048828125 0.423828125 0.048828125 0.42578125 0.0546875 0.42578125 0.056640625 0.423828125 0.056640625 0.41796875 0.052734375 0.4140625
0 0.08984375 0.3828125 0.087890625 0.384765625 0.087890625 0.390625 0.08984375 0.392578125 0.095703125 0.392578125 0.09765625 0.390625 0.09765625 0.384765625 0.095703125 0.3828125
0 0.181640625 0.365234375 0.181640625 0.37109375 0.18359375 0.373046875 0.1875 0.369140625 0.1875 0.3671875 0.185546875 0.365234375
0 0.66796875 0.298828125 0.66796875 0.306640625 0.67578125 0.306640625 0.67578125 0.30078125 0.673828125 0.298828125
0 0.6640625 0.189453125 0.662109375 0.19140625 0.66015625 0.19140625 0.65625 0.1953125 0.65625 0.203125 0.654296875 0.205078125 0.654296875 0.208984375 0.65625 0.2109375 0.65625 0.21484375 0.658203125 0.216796875 0.662109375 0.216796875 0.6640625 0.21875 0.66796875 0.21875 0.669921875 0.216796875 0.671875 0.216796875 0.673828125 0.21484375 0.67578125 0.21484375 0.67578125 0.212890625 0.677734375 0.2109375 0.677734375 0.203125 0.67578125 0.201171875 0.67578125 0.193359375 0.673828125 0.19140625 0.671875 0.19140625 0.669921875 0.189453125
0 0.095703125 0.18359375 0.091796875 0.1875 0.091796875 0.193359375 0.09375 0.1953125 0.09375 0.197265625 0.095703125 0.197265625 0.09765625 0.19921875 0.099609375 0.19921875 0.1015625 0.197265625 0.103515625 0.197265625 0.10546875 0.1953125 0.10546875 0.19140625 0.107421875 0.189453125 0.10546875 0.1875 0.10546875 0.185546875 0.103515625 0.18359375
0 0.353515625 0.1328125 0.353515625 0.134765625 0.3515625 0.13671875 0.3515625 0.14453125 0.35546875 0.1484375 0.365234375 0.1484375 0.3671875 0.146484375 0.3671875 0.140625 0.365234375 0.138671875 0.365234375 0.13671875 0.36328125 0.134765625 0.359375 0.134765625 0.357421875 0.1328125
1 0.94921875 0.962890625 0.947265625 0.96484375 0.947265625 0.974609375 0.94921875 0.9765625 0.955078125 0.9765625 0.95703125 0.974609375 0.95703125 0.966796875 0.953125 0.962890625
1 0.873046875 0.919921875 0.87109375 0.921875 0.869140625 0.921875 0.869140625 0.92578125 0.87109375 0.927734375 0.873046875 0.927734375 0.875 0.92578125 0.875 0.921875
1 0.64453125 0.814453125 0.64453125 0.81640625 0.642578125 0.818359375 0.642578125 0.826171875 0.64453125 0.828125 0.64453125 0.830078125 0.646484375 0.83203125 0.6484375 0.83203125 0.650390625 0.830078125 0.65234375 0.830078125 0.654296875 0.828125 0.654296875 0.81640625 0.65234375 0.814453125
1 0.521484375 0.7890625 0.513671875 0.796875 0.513671875 0.80859375 0.515625 0.80859375 0.517578125 0.810546875 0.51953125 0.810546875 0.521484375 0.8125 0.525390625 0.8125 0.529296875 0.80859375 0.529296875 0.806640625 0.53125 0.8046875 0.53125 0.798828125 0.529296875 0.796875 0.529296875 0.794921875 0.52734375 0.79296875 0.52734375 0.791015625 0.525390625 0.791015625 0.5234375 0.7890625
1 0.451171875 0.787109375 0.447265625 0.791015625 0.447265625 0.796875 0.44921875 0.798828125 0.453125 0.798828125 0.455078125 0.796875 0.455078125 0.7890625 0.453125 0.787109375
1 0.232421875 0.787109375 0.232421875 0.791015625 0.234375 0.79296875 0.236328125 0.79296875 0.23828125 0.791015625 0.23828125 0.7890625 0.236328125 0.787109375
1 0.4765625 0.755859375 0.474609375 0.7578125 0.474609375 0.765625 0.48046875 0.765625 0.482421875 0.763671875 0.482421875 0.759765625 0.48046875 0.7578125 0.48046875 0.755859375
1 0.794921875 0.701171875 0.79296875 0.703125 0.79296875 0.712890625 0.794921875 0.71484375 0.796875 0.71484375 0.798828125 0.716796875 0.80078125 0.71484375 0.802734375 0.71484375 0.802734375 0.703125 0.80078125 0.701171875
1 0.525390625 0.65234375 0.525390625 0.66015625 0.53125 0.66015625 0.533203125 0.658203125 0.533203125 0.654296875 0.53125 0.65234375
1 0.236328125 0.646484375 0.232421875 0.650390625 0.232421875 0.65234375 0.236328125 0.65625 0.240234375 0.65625 0.2421875 0.654296875 0.2421875 0.650390625 0.240234375 0.6484375 0.240234375 0.646484375
1 0.841796875 0.515625 0.83984375 0.517578125 0.837890625 0.517578125 0.837890625 0.52734375 0.83984375 0.529296875 0.845703125 0.529296875 0.84765625 0.52734375 0.84765625 0.525390625 0.849609375 0.5234375 0.849609375 0.521484375 0.84765625 0.51953125 0.84765625 0.517578125 0.845703125 0.515625
1 0.888671875 0.5078125 0.88671875 0.509765625 0.88671875 0.517578125 0.890625 0.517578125 0.892578125 0.515625 0.892578125 0.51171875
1 0.0078125 0.50390625 0.001953125 0.509765625 0.00390625 0.51171875 0.00390625 0.513671875 0.0078125 0.517578125 0.009765625 0.517578125 0.01171875 0.515625 0.013671875 0.515625 0.015625 0.513671875 0.015625 0.509765625 0.009765625 0.50390625
1 0.861328125 0.47265625 0.859375 0.474609375 0.859375 0.48046875 0.861328125 0.482421875 0.861328125 0.484375 0.86328125 0.484375 0.869140625 0.478515625 0.869140625 0.4765625 0.865234375 0.47265625
1 0.4921875 0.42578125 0.490234375 0.427734375 0.490234375 0.43359375 0.4921875 0.435546875 0.49609375 0.435546875 0.498046875 0.43359375 0.498046875 0.427734375 0.49609375 0.42578125
1 0.1328125 0.419921875 0.1328125 0.421875 0.130859375 0.423828125 0.130859375 0.42578125 0.1328125 0.427734375 0.1328125 0.4296875 0.134765625 0.431640625 0.138671875 0.431640625 0.142578125 0.427734375 0.142578125 0.421875 0.140625 0.419921875
1 0.05078125 0.4140625 0.048828125 0.416015625 0.048828125 0.41796875 0.046875 0.419921875 0.046875 0.421875 0.048828125 0.423828125 0.048828125 0.42578125 0.0546875 0.42578125 0.056640625 0.423828125 0.056640625 0.41796875 0.052734375 0.4140625
1 0.08984375 0.3828125 0.087890625 0.384765625 0.087890625 0.390625 0.08984375 0.392578125 0.095703125 0.392578125 0.09765625 0.390625 0.09765625 0.384765625 0.095703125 0.3828125
1 0.181640625 0.365234375 0.181640625 0.37109375 0.18359375 0.373046875 0.1875 0.369140625 0.1875 0.3671875 0.185546875 0.365234375
1 0.66796875 0.298828125 0.66796875 0.306640625 0.67578125 0.306640625 0.67578125 0.30078125 0.673828125 0.298828125
1 0.6640625 0.189453125 0.662109375 0.19140625 0.66015625 0.19140625 0.65625 0.1953125 0.65625 0.203125 0.654296875 0.205078125 0.654296875 0.208984375 0.65625 0.2109375 0.65625 0.21484375 0.658203125 0.216796875 0.662109375 0.216796875 0.6640625 0.21875 0.66796875 0.21875 0.669921875 0.216796875 0.671875 0.216796875 0.673828125 0.21484375 0.67578125 0.21484375 0.67578125 0.212890625 0.677734375 0.2109375 0.677734375 0.203125 0.67578125 0.201171875 0.67578125 0.193359375 0.673828125 0.19140625 0.671875 0.19140625 0.669921875 0.189453125
1 0.095703125 0.18359375 0.091796875 0.1875 0.091796875 0.193359375 0.09375 0.1953125 0.09375 0.197265625 0.095703125 0.197265625 0.09765625 0.19921875 0.099609375 0.19921875 0.1015625 0.197265625 0.103515625 0.197265625 0.10546875 0.1953125 0.10546875 0.19140625 0.107421875 0.189453125 0.10546875 0.1875 0.10546875 0.185546875 0.103515625 0.18359375
1 0.353515625 0.1328125 0.353515625 0.134765625 0.3515625 0.13671875 0.3515625 0.14453125 0.35546875 0.1484375 0.365234375 0.1484375 0.3671875 0.146484375 0.3671875 0.140625 0.365234375 0.138671875 0.365234375 0.13671875 0.36328125 0.134765625 0.359375 0.134765625 0.357421875 0.1328125
