0 0.673828125 0.98046875 0.669921875 0.984375 0.669921875 0.990234375 0.671875 0.9921875 0.67578125 0.9921875 0.681640625 0.986328125 0.67578125 0.98046875
0 0.310546875 0.9765625 0.30859375 0.978515625 0.30859375 0.984375 0.310546875 0.986328125 0.3203125 0.986328125 0.3203125 0.98046875 0.31640625 0.9765625
0 0.892578125 0.966796875 0.888671875 0.970703125 0.8828125 0.970703125 0.8828125 0.97265625 0.880859375 0.974609375 0.880859375 0.986328125 0.8828125 0.98828125 0.8828125 0.9921875 0.888671875 0.998046875 0.90234375 0.998046875 0.912109375 0.98828125 0.912109375 0.986328125 0.9140625 0.984375 0.9140625 0.978515625 0.90625 0.970703125 0.90234375 0.970703125 0.900390625 0.96875 0.8984375 0.96875 0.896484375 0.966796875
0 0.517578125 0.9375 0.515625 0.939453125 0.513671875 0.939453125 0.513671875 0.955078125 0.515625 0.955078125 0.517578125 0.95703125 0.521484375 0.95703125 0.5234375 0.955078125 0.525390625 0.955078125 0.529296875 0.951171875 0.529296875 0.943359375 0.525390625 0.939453125 0.5234375 0.939453125 0.521484375 0.9375
0 0.376953125 0.9375 0.375 0.939453125 0.37109375 0.939453125 0.369140625 0.94140625 0.3671875 0.94140625 0.3671875 0.943359375 0.365234375 0.9453125 0.365234375 0.94921875 0.36328125 0.951171875 0.36328125 0.955078125 0.365234375 0.95703125 0.365234375 0.958984375 0.369140625 0.962890625 0.37109375 0.962890625 0.373046875 0.96484375 0.37890625 0.96484375 0.380859375 0.962890625 0.3828125 0.962890625 0.3828125 0.9609375 0.384765625 0.958984375 0.384765625 0.95703125 0.38671875 0.955078125 0.38671875 0.9453125 0.3828125 0.94140625 0.380859375 0.94140625
0 0.8828125 0.927734375 0.880859375 0.9296875 0.87890625 0.9296875 0.875 0.93359375 0.875 0.935546875 0.873046875 0.9375 0.873046875 0.939453125 0.875 0.94140625 0.875 0.947265625 0.876953125 0.94921875 0.890625 0.94921875 0.896484375 0.943359375 0.896484375 0.94140625 0.8984375 0.939453125 0.8984375 0.9375 0.890625 0.9296875 0.888671875 0.9296875 0.88671875 0.927734375
0 0.9453125 0.90625 0.94140625 0.91015625 0.94140625 0.91796875 0.939453125 0.919921875 0.939453125 0.92578125 0.94140625 0.92578125 0.943359375 0.927734375 0.943359375 0.9296875 0.94921875 0.9296875 0.951171875 0.927734375 0.953125 0.927734375 0.95703125 0.923828125 0.95703125 0.921875 0.958984375 0.919921875 0.958984375 0.91015625 0.95703125 0.91015625 0.955078125 0.908203125 0.953125 0.908203125 0.951171875 0.90625
0 0.23828125 0.904296875 0.236328125 0.90625 0.236328125 0.912109375 0.23828125 0.9140625 0.23828125 0.916015625 0.240234375 0.91796875 0.244140625 0.91796875 0.248046875 0.9140625 0.248046875 0.908203125 0.24609375 0.90625 0.24609375 0.904296875
0 0.015625 0.900390625 0.013671875 0.90234375 0.01171875 0.90234375 0.01171875 0.91015625 0.01953125 0.91015625 0.021484375 0.908203125 0.0234375 0.908203125 0.025390625 0.90625 0.025390625 0.90234375 0.0234375 0.900390625
0 0.72265625 0.873046875 0.72265625 0.875 0.716796875 0.880859375 0.716796875 0.8828125 0.72265625 0.888671875 0.7265625 0.888671875 0.73046875 0.884765625 0.73046875 0.876953125 0.728515625 0.875 0.7265625 0.875 0.724609375 0.873046875
0 0.1015625 0.8671875 0.099609375 0.869140625 0.099609375 0.876953125 0.1015625 0.87890625 0.115234375 0.87890625 0.1171875 0.876953125 0.1171875 0.873046875 0.111328125 0.8671875
0 0.349609375 0.8359375 0.34765625 0.837890625 0.34765625 0.84375 0.349609375 0.845703125 0.357421875 0.845703125 0.357421875 0.8359375
0 0.138671875 0.82421875 0.138671875 0.828125 0.13671875 0.830078125 0.13671875 0.837890625 0.138671875 0.83984375 0.138671875 0.841796875 0.146484375 0.841796875 0.150390625 0.837890625 0.150390625 0.830078125 0.1484375 0.828125 0.1484375 0.826171875 0.146484375 0.82421875
0 0.9453125 0.798828125 0.9453125 0.802734375 0.947265625 0.8046875 0.951171875 0.8046875 0.953125 0.802734375 0.953125 0.80078125 0.951171875 0.798828125
0 0.015625 0.787109375 0.013671875 0.7890625 0.01171875 0.7890625 0.0078125 0.79296875 0.0078125 0.798828125 0.009765625 0.798828125 0.01171875 0.80078125 0.015625 0.80078125 0.017578125 0.798828125 0.017578125 0.796875 0.01953125 0.794921875 0.01953125 0.7890625 0.017578125 0.787109375
0 0.189453125 0.73828125 0.1875 0.740234375 0.185546875 0.740234375 0.185546875 0.751953125 0.193359375 0.751953125 0.1953125 0.75 0.197265625 0.75 0.197265625 0.740234375 0.1953125 0.740234375 0.193359375 0.73828125
0 0.689453125 0.7109375 0.689453125 0.716796875 0.697265625 0.716796875 0.697265625 0.712890625 0.6953125 0.7109375
0 0.34375 0.70703125 0.341796875 0.708984375 0.341796875 0.716796875 0.34375 0.71875 0.349609375 0.71875 0.353515625 0.71484375 0.353515625 0.708984375 0.3515625 0.70703125
0 0.390625 0.69140625 0.388671875 0.693359375 0.38671875 0.693359375 0.38671875 0.6953125 0.384765625 0.697265625 0.384765625 0.701171875 0.38671875 0.701171875 0.388671875 0.703125 0.396484375 0.703125 0.3984375 0.701171875 0.400390625 0.701171875 0.400390625 0.693359375 0.3984375 0.69140625
0 0.201171875 0.6875 0.19921875 0.689453125 0.19921875 0.703125 0.201171875 0.705078125 0.20703125 0.705078125 0.2109375 0.701171875 0.2109375 0.697265625 0.208984375 0.6953125 0.208984375 0.69140625 0.20703125 0.689453125 0.20703125 0.6875
0 0.22265625 0.673828125 0.22265625 0.67578125 0.220703125 0.677734375 0.220703125 0.681640625 0.224609375 0.685546875 0.228515625 0.685546875 0.23046875 0.68359375 0.23046875 0.673828125
0 0.369140625 0.669921875 0.369140625 0.677734375 0.375 0.677734375 0.376953125 0.67578125 0.376953125 0.669921875
0 0.869140625 0.666015625 0.86328125 0.671875 0.86328125 0.67578125 0.865234375 0.677734375 0.873046875 0.677734375 0.875 0.67578125 0.875 0.669921875 0.87109375 0.666015625
0 0.115234375 0.658203125 0.115234375 0.66796875 0.1171875 0.669921875 0.12109375 0.669921875 0.123046875 0.66796875 0.125 0.66796875 0.126953125 0.666015625 0.126953125 0.662109375 0.123046875 0.658203125
0 0.76171875 0.63671875 0.76171875 0.638671875 0.759765625 0.640625 0.759765625 0.6484375 0.76171875 0.650390625 0.763671875 0.650390625 0.765625 0.65234375 0.767578125 0.65234375 0.771484375 0.6484375 0.771484375 0.640625 0.767578125 0.63671875
0 0.958984375 0.611328125 0.95703125 0.61328125 0.95703125 0.619140625 0.958984375 0.62109375 0.958984375 0.623046875 0.9609375 0.625 0.966796875 0.625 0.966796875 0.623046875 0.96875 0.62109375 0.970703125 0.62109375 0.970703125 0.61328125 0.96875 0.61328125 0.966796875 0.611328125
0 0.265625 0.611328125 0.263671875 0.61328125 0.263671875 0.619140625 0.265625 0.62109375 0.267578125 0.62109375 0.26953125 0.619140625 0.26953125 0.61328125 0.267578125 0.611328125
0 0.505859375 0.513671875 0.50390625 0.515625 0.501953125 0.515625 0.501953125 0.5234375 0.50390625 0.5234375 0.505859375 0.525390625 0.513671875 0.525390625 0.513671875 0.521484375 0.515625 0.51953125 0.515625 0.515625 0.513671875 0.513671875
0 0.80859375 0.328125 0.80859375 0.330078125 0.806640625 0.33203125 0.806640625 0.33984375 0.80859375 0.341796875 0.81640625 0.341796875 0.818359375 0.33984375 0.8203125 0.33984375 0.8203125 0.337890625 0.822265625 0.3359375 0.822265625 0.333984375 0.8203125 0.33203125 0.8203125 0.328125
1 0.673828125 0.98046875 0.669921875 0.984375 0.669921875 0.990234375 0.671875 0.9921875 0.67578125 0.9921875 0.681640625 0.986328125 0.67578125 0.98046875
1 0.310546875 0.9765625 0.30859375 0.978515625 0.30859375 0.984375 0.310546875 0.986328125 0.3203125 0.986328125 0.3203125 0.98046875 0.31640625 0.9765625
1 0.892578125 0.966796875 0.888671875 0.970703125 0.8828125 0.970703125 0.8828125 0.97265625 0.880859375 0.974609375 0.880859375 0.986328125 0.8828125 0.98828125 0.8828125 0.9921875 0.888671875 0.998046875 0.90234375 0.998046875 0.912109375 0.98828125 0.912109375 0.986328125 0.9140625 0.984375 0.9140625 0.978515625 0.90625 0.970703125 0.90234375 0.970703125 0.900390625 0.96875 0.8984375 0.96875 0.896484375 0.966796875
1 0.517578125 0.9375 0.515625 0.939453125 0.513671875 0.939453125 0.513671875 0.955078125 0.515625 0.955078125 0.517578125 0.95703125 0.521484375 0.95703125 0.5234375 0.955078125 0.525390625 0.955078125 0.529296875 0.951171875 0.529296875 0.943359375 0.525390625 0.939453125 0.5234375 0.939453125 0.521484375 0.9375
1 0.376953125 0.9375 0.375 0.939453125 0.37109375 0.939453125 0.369140625 0.94140625 0.3671875 0.94140625 0.3671875 0.943359375 0.365234375 0.9453125 0.365234375 0.94921875 0.36328125 0.951171875 0.36328125 0.955078125 0.365234375 0.95703125 0.365234375 0.958984375 0.369140625 0.962890625 0.37109375 0.962890625 0.373046875 0.96484375 0.37890625 0.96484375 0.380859375 0.962890625 0.3828125 0.962890625 0.3828125 0.9609375 0.384765625 0.958984375 0.384765625 0.95703125 0.38671875 0.955078125 0.38671875 0.9453125 0.3828125 0.94140625 0.380859375 0.94140625
1 0.8828125 0.927734375 0.880859375 0.9296875 0.87890625 0.9296875 0.875 0.93359375 0.875 0.935546875 0.873046875 0.9375 0.873046875 0.939453125 0.875 0.94140625 0.875 0.947265625 0.876953125 0.94921875 0.890625 0.94921875 0.896484375 0.943359375 0.896484375 0.94140625 0.8984375 0.939453125 0.8984375 0.9375 0.890625 0.9296875 0.888671875 0.9296875 0.88671875 0.927734375
1 0.9453125 0.90625 0.94140625 0.91015625 0.94140625 0.91796875 0.939453125 0.919921875 0.939453125 0.92578125 0.94140625 0.92578125 0.943359375 0.927734375 0.943359375 0.9296875 0.94921875 0.9296875 0.951171875 0.927734375 0.953125 0.927734375 0.95703125 0.923828125 0.95703125 0.921875 0.958984375 0.919921875 0.958984375 0.91015625 0.95703125 0.91015625 0.955078125 0.908203125 0.953125 0.908203125 0.951171875 0.90625
1 0.23828125 0.904296875 0.236328125 0.90625 0.236328125 0.912109375 0.23828125 0.9140625 0.23828125 0.916015625 0.240234375 0.91796875 0.244140625 0.91796875 0.248046875 0.9140625 0.248046875 0.908203125 0.24609375 0.90625 0.24609375 0.904296875
1 0.015625 0.900390625 0.013671875 0.90234375 0.01171875 0.90234375 0.01171875 0.91015625 0.01953125 0.91015625 0.021484375 0.908203125 0.0234375 0.908203125 0.025390625 0.90625 0.025390625 0.90234375 0.0234375 0.900390625
1 0.72265625 0.873046875 0.72265625 0.875 0.716796875 0.880859375 0.716796875 0.8828125 0.72265625 0.888671875 0.7265625 0.888671875 0.73046875 0.884765625 0.73046875 0.876953125 0.728515625 0.875 0.7265625 0.875 0.724609375 0.873046875
1 0.1015625 0.8671875 0.099609375 0.869140625 0.099609375 0.876953125 0.1015625 0.87890625 0.115234375 0.87890625 0.1171875 0.876953125 0.1171875 0.873046875 0.111328125 0.8671875
1 0.349609375 0.8359375 0.34765625 0.837890625 0.34765625 0.84375 0.349609375 0.845703125 0.357421875 0.845703125 0.357421875 0.8359375
1 0.138671875 0.82421875 0.138671875 0.828125 0.13671875 0.830078125 0.13671875 0.837890625 0.138671875 0.83984375 0.138671875 0.841796875 0.146484375 0.841796875 0.150390625 0.837890625 0.150390625 0.830078125 0.1484375 0.828125 0.1484375 0.826171875 0.146484375 0.82421875
1 0.9453125 0.798828125 0.9453125 0.802734375 0.947265625 0.8046875 0.951171875 0.8046875 0.953125 0.802734375 0.953125 0.80078125 0.951171875 0.798828125
1 0.015625 0.787109375 0.013671875 0.7890625 0.01171875 0.7890625 0.0078125 0.79296875 0.0078125 0.798828125 0.009765625 0.798828125 0.01171875 0.80078125 0.015625 0.80078125 0.017578125 0.798828125 0.017578125 0.796875 0.01953125 0.794921875 0.01953125 0.7890625 0.017578125 0.787109375
1 0.189453125 0.73828125 0.1875 0.740234375 0.185546875 0.740234375 0.185546875 0.751953125 0.193359375 0.751953125 0.1953125 0.75 0.197265625 0.75 0.197265625 0.740234375 0.1953125 0.740234375 0.193359375 0.73828125
1 0.689453125 0.7109375 0.689453125 0.716796875 0.697265625 0.716796875 0.697265625 0.712890625 0.6953125 0.7109375
1 0.34375 0.70703125 0.341796875 0.708984375 0.341796875 0.716796875 0.34375 0.71875 0.349609375 0.71875 0.353515625 0.71484375 0.353515625 0.708984375 0.3515625 0.70703125
1 0.390625 0.69140625 0.388671875 0.693359375 0.38671875 0.693359375 0.38671875 0.6953125 0.384765625 0.697265625 0.384765625 0.701171875 0.38671875 0.701171875 0.388671875 0.703125 0.396484375 0.703125 0.3984375 0.701171875 0.400390625 0.701171875 0.400390625 0.693359375 0.3984375 0.69140625
1 0.201171875 0.6875 0.19921875 0.689453125 0.19921875 0.703125 0.201171875 0.705078125 0.20703125 0.705078125 0.2109375 0.701171875 0.2109375 0.697265625 0.208984375 0.6953125 0.208984375 0.69140625 0.20703125 0.689453125 0.20703125 0.6875
1 0.22265625 0.673828125 0.22265625 0.67578125 0.220703125 0.677734375 0.220703125 0.681640625 0.224609375 0.685546875 0.228515625 0.685546875 0.23046875 0.68359375 0.23046875 0.673828125
1 0.369140625 0.669921875 0.369140625 0.677734375 0.375 0.677734375 0.376953125 0.67578125 0.376953125 0.669921875
1 0.869140625 0.666015625 0.86328125 0.671875 0.86328125 0.67578125 0.865234375 0.677734375 0.873046875 0.677734375 0.875 0.67578125 0.875 0.669921875 0.87109375 0.666015625
1 0.115234375 0.658203125 0.115234375 0.66796875 0.1171875 0.669921875 0.12109375 0.669921875 0.123046875 0.66796875 0.125 0.66796875 0.126953125 0.666015625 0.126953125 0.662109375 0.123046875 0.658203125
1 0.76171875 0.63671875 0.76171875 0.638671875 0.759765625 0.640625 0.759765625 0.6484375 0.76171875 0.650390625 0.763671875 0.650390625 0.765625 0.65234375 0.767578125 0.65234375 0.771484375 0.6484375 0.771484375 0.640625 0.767578125 0.63671875
1 0.958984375 0.611328125 0.95703125 0.61328125 0.95703125 0.619140625 0.958984375 0.62109375 0.958984375 0.623046875 0.9609375 0.625 0.966796875 0.625 0.966796875 0.623046875 0.96875 0.62109375 0.970703125 0.62109375 0.970703125 0.61328125 0.96875 0.61328125 0.966796875 0.611328125
1 0.265625 0.611328125 0.263671875 0.61328125 0.263671875 0.619140625 0.265625 0.62109375 0.267578125 0.62109375 0.26953125 0.619140625 0.26953125 0.61328125 0.267578125 0.611328125
1 0.505859375 0.513671875 0.50390625 0.515625 0.501953125 0.515625 0.501953125 0.5234375 0.50390625 0.5234375 0.505859375 0.525390625 0.513671875 0.525390625 0.513671875 0.521484375 0.515625 0.51953125 0.515625 0.515625 0.513671875 0.513671875
1 0.80859375 0.328125 0.80859375 0.330078125 0.806640625 0.33203125 0.806640625 0.33984375 0.80859375 0.341796875 0.81640625 0.341796875 0.818359375 0.33984375 0.8203125 0.33984375 0.8203125 0.337890625 0.822265625 0.3359375 0.822265625 0.333984375 0.8203125 0.33203125 0.8203125 0.328125
