0 0.669921875 0.935546875 0.6640625 0.94140625 0.6640625 0.947265625 0.666015625 0.94921875 0.666015625 0.951171875 0.66796875 0.953125 0.66796875 0.95703125 0.669921875 0.958984375 0.669921875 0.9609375 0.671875 0.962890625 0.6796875 0.962890625 0.681640625 0.9609375 0.681640625 0.958984375 0.68359375 0.95703125 0.68359375 0.94921875 0.685546875 0.947265625 0.685546875 0.939453125 0.681640625 0.935546875
0 0.78125 0.916015625 0.779296875 0.91796875 0.779296875 0.921875 0.78125 0.923828125 0.78125 0.92578125 0.78515625 0.9296875 0.791015625 0.9296875 0.79296875 0.927734375 0.79296875 0.91796875 0.791015625 0.916015625
0 0.74609375 0.908203125 0.7421875 0.912109375 0.7421875 0.9140625 0.74609375 0.91796875 0.74609375 0.919921875 0.75390625 0.919921875 0.755859375 0.91796875 0.755859375 0.916015625 0.7578125 0.9140625 0.751953125 0.908203125
0 0.427734375 0.865234375 0.423828125 0.869140625 0.421875 0.869140625 0.419921875 0.87109375 0.419921875 0.876953125 0.421875 0.87890625 0.423828125 0.87890625 0.42578125 0.880859375 0.4296875 0.880859375 0.431640625 0.87890625 0.43359375 0.87890625 0.4375 0.875 0.4375 0.869140625 0.43359375 0.865234375
0 0.7734375 0.69140625 0.767578125 0.697265625 0.767578125 0.701171875 0.76953125 0.703125 0.76953125 0.705078125 0.779296875 0.705078125 0.783203125 0.701171875 0.783203125 0.697265625 0.779296875 0.693359375 0.77734375 0.693359375 0.775390625 0.69140625
0 0.73828125 0.677734375 0.736328125 0.6796875 0.736328125 0.6953125 0.7421875 0.701171875 0.744140625 0.701171875 0.74609375 0.69921875 0.748046875 0.69921875 0.748046875 0.697265625 0.751953125 0.693359375 0.751953125 0.689453125 0.75 0.6875 0.75 0.68359375 0.74609375 0.6796875 0.744140625 0.6796875 0.7421875 0.677734375
0 0.78515625 0.662109375 0.783203125 0.6640625 0.78125 0.6640625 0.775390625 0.669921875 0.775390625 0.67578125 0.779296875 0.6796875 0.796875 0.6796875 0.80078125 0.67578125 0.80078125 0.666015625 0.798828125 0.6640625 0.798828125 0.662109375
0 0.744140625 0.650390625 0.7421875 0.65234375 0.7421875 0.658203125 0.748046875 0.6640625 0.75 0.6640625 0.75390625 0.66015625 0.75390625 0.65625 0.755859375 0.654296875 0.75390625 0.65234375 0.751953125 0.65234375 0.75 0.650390625
0 0.01171875 0.646484375 0.00390625 0.654296875 0.005859375 0.65625 0.009765625 0.65625 0.01171875 0.658203125 0.01953125 0.658203125 0.021484375 0.65625 0.021484375 0.650390625 0.017578125 0.646484375
0 0.845703125 0.578125 0.845703125 0.580078125 0.84375 0.58203125 0.84375 0.587890625 0.845703125 0.58984375 0.849609375 0.58984375 0.8515625 0.587890625 0.8515625 0.5859375 0.853515625 0.583984375 0.853515625 0.58203125 0.8515625 0.580078125 0.8515625 0.578125
0 0.97265625 0.576171875 0.97265625 0.578125 0.970703125 0.580078125 0.970703125 0.583984375 0.97265625 0.5859375 0.9765625 0.5859375 0.978515625 0.583984375 0.978515625 0.578125 0.9765625 0.576171875
0 0.849609375 0.537109375 0.845703125 0.541015625 0.845703125 0.54296875 0.84375 0.544921875 0.845703125 0.546875 0.845703125 0.548828125 0.84765625 0.548828125 0.849609375 0.55078125 0.8515625 0.55078125 0.853515625 0.548828125 0.85546875 0.548828125 0.857421875 0.546875 0.857421875 0.541015625 0.853515625 0.537109375
0 0.8828125 0.18359375 0.8828125 0.185546875 0.880859375 0.1875 0.8828125 0.189453125 0.8828125 0.19140625 0.884765625 0.193359375 0.88671875 0.193359375 0.888671875 0.19140625 0.888671875 0.185546875 0.88671875 0.18359375
0 0.96484375 0.08984375 0.962890625 0.091796875 0.958984375 0.091796875 0.955078125 0.095703125 0.953125 0.095703125 0.951171875 0.09765625 0.951171875 0.103515625 0.94921875 0.10546875 0.94921875 0.109375 0.955078125 0.115234375 0.95703125 0.115234375 0.962890625 0.12109375 0.97265625 0.12109375 0.974609375 0.123046875 0.98046875 0.123046875 0.982421875 0.12109375 0.984375 0.12109375 0.990234375 0.115234375 0.990234375 0.107421875 0.98828125 0.10546875 0.986328125 0.10546875 0.982421875 0.1015625 0.982421875 0.09765625 0.98046875 0.095703125 0.98046875 0.091796875 0.978515625 0.08984375
0 0.982421875 0.076171875 0.98046875 0.078125 0.98046875 0.08203125 0.984375 0.08203125 0.986328125 0.080078125
1 0.669921875 0.935546875 0.6640625 0.94140625 0.6640625 0.947265625 0.666015625 0.94921875 0.666015625 0.951171875 0.66796875 0.953125 0.66796875 0.95703125 0.669921875 0.958984375 0.669921875 0.9609375 0.671875 0.962890625 0.6796875 0.962890625 0.681640625 0.9609375 0.681640625 0.958984375 0.68359375 0.95703125 0.68359375 0.94921875 0.685546875 0.947265625 0.685546875 0.939453125 0.681640625 0.935546875
1 0.78125 0.916015625 0.779296875 0.91796875 0.779296875 0.921875 0.78125 0.923828125 0.78125 0.92578125 0.78515625 0.9296875 0.791015625 0.9296875 0.79296875 0.927734375 0.79296875 0.91796875 0.791015625 0.916015625
1 0.74609375 0.908203125 0.7421875 0.912109375 0.7421875 0.9140625 0.74609375 0.91796875 0.74609375 0.919921875 0.75390625 0.919921875 0.755859375 0.91796875 0.755859375 0.916015625 0.7578125 0.9140625 0.751953125 0.908203125
1 0.427734375 0.865234375 0.423828125 0.869140625 0.421875 0.869140625 0.419921875 0.87109375 0.419921875 0.876953125 0.421875 0.87890625 0.423828125 0.87890625 0.42578125 0.880859375 0.4296875 0.880859375 0.431640625 0.87890625 0.43359375 0.87890625 0.4375 0.875 0.4375 0.869140625 0.43359375 0.865234375
1 0.7734375 0.69140625 0.767578125 0.697265625 0.767578125 0.701171875 0.76953125 0.703125 0.76953125 0.705078125 0.779296875 0.705078125 0.783203125 0.701171875 0.783203125 0.697265625 0.779296875 0.693359375 0.77734375 0.693359375 0.775390625 0.69140625
1 0.73828125 0.677734375 0.736328125 0.6796875 0.736328125 0.6953125 0.7421875 0.701171875 0.744140625 0.701171875 0.74609375 0.69921875 0.748046875 0.69921875 0.748046875 0.697265625 0.751953125 0.693359375 0.751953125 0.689453125 0.75 0.6875 0.75 0.68359375 0.74609375 0.6796875 0.744140625 0.6796875 0.7421875 0.677734375
1 0.78515625 0.662109375 0.783203125 0.6640625 0.78125 0.6640625 0.775390625 0.669921875 0.775390625 0.67578125 0.779296875 0.6796875 0.796875 0.6796875 0.80078125 0.67578125 0.80078125 0.666015625 0.798828125 0.6640625 0.798828125 0.662109375
1 0.744140625 0.650390625 0.7421875 0.65234375 0.7421875 0.658203125 0.748046875 0.6640625 0.75 0.6640625 0.75390625 0.66015625 0.75390625 0.65625 0.755859375 0.654296875 0.75390625 0.65234375 0.751953125 0.65234375 0.75 0.650390625
1 0.01171875 0.646484375 0.00390625 0.654296875 0.005859375 0.65625 0.009765625 0.65625 0.01171875 0.658203125 0.01953125 0.658203125 0.021484375 0.65625 0.021484375 0.650390625 0.017578125 0.646484375
1 0.845703125 0.578125 0.845703125 0.580078125 0.84375 0.58203125 0.84375 0.587890625 0.845703125 0.58984375 0.849609375 0.58984375 0.8515625 0.587890625 0.8515625 0.5859375 0.853515625 0.583984375 0.853515625 0.58203125 0.8515625 0.580078125 0.8515625 0.578125
1 0.97265625 0.576171875 0.97265625 0.578125 0.970703125 0.580078125 0.970703125 0.583984375 0.97265625 0.5859375 0.9765625 0.5859375 0.978515625 0.583984375 0.978515625 0.578125 0.9765625 0.576171875
1 0.849609375 0.537109375 0.845703125 0.541015625 0.845703125 0.54296875 0.84375 0.544921875 0.845703125 0.546875 0.845703125 0.548828125 0.84765625 0.548828125 0.849609375 0.55078125 0.8515625 0.55078125 0.853515625 0.548828125 0.85546875 0.548828125 0.857421875 0.546875 0.857421875 0.541015625 0.853515625 0.537109375
1 0.8828125 0.18359375 0.8828125 0.185546875 0.880859375 0.1875 0.8828125 0.189453125 0.8828125 0.19140625 0.884765625 0.193359375 0.88671875 0.193359375 0.888671875 0.19140625 0.888671875 0.185546875 0.88671875 0.18359375
1 0.96484375 0.08984375 0.962890625 0.091796875 0.958984375 0.091796875 0.955078125 0.095703125 0.953125 0.095703125 0.951171875 0.09765625 0.951171875 0.103515625 0.94921875 0.10546875 0.94921875 0.109375 0.955078125 0.115234375 0.95703125 0.115234375 0.962890625 0.12109375 0.97265625 0.12109375 0.974609375 0.123046875 0.98046875 0.123046875 0.982421875 0.12109375 0.984375 0.12109375 0.990234375 0.115234375 0.990234375 0.107421875 0.98828125 0.10546875 0.986328125 0.10546875 0.982421875 0.1015625 0.982421875 0.09765625 0.98046875 0.095703125 0.98046875 0.091796875 0.978515625 0.08984375
1 0.982421875 0.076171875 0.98046875 0.078125 0.98046875 0.08203125 0.984375 0.08203125 0.986328125 0.080078125
