0 0.8281250000 0.2500000000 0.8250000000 0.2531250000 0.8250000000 0.2687500000 0.8281250000 0.2718750000 0.8437500000 0.2718750000 0.8468750000 0.2687500000 0.8468750000 0.2625000000 0.8500000000 0.2593750000 0.8500000000 0.2531250000 0.8468750000 0.2531250000 0.8437500000 0.2500000000
0 0.4281250000 0.2750000000 0.4250000000 0.2781250000 0.4250000000 0.3031250000 0.4312500000 0.3093750000 0.4343750000 0.3093750000 0.4375000000 0.3062500000 0.4437500000 0.3062500000 0.4468750000 0.3031250000 0.4468750000 0.3000000000 0.4500000000 0.2968750000 0.4531250000 0.2968750000 0.4562500000 0.2937500000 0.4562500000 0.2906250000 0.4468750000 0.2812500000 0.4468750000 0.2781250000 0.4437500000 0.2750000000
0 0.1531250000 0.6250000000 0.1500000000 0.6281250000 0.1500000000 0.6437500000 0.1531250000 0.6468750000 0.1687500000 0.6468750000 0.1718750000 0.6437500000 0.1718750000 0.6406250000 0.1750000000 0.6375000000 0.1750000000 0.6343750000 0.1781250000 0.6312500000 0.1812500000 0.6312500000 0.1812500000 0.6281250000 0.1750000000 0.6281250000 0.1718750000 0.6250000000
0 0.2531250000 0.0500000000 0.2500000000 0.0531250000 0.2500000000 0.0812500000 0.2531250000 0.0843750000 0.2593750000 0.0843750000 0.2625000000 0.0812500000 0.2656250000 0.0812500000 0.2687500000 0.0781250000 0.2687500000 0.0750000000 0.2718750000 0.0718750000 0.2718750000 0.0531250000 0.2687500000 0.0500000000
0 0.9531250000 0.6250000000 0.9500000000 0.6281250000 0.9500000000 0.6562500000 0.9531250000 0.6593750000 0.9687500000 0.6593750000 0.9718750000 0.6562500000 0.9718750000 0.6281250000 0.9687500000 0.6250000000
0 0.7781250000 0.2875000000 0.7750000000 0.2906250000 0.7750000000 0.3156250000 0.7812500000 0.3218750000 0.7937500000 0.3218750000 0.7968750000 0.3187500000 0.7968750000 0.3156250000 0.8062500000 0.3062500000 0.8062500000 0.3000000000 0.8031250000 0.2968750000 0.8031250000 0.2937500000 0.8000000000 0.2906250000 0.7968750000 0.2906250000 0.7937500000 0.2875000000
0 0.9031250000 0.7000000000 0.9000000000 0.7031250000 0.9000000000 0.7156250000 0.9031250000 0.7187500000 0.9125000000 0.7187500000 0.9156250000 0.7156250000 0.9187500000 0.7156250000 0.9281250000 0.7062500000 0.9312500000 0.7062500000 0.9312500000 0.7031250000 0.9250000000 0.7031250000 0.9218750000 0.7000000000
0 0.7156250000 0.9500000000 0.7125000000 0.9531250000 0.7125000000 0.9718750000 0.7156250000 0.9750000000 0.7156250000 0.9781250000 0.7187500000 0.9781250000 0.7218750000 0.9750000000 0.7250000000 0.9750000000 0.7281250000 0.9718750000 0.7312500000 0.9718750000 0.7343750000 0.9687500000 0.7343750000 0.9531250000 0.7312500000 0.9500000000
0 0.2656250000 0.9125000000 0.2625000000 0.9156250000 0.2625000000 0.9437500000 0.2656250000 0.9468750000 0.2812500000 0.9468750000 0.2843750000 0.9437500000 0.2843750000 0.9281250000 0.2812500000 0.9250000000 0.2781250000 0.9250000000 0.2718750000 0.9187500000 0.2718750000 0.9156250000 0.2687500000 0.9125000000
0 0.7406250000 0.2375000000 0.7375000000 0.2406250000 0.7375000000 0.2562500000 0.7406250000 0.2593750000 0.7437500000 0.2593750000 0.7468750000 0.2562500000 0.7468750000 0.2531250000 0.7562500000 0.2437500000 0.7562500000 0.2406250000 0.7531250000 0.2375000000
0 0.7656250000 0.9625000000 0.7625000000 0.9656250000 0.7625000000 0.9968750000 0.7843750000 0.9968750000 0.7843750000 0.9656250000 0.7812500000 0.9625000000
0 0.8406250000 0.8625000000 0.8375000000 0.8656250000 0.8375000000 0.8718750000 0.8406250000 0.8750000000 0.8406250000 0.8781250000 0.8437500000 0.8781250000 0.8468750000 0.8750000000 0.8500000000 0.8750000000 0.8562500000 0.8687500000 0.8562500000 0.8656250000 0.8531250000 0.8625000000
0 0.0906250000 0.5250000000 0.0875000000 0.5281250000 0.0875000000 0.5437500000 0.0906250000 0.5468750000 0.1062500000 0.5468750000 0.1093750000 0.5437500000 0.1093750000 0.5281250000 0.1062500000 0.5250000000
0 0.0656250000 0.0250000000 0.0625000000 0.0281250000 0.0625000000 0.0437500000 0.0656250000 0.0468750000 0.0812500000 0.0468750000 0.0843750000 0.0437500000 0.0843750000 0.0281250000 0.0812500000 0.0250000000
0 0.0281250000 0.0625000000 0.0250000000 0.0656250000 0.0250000000 0.0812500000 0.0281250000 0.0843750000 0.0343750000 0.0843750000 0.0468750000 0.0718750000 0.0468750000 0.0656250000 0.0437500000 0.0625000000
0 0.4531250000 0.2375000000 0.4500000000 0.2406250000 0.4500000000 0.2687500000 0.4531250000 0.2718750000 0.4562500000 0.2718750000 0.4718750000 0.2562500000 0.4718750000 0.2500000000 0.4750000000 0.2468750000 0.4750000000 0.2406250000 0.4718750000 0.2406250000 0.4687500000 0.2375000000
0 0.6406250000 0.4250000000 0.6375000000 0.4281250000 0.6375000000 0.4562500000 0.6406250000 0.4593750000 0.6562500000 0.4593750000 0.6593750000 0.4562500000 0.6593750000 0.4531250000 0.6656250000 0.4468750000 0.6687500000 0.4468750000 0.6718750000 0.4437500000 0.6718750000 0.4406250000 0.6687500000 0.4375000000 0.6687500000 0.4343750000 0.6625000000 0.4281250000 0.6593750000 0.4281250000 0.6562500000 0.4250000000
0 0.1406250000 0.7125000000 0.1375000000 0.7156250000 0.1375000000 0.7312500000 0.1406250000 0.7343750000 0.1562500000 0.7343750000 0.1593750000 0.7312500000 0.1593750000 0.7156250000 0.1562500000 0.7125000000
0 0.1031250000 0.0375000000 0.1000000000 0.0406250000 0.1000000000 0.0593750000 0.1031250000 0.0625000000 0.1031250000 0.0656250000 0.1062500000 0.0656250000 0.1093750000 0.0625000000 0.1125000000 0.0625000000 0.1156250000 0.0593750000 0.1187500000 0.0593750000 0.1218750000 0.0562500000 0.1218750000 0.0406250000 0.1187500000 0.0375000000
0 0.9031250000 0.6625000000 0.9000000000 0.6656250000 0.9000000000 0.6812500000 0.9031250000 0.6843750000 0.9187500000 0.6843750000 0.9218750000 0.6812500000 0.9218750000 0.6656250000 0.9187500000 0.6625000000
0 0.1906250000 0.7375000000 0.1875000000 0.7406250000 0.1875000000 0.7437500000 0.1906250000 0.7468750000 0.1906250000 0.7500000000 0.1937500000 0.7500000000 0.2000000000 0.7437500000 0.2000000000 0.7406250000 0.1968750000 0.7406250000 0.1937500000 0.7375000000
0 0.1406250000 0.5250000000 0.1375000000 0.5281250000 0.1375000000 0.5562500000 0.1406250000 0.5593750000 0.1562500000 0.5593750000 0.1593750000 0.5562500000 0.1593750000 0.5500000000 0.1625000000 0.5468750000 0.1625000000 0.5375000000 0.1593750000 0.5343750000 0.1593750000 0.5281250000 0.1562500000 0.5250000000
0 0.4656250000 0.4375000000 0.4625000000 0.4406250000 0.4625000000 0.4437500000 0.4656250000 0.4468750000 0.4687500000 0.4468750000 0.4718750000 0.4437500000 0.4718750000 0.4406250000 0.4687500000 0.4375000000
0 0.7656250000 0.7125000000 0.7625000000 0.7156250000 0.7625000000 0.7187500000 0.7656250000 0.7218750000 0.7687500000 0.7218750000 0.7718750000 0.7187500000 0.7718750000 0.7156250000 0.7687500000 0.7125000000
0 0.3781250000 0.3000000000 0.3750000000 0.3031250000 0.3750000000 0.3187500000 0.3781250000 0.3218750000 0.3812500000 0.3218750000 0.3843750000 0.3187500000 0.3843750000 0.3156250000 0.3937500000 0.3062500000 0.3937500000 0.3031250000 0.3875000000 0.3031250000 0.3843750000 0.3000000000
0 0.1781250000 0.5625000000 0.1750000000 0.5656250000 0.1750000000 0.5750000000 0.1781250000 0.5781250000 0.1781250000 0.5812500000 0.1812500000 0.5812500000 0.1937500000 0.5687500000 0.1937500000 0.5656250000 0.1906250000 0.5625000000
0 0.1312500000 0.8750000000 0.1250000000 0.8812500000 0.1250000000 0.8937500000 0.1281250000 0.8968750000 0.1406250000 0.8968750000 0.1468750000 0.8906250000 0.1468750000 0.8812500000 0.1406250000 0.8750000000
0 0.0656250000 0.9625000000 0.0625000000 0.9656250000 0.0625000000 0.9812500000 0.0656250000 0.9843750000 0.0812500000 0.9843750000 0.0843750000 0.9812500000 0.0843750000 0.9781250000 0.0937500000 0.9687500000 0.0937500000 0.9656250000 0.0906250000 0.9656250000 0.0875000000 0.9625000000
0 0.3406250000 0.4625000000 0.3375000000 0.4656250000 0.3375000000 0.4812500000 0.3406250000 0.4843750000 0.3687500000 0.4843750000 0.3718750000 0.4812500000 0.3718750000 0.4781250000 0.3687500000 0.4750000000 0.3656250000 0.4750000000 0.3593750000 0.4687500000 0.3593750000 0.4656250000 0.3562500000 0.4625000000
0 0.8156250000 0.7125000000 0.8125000000 0.7156250000 0.8125000000 0.7187500000 0.8156250000 0.7218750000 0.8187500000 0.7218750000 0.8218750000 0.7187500000 0.8218750000 0.7156250000 0.8187500000 0.7125000000
0 0.5656250000 0.1750000000 0.5625000000 0.1781250000 0.5625000000 0.1812500000 0.5656250000 0.1843750000 0.5687500000 0.1843750000 0.5718750000 0.1812500000 0.5718750000 0.1781250000 0.5687500000 0.1750000000
0 0.3156250000 0.4875000000 0.3125000000 0.4906250000 0.3125000000 0.5062500000 0.3156250000 0.5093750000 0.3187500000 0.5093750000 0.3218750000 0.5062500000 0.3218750000 0.5000000000 0.3250000000 0.4968750000 0.3250000000 0.4906250000 0.3218750000 0.4906250000 0.3187500000 0.4875000000
0 0.5906250000 0.8375000000 0.5875000000 0.8406250000 0.5875000000 0.8562500000 0.5906250000 0.8593750000 0.6062500000 0.8593750000 0.6187500000 0.8468750000 0.6187500000 0.8406250000 0.6156250000 0.8406250000 0.6125000000 0.8375000000
0 0.7656250000 0.4500000000 0.7625000000 0.4531250000 0.7625000000 0.4593750000 0.7656250000 0.4625000000 0.7656250000 0.4656250000 0.7687500000 0.4656250000 0.7687500000 0.4625000000 0.7718750000 0.4593750000 0.7718750000 0.4531250000 0.7687500000 0.4500000000
0 0.0406250000 0.6250000000 0.0375000000 0.6281250000 0.0375000000 0.6562500000 0.0406250000 0.6593750000 0.0562500000 0.6593750000 0.0625000000 0.6531250000 0.0625000000 0.6312500000 0.0562500000 0.6250000000
0 0.5562500000 0.4625000000 0.5500000000 0.4687500000 0.5500000000 0.4937500000 0.5531250000 0.4968750000 0.5562500000 0.4968750000 0.5718750000 0.4812500000 0.5718750000 0.4781250000 0.5687500000 0.4750000000 0.5687500000 0.4718750000 0.5656250000 0.4718750000
0 0.0906250000 0.8375000000 0.0875000000 0.8406250000 0.0875000000 0.8437500000 0.0906250000 0.8468750000 0.0937500000 0.8468750000 0.0968750000 0.8437500000 0.0968750000 0.8406250000 0.0937500000 0.8375000000
0 0.6781250000 0.5000000000 0.6750000000 0.5031250000 0.6750000000 0.5187500000 0.6781250000 0.5218750000 0.6906250000 0.5218750000 0.6937500000 0.5187500000 0.6937500000 0.5156250000 0.6843750000 0.5062500000 0.6843750000 0.5031250000 0.6812500000 0.5000000000
0 0.5906250000 0.9875000000 0.5875000000 0.9906250000 0.5875000000 0.9968750000 0.5968750000 0.9968750000 0.5968750000 0.9906250000 0.5937500000 0.9875000000
0 0.6031250000 0.0875000000 0.6000000000 0.0906250000 0.6000000000 0.0937500000 0.6031250000 0.0968750000 0.6125000000 0.0968750000 0.6156250000 0.0937500000 0.6187500000 0.0937500000 0.6187500000 0.0906250000 0.6156250000 0.0906250000 0.6125000000 0.0875000000
0 0.5656250000 0.7000000000 0.5625000000 0.7031250000 0.5625000000 0.7156250000 0.5656250000 0.7187500000 0.5656250000 0.7218750000 0.5812500000 0.7218750000 0.5843750000 0.7187500000 0.5843750000 0.7031250000 0.5812500000 0.7000000000
0 0.2156250000 0.1125000000 0.2125000000 0.1156250000 0.2125000000 0.1187500000 0.2156250000 0.1218750000 0.2187500000 0.1218750000 0.2218750000 0.1187500000 0.2218750000 0.1156250000 0.2187500000 0.1125000000
0 0.0406250000 0.3125000000 0.0375000000 0.3156250000 0.0375000000 0.3187500000 0.0406250000 0.3218750000 0.0437500000 0.3218750000 0.0468750000 0.3187500000 0.0468750000 0.3156250000 0.0437500000 0.3125000000
0 0.3406250000 0.8906250000 0.3406250000 0.8937500000 0.3437500000 0.8937500000 0.3437500000 0.8906250000
0 0.6156250000 0.4875000000 0.6125000000 0.4906250000 0.6125000000 0.4937500000 0.6156250000 0.4968750000 0.6187500000 0.4968750000 0.6218750000 0.4937500000 0.6218750000 0.4906250000 0.6187500000 0.4875000000
0 0.4156250000 0.2125000000 0.4125000000 0.2156250000 0.4125000000 0.2187500000 0.4156250000 0.2218750000 0.4187500000 0.2218750000 0.4218750000 0.2187500000 0.4218750000 0.2156250000 0.4187500000 0.2125000000
0 0.8156250000 0.1625000000 0.8125000000 0.1656250000 0.8125000000 0.1687500000 0.8156250000 0.1718750000 0.8187500000 0.1718750000 0.8218750000 0.1687500000 0.8218750000 0.1656250000 0.8187500000 0.1625000000
0 0.7406250000 0.6125000000 0.7375000000 0.6156250000 0.7375000000 0.6187500000 0.7406250000 0.6218750000 0.7437500000 0.6218750000 0.7468750000 0.6187500000 0.7468750000 0.6156250000 0.7437500000 0.6125000000
0 0.1156250000 0.6625000000 0.1125000000 0.6656250000 0.1125000000 0.6687500000 0.1156250000 0.6718750000 0.1187500000 0.6718750000 0.1218750000 0.6687500000 0.1218750000 0.6656250000 0.1187500000 0.6625000000
0 0.8156250000 0.9750000000 0.8125000000 0.9781250000 0.8125000000 0.9968750000 0.8218750000 0.9968750000 0.8218750000 0.9906250000 0.8312500000 0.9812500000 0.8312500000 0.9781250000 0.8281250000 0.9781250000 0.8250000000 0.9750000000
0 0.5656250000 0.2125000000 0.5625000000 0.2156250000 0.5625000000 0.2312500000 0.5656250000 0.2343750000 0.5687500000 0.2343750000 0.5718750000 0.2312500000 0.5781250000 0.2312500000 0.5812500000 0.2281250000 0.5812500000 0.2250000000 0.5875000000 0.2187500000 0.5906250000 0.2187500000 0.5875000000 0.2156250000 0.5812500000 0.2156250000 0.5781250000 0.2125000000
0 0.7906250000 0.5375000000 0.7875000000 0.5406250000 0.7875000000 0.5562500000 0.7906250000 0.5593750000 0.7937500000 0.5593750000 0.7968750000 0.5562500000 0.8000000000 0.5562500000 0.8000000000 0.5406250000 0.7968750000 0.5406250000 0.7937500000 0.5375000000
0 0.1406250000 0.9156250000 0.1406250000 0.9187500000 0.1437500000 0.9187500000 0.1437500000 0.9156250000
0 0.2031250000 0.5125000000 0.2000000000 0.5156250000 0.2000000000 0.5187500000 0.2031250000 0.5218750000 0.2062500000 0.5218750000 0.2093750000 0.5187500000 0.2125000000 0.5187500000 0.2125000000 0.5156250000 0.2093750000 0.5156250000 0.2062500000 0.5125000000
0 0.1531250000 0.9625000000 0.1500000000 0.9656250000 0.1500000000 0.9812500000 0.1531250000 0.9843750000 0.1562500000 0.9843750000 0.1593750000 0.9812500000 0.1625000000 0.9812500000 0.1656250000 0.9781250000 0.1656250000 0.9750000000 0.1687500000 0.9718750000 0.1687500000 0.9656250000 0.1656250000 0.9625000000
0 0.6031250000 0.6375000000 0.6000000000 0.6406250000 0.6000000000 0.6562500000 0.6031250000 0.6593750000 0.6062500000 0.6593750000 0.6093750000 0.6562500000 0.6093750000 0.6468750000 0.6125000000 0.6437500000 0.6062500000 0.6375000000
0 0.4781250000 0.8250000000 0.4750000000 0.8281250000 0.4750000000 0.8312500000 0.4781250000 0.8343750000 0.4812500000 0.8343750000 0.4843750000 0.8312500000 0.4843750000 0.8281250000 0.4812500000 0.8250000000
0 0.6781250000 0.7781250000 0.6781250000 0.7812500000 0.6812500000 0.7812500000 0.6812500000 0.7781250000
0 0.9406250000 0.9000000000 0.9375000000 0.9031250000 0.9375000000 0.9062500000 0.9406250000 0.9093750000 0.9437500000 0.9093750000 0.9468750000 0.9062500000 0.9468750000 0.9031250000 0.9437500000 0.9000000000
0 0.4906250000 0.1625000000 0.4875000000 0.1656250000 0.4875000000 0.1687500000 0.4906250000 0.1718750000 0.4937500000 0.1718750000 0.4968750000 0.1687500000 0.4968750000 0.1656250000 0.4937500000 0.1625000000
0 0.3906250000 0.9375000000 0.3875000000 0.9406250000 0.3875000000 0.9437500000 0.3906250000 0.9468750000 0.3937500000 0.9468750000 0.3968750000 0.9437500000 0.3968750000 0.9406250000 0.3937500000 0.9375000000
0 0.4156250000 0.9250000000 0.4125000000 0.9281250000 0.4125000000 0.9312500000 0.4156250000 0.9343750000 0.4187500000 0.9343750000 0.4218750000 0.9312500000 0.4218750000 0.9281250000 0.4187500000 0.9250000000
0 0.9156250000 0.9281250000 0.9156250000 0.9312500000 0.9187500000 0.9312500000 0.9187500000 0.9281250000
0 0.9906250000 0.1875000000 0.9875000000 0.1906250000 0.9875000000 0.1937500000 0.9906250000 0.1968750000 0.9968750000 0.1968750000 0.9968750000 0.1875000000
0 0.5906250000 0.2281250000 0.5875000000 0.2312500000 0.5875000000 0.2437500000 0.5906250000 0.2468750000 0.5937500000 0.2468750000 0.5968750000 0.2437500000 0.5968750000 0.2312500000 0.5937500000 0.2281250000
0 0.3656250000 0.9250000000 0.3625000000 0.9281250000 0.3625000000 0.9312500000 0.3656250000 0.9343750000 0.3687500000 0.9343750000 0.3718750000 0.9312500000 0.3718750000 0.9281250000 0.3687500000 0.9250000000
0 0.3031250000 0.7375000000 0.3000000000 0.7406250000 0.3000000000 0.7562500000 0.3031250000 0.7593750000 0.3062500000 0.7593750000 0.3093750000 0.7562500000 0.3093750000 0.7406250000 0.3062500000 0.7375000000
0 0.1406250000 0.5625000000 0.1375000000 0.5656250000 0.1375000000 0.5718750000 0.1406250000 0.5750000000 0.1406250000 0.5781250000 0.1437500000 0.5781250000 0.1437500000 0.5750000000 0.1468750000 0.5718750000 0.1468750000 0.5656250000 0.1437500000 0.5625000000
0 0.5656250000 0.3500000000 0.5625000000 0.3531250000 0.5625000000 0.3562500000 0.5656250000 0.3593750000 0.5812500000 0.3593750000 0.5843750000 0.3562500000 0.5843750000 0.3531250000 0.5812500000 0.3500000000
0 0.7906250000 0.5000000000 0.7875000000 0.5031250000 0.7875000000 0.5062500000 0.7906250000 0.5093750000 0.7968750000 0.5093750000 0.8000000000 0.5062500000 0.8031250000 0.5062500000 0.8031250000 0.5031250000 0.8000000000 0.5031250000 0.7968750000 0.5000000000
0 0.0781250000 0.7125000000 0.0750000000 0.7156250000 0.0750000000 0.7187500000 0.0781250000 0.7218750000 0.0812500000 0.7218750000 0.0843750000 0.7187500000 0.0843750000 0.7156250000 0.0812500000 0.7125000000
0 0.8656250000 0.0375000000 0.8625000000 0.0406250000 0.8625000000 0.0437500000 0.8656250000 0.0468750000 0.8687500000 0.0468750000 0.8718750000 0.0437500000 0.8718750000 0.0406250000 0.8687500000 0.0375000000
0 0.7906250000 0.8000000000 0.7875000000 0.8031250000 0.7875000000 0.8062500000 0.7906250000 0.8093750000 0.7937500000 0.8093750000 0.7968750000 0.8062500000 0.7968750000 0.8031250000 0.7937500000 0.8000000000
0 0.6156250000 0.2375000000 0.6125000000 0.2406250000 0.6125000000 0.2562500000 0.6156250000 0.2593750000 0.6187500000 0.2593750000 0.6218750000 0.2562500000 0.6218750000 0.2531250000 0.6281250000 0.2468750000 0.6312500000 0.2468750000 0.6343750000 0.2437500000 0.6343750000 0.2406250000 0.6312500000 0.2375000000
0 0.7156250000 0.3875000000 0.7125000000 0.3906250000 0.7125000000 0.3937500000 0.7156250000 0.3968750000 0.7312500000 0.3968750000 0.7343750000 0.3937500000 0.7343750000 0.3906250000 0.7312500000 0.3875000000
0 0.8406250000 0.5906250000 0.8406250000 0.5937500000 0.8437500000 0.5937500000 0.8437500000 0.5906250000
0 0.0781250000 0.6875000000 0.0750000000 0.6906250000 0.0750000000 0.6937500000 0.0781250000 0.6968750000 0.0812500000 0.6968750000 0.0843750000 0.6937500000 0.0843750000 0.6906250000 0.0812500000 0.6875000000
0 0.2031250000 0.8375000000 0.2000000000 0.8406250000 0.2000000000 0.8437500000 0.2031250000 0.8468750000 0.2062500000 0.8468750000 0.2093750000 0.8437500000 0.2093750000 0.8406250000 0.2062500000 0.8375000000
0 0.2281250000 0.9500000000 0.2250000000 0.9531250000 0.2250000000 0.9562500000 0.2281250000 0.9593750000 0.2312500000 0.9593750000 0.2343750000 0.9562500000 0.2343750000 0.9531250000 0.2312500000 0.9500000000
0 0.2156250000 0.8625000000 0.2125000000 0.8656250000 0.2125000000 0.8687500000 0.2156250000 0.8718750000 0.2187500000 0.8718750000 0.2218750000 0.8687500000 0.2218750000 0.8656250000 0.2187500000 0.8625000000
0 0.8531250000 0.1375000000 0.8500000000 0.1406250000 0.8500000000 0.1437500000 0.8531250000 0.1468750000 0.8562500000 0.1468750000 0.8593750000 0.1437500000 0.8593750000 0.1406250000 0.8562500000 0.1375000000
0 0.4031250000 0.5250000000 0.4000000000 0.5281250000 0.4000000000 0.5343750000 0.4031250000 0.5375000000 0.4062500000 0.5375000000 0.4093750000 0.5343750000 0.4093750000 0.5281250000 0.4062500000 0.5250000000
0 0.6156250000 0.1375000000 0.6125000000 0.1406250000 0.6125000000 0.1531250000 0.6156250000 0.1562500000 0.6218750000 0.1562500000 0.6218750000 0.1531250000 0.6250000000 0.1500000000 0.6281250000 0.1500000000 0.6343750000 0.1437500000 0.6343750000 0.1406250000 0.6312500000 0.1375000000
0 0.8281250000 0.5375000000 0.8250000000 0.5406250000 0.8250000000 0.5562500000 0.8281250000 0.5593750000 0.8312500000 0.5593750000 0.8343750000 0.5562500000 0.8343750000 0.5406250000 0.8312500000 0.5375000000
0 0.5281250000 0.9750000000 0.5250000000 0.9781250000 0.5250000000 0.9812500000 0.5281250000 0.9843750000 0.5375000000 0.9843750000 0.5406250000 0.9812500000 0.5437500000 0.9812500000 0.5437500000 0.9781250000 0.5406250000 0.9781250000 0.5375000000 0.9750000000
0 0.0406250000 0.5375000000 0.0375000000 0.5406250000 0.0375000000 0.5500000000 0.0406250000 0.5531250000 0.0406250000 0.5562500000 0.0437500000 0.5562500000 0.0437500000 0.5531250000 0.0468750000 0.5500000000 0.0468750000 0.5406250000 0.0437500000 0.5375000000
0 0.8281250000 0.8125000000 0.8250000000 0.8156250000 0.8250000000 0.8187500000 0.8281250000 0.8218750000 0.8312500000 0.8218750000 0.8343750000 0.8187500000 0.8343750000 0.8156250000 0.8312500000 0.8125000000
0 0.0156250000 0.9625000000 0.0125000000 0.9656250000 0.0125000000 0.9687500000 0.0156250000 0.9718750000 0.0156250000 0.9750000000 0.0187500000 0.9750000000 0.0187500000 0.9718750000 0.0218750000 0.9687500000 0.0218750000 0.9656250000 0.0187500000 0.9625000000
0 0.5531250000 0.7750000000 0.5500000000 0.7781250000 0.5500000000 0.7812500000 0.5531250000 0.7843750000 0.5562500000 0.7843750000 0.5593750000 0.7812500000 0.5593750000 0.7781250000 0.5562500000 0.7750000000
0 0.3031250000 0.6625000000 0.3000000000 0.6656250000 0.3000000000 0.6687500000 0.3031250000 0.6718750000 0.3062500000 0.6718750000 0.3093750000 0.6687500000 0.3093750000 0.6656250000 0.3062500000 0.6625000000
0 0.6406250000 0.0750000000 0.6375000000 0.0781250000 0.6375000000 0.0812500000 0.6406250000 0.0843750000 0.6437500000 0.0843750000 0.6468750000 0.0812500000 0.6500000000 0.0812500000 0.6500000000 0.0781250000 0.6468750000 0.0781250000 0.6437500000 0.0750000000
0 0.9125000000 0.6875000000 0.9093750000 0.6906250000 0.9031250000 0.6906250000 0.9031250000 0.6937500000 0.9000000000 0.6968750000 0.9000000000 0.7062500000 0.9031250000 0.7093750000 0.9218750000 0.7093750000 0.9250000000 0.7062500000 0.9312500000 0.7062500000 0.9312500000 0.7000000000 0.9343750000 0.6968750000 0.9343750000 0.6906250000 0.9312500000 0.6875000000
