0 0.796875 0.087500 0.791667 0.090625 0.791667 0.106250 0.796875 0.109375 0.822917 0.109375 0.828125 0.106250 0.828125 0.090625 0.822917 0.087500
0 1.484375 0.237500 1.479167 0.240625 1.479167 0.256250 1.484375 0.259375 1.515625 0.259375 1.520833 0.256250 1.526042 0.256250 1.531250 0.253125 1.531250 0.250000 1.536458 0.246875 1.536458 0.240625 1.531250 0.237500
0 0.151042 0.087500 0.145833 0.090625 0.145833 0.106250 0.151042 0.109375 0.156250 0.109375 0.161458 0.106250 0.161458 0.100000 0.166667 0.096875 0.166667 0.090625 0.161458 0.090625 0.156250 0.087500
0 0.468750 0.262500 0.458333 0.268750 0.458333 0.281250 0.463542 0.284375 0.473958 0.284375 0.479167 0.281250 0.484375 0.281250 0.494792 0.275000 0.494792 0.271875 0.500000 0.268750 0.500000 0.265625 0.494792 0.265625 0.489583 0.262500
0 0.380208 0.550000 0.375000 0.553125 0.375000 0.565625 0.380208 0.568750 0.385417 0.568750 0.401042 0.559375 0.406250 0.559375 0.411458 0.556250 0.411458 0.553125 0.406250 0.550000
0 0.651042 0.450000 0.645833 0.453125 0.645833 0.471875 0.651042 0.475000 0.651042 0.478125 0.656250 0.481250 0.677083 0.481250 0.682292 0.478125 0.682292 0.475000 0.687500 0.471875 0.687500 0.468750 0.692708 0.465625 0.692708 0.462500 0.697917 0.459375 0.697917 0.453125 0.692708 0.453125 0.687500 0.450000
0 1.276042 0.075000 1.270833 0.078125 1.270833 0.106250 1.281250 0.112500 1.286458 0.109375 1.302083 0.109375 1.307292 0.106250 1.307292 0.078125 1.302083 0.075000
0 0.526042 0.312500 0.520833 0.315625 0.520833 0.318750 0.526042 0.321875 0.531250 0.321875 0.536458 0.318750 0.536458 0.315625 0.531250 0.312500
0 1.151042 0.187500 1.145833 0.190625 1.145833 0.193750 1.151042 0.196875 1.156250 0.196875 1.161458 0.193750 1.166667 0.193750 1.166667 0.190625 1.161458 0.190625 1.156250 0.187500
0 1.442708 0.400000 1.437500 0.403125 1.437500 0.418750 1.442708 0.421875 1.447917 0.421875 1.453125 0.418750 1.453125 0.415625 1.463542 0.409375 1.468750 0.409375 1.473958 0.406250 1.473958 0.403125 1.468750 0.400000
0 0.276042 0.262500 0.270833 0.265625 0.270833 0.271875 0.276042 0.275000 0.276042 0.281250 0.281250 0.281250 0.281250 0.278125 0.286458 0.275000 0.291667 0.275000 0.296875 0.271875 0.302083 0.271875 0.307292 0.268750 0.307292 0.265625 0.302083 0.262500
0 0.031250 0.512500 0.020833 0.518750 0.020833 0.528125 0.026042 0.531250 0.031250 0.531250 0.036458 0.528125 0.036458 0.525000 0.046875 0.518750 0.052083 0.518750 0.052083 0.515625 0.041667 0.515625 0.036458 0.512500
0 0.109375 0.037500 0.104167 0.040625 0.104167 0.043750 0.109375 0.046875 0.114583 0.046875 0.119792 0.043750 0.119792 0.040625 0.114583 0.037500
0 0.484375 0.200000 0.479167 0.203125 0.479167 0.206250 0.484375 0.209375 0.489583 0.209375 0.494792 0.206250 0.494792 0.203125 0.489583 0.200000
0 0.255208 0.278125 0.255208 0.284375 0.250000 0.287500 0.250000 0.293750 0.255208 0.296875 0.255208 0.300000 0.260417 0.303125 0.265625 0.300000 0.270833 0.300000 0.276042 0.296875 0.281250 0.296875 0.281250 0.287500 0.276042 0.287500 0.260417 0.278125
0 1.567708 0.550000 1.562500 0.553125 1.562500 0.568750 1.567708 0.571875 1.598958 0.571875 1.609375 0.565625 1.609375 0.559375 1.614583 0.556250 1.609375 0.553125 1.604167 0.553125 1.598958 0.550000
0 0.817708 0.200000 0.812500 0.203125 0.812500 0.206250 0.817708 0.209375 0.817708 0.212500 0.822917 0.212500 0.822917 0.209375 0.828125 0.206250 0.828125 0.203125 0.822917 0.200000
0 1.234375 0.162500 1.229167 0.165625 1.229167 0.181250 1.234375 0.184375 1.260417 0.184375 1.265625 0.181250 1.265625 0.171875 1.270833 0.168750 1.260417 0.162500
0 0.484375 0.225000 0.479167 0.228125 0.479167 0.231250 0.484375 0.234375 0.494792 0.234375 0.500000 0.231250 0.500000 0.228125 0.494792 0.228125 0.489583 0.225000
0 0.359375 0.028125 0.359375 0.031250 0.364583 0.031250 0.364583 0.028125
0 0.442708 0.162500 0.437500 0.165625 0.437500 0.168750 0.442708 0.171875 0.447917 0.171875 0.453125 0.168750 0.453125 0.165625 0.447917 0.162500
0 1.067708 0.050000 1.062500 0.053125 1.062500 0.059375 1.067708 0.062500 1.067708 0.068750 1.072917 0.068750 1.072917 0.065625 1.078125 0.062500 1.078125 0.059375 1.083333 0.056250 1.072917 0.050000
0 0.380208 0.012500 0.375000 0.015625 0.375000 0.028125 0.380208 0.031250 0.385417 0.031250 0.390625 0.028125 0.390625 0.025000 0.395833 0.021875 0.395833 0.015625 0.390625 0.015625 0.385417 0.012500
0 1.296875 0.512500 1.291667 0.515625 1.291667 0.518750 1.296875 0.521875 1.302083 0.521875 1.307292 0.518750 1.307292 0.515625 1.302083 0.512500
0 1.463542 0.100000 1.458333 0.103125 1.458333 0.118750 1.463542 0.121875 1.468750 0.121875 1.473958 0.118750 1.473958 0.112500 1.479167 0.109375 1.479167 0.103125 1.473958 0.103125 1.468750 0.100000
0 1.067708 0.250000 1.062500 0.253125 1.062500 0.268750 1.067708 0.271875 1.093750 0.271875 1.098958 0.268750 1.098958 0.262500 1.104167 0.259375 1.104167 0.253125 1.098958 0.253125 1.093750 0.250000
0 0.817708 0.490625 0.817708 0.493750 0.822917 0.493750 0.822917 0.490625
0 1.296875 0.562500 1.291667 0.565625 1.291667 0.581250 1.296875 0.584375 1.302083 0.584375 1.307292 0.581250 1.307292 0.565625 1.302083 0.562500
0 0.401042 0.450000 0.395833 0.453125 0.395833 0.456250 0.401042 0.459375 0.406250 0.459375 0.411458 0.456250 0.411458 0.453125 0.406250 0.450000
0 0.234375 0.562500 0.229167 0.565625 0.229167 0.568750 0.234375 0.571875 0.239583 0.571875 0.244792 0.568750 0.244792 0.565625 0.239583 0.562500
0 0.901042 0.037500 0.895833 0.040625 0.895833 0.046875 0.901042 0.050000 0.901042 0.053125 0.906250 0.053125 0.906250 0.050000 0.911458 0.046875 0.911458 0.040625 0.906250 0.037500
0 0.192708 0.500000 0.187500 0.503125 0.187500 0.506250 0.192708 0.509375 0.197917 0.509375 0.203125 0.506250 0.203125 0.503125 0.197917 0.500000
0 0.463542 0.012500 0.458333 0.015625 0.458333 0.018750 0.463542 0.021875 0.468750 0.021875 0.473958 0.018750 0.473958 0.015625 0.468750 0.012500
0 0.651042 0.237500 0.645833 0.240625 0.645833 0.256250 0.651042 0.259375 0.677083 0.259375 0.682292 0.256250 0.682292 0.240625 0.677083 0.237500
0 0.296875 0.287500 0.291667 0.290625 0.291667 0.293750 0.296875 0.296875 0.302083 0.296875 0.307292 0.293750 0.307292 0.290625 0.302083 0.287500
0 0.213542 0.262500 0.208333 0.265625 0.208333 0.268750 0.213542 0.271875 0.218750 0.271875 0.223958 0.268750 0.223958 0.265625 0.218750 0.262500
0 0.192708 0.562500 0.187500 0.565625 0.187500 0.568750 0.192708 0.571875 0.197917 0.571875 0.203125 0.568750 0.203125 0.565625 0.197917 0.562500
0 0.317708 0.512500 0.312500 0.515625 0.312500 0.521875 0.317708 0.525000 0.317708 0.528125 0.322917 0.528125 0.322917 0.525000 0.328125 0.521875 0.328125 0.515625 0.322917 0.512500
0 0.062500 0.000000 0.062500 0.006250 0.067708 0.009375 0.072917 0.009375 0.078125 0.006250 0.078125 0.000000
0 0.296875 0.225000 0.291667 0.228125 0.291667 0.231250 0.296875 0.234375 0.302083 0.234375 0.307292 0.231250 0.307292 0.228125 0.302083 0.225000
0 0.734375 0.325000 0.729167 0.328125 0.729167 0.343750 0.734375 0.346875 0.739583 0.346875 0.744792 0.343750 0.744792 0.340625 0.755208 0.334375 0.760417 0.334375 0.765625 0.331250 0.765625 0.328125 0.760417 0.325000
0 1.546875 0.025000 1.541667 0.028125 1.541667 0.031250 1.546875 0.034375 1.552083 0.034375 1.557292 0.031250 1.557292 0.028125 1.552083 0.025000
0 0.796875 0.250000 0.791667 0.253125 0.791667 0.265625 0.796875 0.268750 0.802083 0.268750 0.807292 0.265625 0.807292 0.253125 0.802083 0.250000
0 1.421875 0.537500 1.416667 0.540625 1.416667 0.543750 1.421875 0.546875 1.427083 0.546875 1.432292 0.543750 1.432292 0.540625 1.427083 0.537500
0 0.359375 0.475000 0.354167 0.478125 0.354167 0.481250 0.359375 0.484375 0.364583 0.484375 0.369792 0.481250 0.369792 0.478125 0.364583 0.475000
0 0.942708 0.125000 0.937500 0.128125 0.937500 0.131250 0.942708 0.134375 0.947917 0.134375 0.953125 0.131250 0.953125 0.128125 0.947917 0.125000
0 0.109375 0.587500 0.104167 0.590625 0.104167 0.596875 0.119792 0.596875 0.119792 0.590625 0.114583 0.587500
0 0.213542 0.262500 0.208333 0.265625 0.208333 0.268750 0.213542 0.271875 0.218750 0.271875 0.223958 0.268750 0.223958 0.265625 0.218750 0.262500
0 0.130208 0.437500 0.125000 0.440625 0.125000 0.443750 0.130208 0.446875 0.135417 0.446875 0.140625 0.443750 0.140625 0.440625 0.135417 0.437500
0 1.046875 0.537500 1.041667 0.540625 1.041667 0.546875 1.046875 0.550000 1.052083 0.550000 1.057292 0.546875 1.057292 0.540625 1.052083 0.537500
