0 1.026042 0.500000 1.020833 0.503125 1.020833 0.531250 1.026042 0.534375 1.031250 0.534375 1.036458 0.531250 1.036458 0.528125 1.046875 0.521875 1.052083 0.521875 1.057292 0.518750 1.057292 0.503125 1.052083 0.500000
0 0.046875 0.325000 0.041667 0.328125 0.041667 0.356250 0.046875 0.359375 0.072917 0.359375 0.078125 0.356250 0.078125 0.328125 0.072917 0.325000
0 0.671875 0.162500 0.666667 0.165625 0.666667 0.181250 0.671875 0.184375 0.671875 0.187500 0.682292 0.193750 0.687500 0.193750 0.692708 0.196875 0.697917 0.196875 0.723958 0.181250 0.723958 0.168750 0.713542 0.162500
0 0.380208 0.387500 0.375000 0.390625 0.375000 0.418750 0.380208 0.421875 0.406250 0.421875 0.411458 0.418750 0.411458 0.409375 0.416667 0.406250 0.416667 0.403125 0.411458 0.400000 0.411458 0.390625 0.406250 0.387500
0 0.609375 0.487500 0.604167 0.490625 0.604167 0.496875 0.609375 0.500000 0.609375 0.506250 0.614583 0.506250 0.614583 0.503125 0.619792 0.500000 0.619792 0.496875 0.625000 0.493750 0.614583 0.487500
0 0.692708 0.275000 0.687500 0.278125 0.687500 0.293750 0.692708 0.296875 0.718750 0.296875 0.723958 0.293750 0.723958 0.290625 0.734375 0.284375 0.739583 0.284375 0.744792 0.281250 0.744792 0.278125 0.739583 0.275000
0 1.359375 0.287500 1.354167 0.290625 1.354167 0.306250 1.359375 0.309375 1.385417 0.309375 1.390625 0.306250 1.390625 0.300000 1.395833 0.296875 1.395833 0.290625 1.390625 0.290625 1.385417 0.287500
0 0.276042 0.262500 0.270833 0.265625 0.270833 0.281250 0.276042 0.284375 0.281250 0.284375 0.286458 0.281250 0.286458 0.265625 0.281250 0.262500
0 1.067708 0.175000 1.062500 0.178125 1.062500 0.193750 1.067708 0.196875 1.072917 0.196875 1.078125 0.193750 1.078125 0.190625 1.088542 0.184375 1.093750 0.184375 1.098958 0.181250 1.098958 0.178125 1.093750 0.175000
0 0.984375 0.137500 0.979167 0.140625 0.979167 0.165625 0.984375 0.168750 0.994792 0.168750 0.994792 0.165625 1.000000 0.162500 1.005208 0.162500 1.015625 0.156250 1.015625 0.140625 1.010417 0.137500
0 1.463542 0.387500 1.458333 0.390625 1.458333 0.393750 1.463542 0.396875 1.463542 0.400000 1.484375 0.400000 1.494792 0.393750 1.484375 0.387500
0 1.651042 0.212500 1.645833 0.215625 1.645833 0.231250 1.651042 0.234375 1.661458 0.234375 1.661458 0.212500
0 1.380208 0.087500 1.375000 0.090625 1.375000 0.106250 1.380208 0.109375 1.385417 0.109375 1.390625 0.106250 1.390625 0.103125 1.401042 0.096875 1.406250 0.096875 1.411458 0.093750 1.411458 0.090625 1.406250 0.087500
0 0.901042 0.090625 0.901042 0.093750 0.906250 0.093750 0.906250 0.090625
0 1.442708 0.075000 1.437500 0.078125 1.437500 0.103125 1.442708 0.106250 1.447917 0.106250 1.463542 0.096875 1.468750 0.096875 1.473958 0.093750 1.473958 0.084375 1.479167 0.081250 1.479167 0.078125 1.473958 0.078125 1.468750 0.075000
0 0.859375 0.165625 0.859375 0.168750 0.864583 0.168750 0.864583 0.165625
0 0.734375 0.440625 0.734375 0.443750 0.739583 0.443750 0.739583 0.440625
0 1.151042 0.500000 1.145833 0.503125 1.145833 0.506250 1.151042 0.509375 1.156250 0.509375 1.161458 0.506250 1.161458 0.503125 1.156250 0.500000
0 1.255208 0.437500 1.250000 0.440625 1.250000 0.456250 1.255208 0.459375 1.260417 0.459375 1.270833 0.453125 1.270833 0.450000 1.281250 0.443750 1.281250 0.440625 1.276042 0.440625 1.270833 0.437500
0 0.151042 0.062500 0.145833 0.065625 0.145833 0.068750 0.151042 0.071875 0.156250 0.071875 0.161458 0.068750 0.161458 0.065625 0.156250 0.062500
0 1.213542 0.137500 1.208333 0.140625 1.208333 0.156250 1.213542 0.159375 1.239583 0.159375 1.244792 0.156250 1.244792 0.140625 1.239583 0.137500
0 1.213542 0.075000 1.208333 0.078125 1.208333 0.090625 1.213542 0.093750 1.218750 0.093750 1.223958 0.090625 1.223958 0.087500 1.229167 0.084375 1.229167 0.078125 1.223958 0.078125 1.218750 0.075000
0 0.567708 0.593750 0.567708 0.596875 0.572917 0.596875 0.572917 0.593750
0 1.484375 0.412500 1.479167 0.415625 1.479167 0.418750 1.484375 0.421875 1.489583 0.421875 1.494792 0.418750 1.494792 0.415625 1.489583 0.412500
0 0.776042 0.437500 0.770833 0.440625 0.770833 0.456250 0.776042 0.459375 0.781250 0.459375 0.786458 0.456250 0.786458 0.450000 0.791667 0.446875 0.791667 0.440625 0.786458 0.440625 0.781250 0.437500
0 0.963542 0.375000 0.958333 0.378125 0.958333 0.381250 0.963542 0.384375 0.968750 0.384375 0.973958 0.381250 0.973958 0.378125 0.968750 0.375000
0 0.671875 0.512500 0.666667 0.515625 0.666667 0.521875 0.671875 0.525000 0.671875 0.528125 0.677083 0.528125 0.692708 0.518750 0.692708 0.515625 0.687500 0.515625 0.682292 0.512500
0 1.213542 0.578125 1.213542 0.581250 1.218750 0.581250 1.218750 0.578125
0 0.901042 0.250000 0.895833 0.253125 0.895833 0.256250 0.901042 0.259375 0.906250 0.259375 0.911458 0.256250 0.911458 0.253125 0.906250 0.250000
0 0.067708 0.475000 0.062500 0.478125 0.062500 0.481250 0.067708 0.484375 0.072917 0.484375 0.078125 0.481250 0.078125 0.478125 0.072917 0.475000
0 0.359375 0.487500 0.354167 0.490625 0.354167 0.506250 0.359375 0.509375 0.364583 0.509375 0.369792 0.506250 0.369792 0.500000 0.375000 0.496875 0.375000 0.490625 0.369792 0.490625 0.364583 0.487500
0 1.463542 0.350000 1.458333 0.353125 1.458333 0.359375 1.463542 0.362500 1.463542 0.365625 1.468750 0.365625 1.468750 0.362500 1.473958 0.359375 1.473958 0.353125 1.468750 0.350000
0 1.234375 0.362500 1.229167 0.365625 1.229167 0.368750 1.234375 0.371875 1.239583 0.371875 1.244792 0.368750 1.244792 0.365625 1.239583 0.362500
0 1.317708 0.512500 1.312500 0.515625 1.312500 0.531250 1.317708 0.534375 1.322917 0.534375 1.328125 0.531250 1.328125 0.525000 1.333333 0.521875 1.333333 0.515625 1.328125 0.515625 1.322917 0.512500
0 0.713542 0.362500 0.708333 0.365625 0.708333 0.368750 0.713542 0.371875 0.718750 0.371875 0.723958 0.368750 0.723958 0.365625 0.718750 0.362500
0 0.026042 0.462500 0.020833 0.465625 0.020833 0.468750 0.026042 0.471875 0.031250 0.471875 0.036458 0.468750 0.041667 0.468750 0.041667 0.465625 0.036458 0.465625 0.031250 0.462500
0 0.796875 0.125000 0.791667 0.128125 0.791667 0.140625 0.796875 0.143750 0.802083 0.143750 0.807292 0.140625 0.807292 0.128125 0.802083 0.125000
0 0.880208 0.012500 0.875000 0.015625 0.875000 0.018750 0.880208 0.021875 0.885417 0.021875 0.890625 0.018750 0.890625 0.015625 0.885417 0.012500
0 1.526042 0.415625 1.526042 0.418750 1.531250 0.418750 1.531250 0.415625
0 0.276042 0.450000 0.270833 0.453125 0.270833 0.468750 0.276042 0.471875 0.281250 0.471875 0.307292 0.456250 0.307292 0.453125 0.302083 0.450000
0 1.630208 0.250000 1.625000 0.253125 1.625000 0.256250 1.630208 0.259375 1.640625 0.259375 1.645833 0.256250 1.661458 0.256250 1.661458 0.253125 1.645833 0.253125 1.640625 0.250000
0 1.192708 0.500000 1.187500 0.503125 1.187500 0.518750 1.192708 0.521875 1.218750 0.521875 1.223958 0.518750 1.223958 0.503125 1.218750 0.500000
0 1.276042 0.212500 1.270833 0.215625 1.270833 0.218750 1.276042 0.221875 1.281250 0.221875 1.286458 0.218750 1.286458 0.215625 1.281250 0.212500
0 0.192708 0.375000 0.187500 0.378125 0.187500 0.381250 0.192708 0.384375 0.197917 0.384375 0.203125 0.381250 0.203125 0.378125 0.197917 0.375000
0 0.713542 0.362500 0.708333 0.365625 0.708333 0.368750 0.713542 0.371875 0.718750 0.371875 0.723958 0.368750 0.723958 0.365625 0.718750 0.362500
