0 0.963542 0.300000 0.958333 0.303125 0.958333 0.331250 0.963542 0.334375 0.968750 0.334375 0.989583 0.321875 0.994792 0.321875 1.000000 0.318750 1.000000 0.315625 0.994792 0.312500 0.994792 0.303125 0.989583 0.300000
0 0.088542 0.300000 0.083333 0.303125 0.083333 0.328125 0.088542 0.331250 0.098958 0.331250 0.098958 0.328125 0.104167 0.325000 0.109375 0.325000 0.114583 0.321875 0.119792 0.321875 0.125000 0.318750 0.130208 0.318750 0.135417 0.315625 0.135417 0.312500 0.140625 0.309375 0.140625 0.303125 0.135417 0.300000
0 0.963542 0.100000 0.958333 0.103125 0.958333 0.121875 0.963542 0.125000 0.963542 0.131250 0.968750 0.131250 0.968750 0.128125 0.973958 0.125000 0.979167 0.125000 0.984375 0.121875 0.989583 0.121875 0.994792 0.118750 0.994792 0.103125 0.989583 0.100000
0 1.380208 0.575000 1.375000 0.578125 1.375000 0.596875 1.411458 0.596875 1.411458 0.578125 1.406250 0.575000
0 1.151042 0.137500 1.145833 0.140625 1.145833 0.156250 1.151042 0.159375 1.156250 0.159375 1.161458 0.156250 1.161458 0.146875 1.166667 0.143750 1.156250 0.137500
0 0.859375 0.012500 0.854167 0.015625 0.854167 0.018750 0.859375 0.021875 0.864583 0.021875 0.869792 0.018750 0.869792 0.015625 0.864583 0.012500
0 0.630208 0.225000 0.625000 0.228125 0.625000 0.243750 0.630208 0.246875 0.656250 0.246875 0.661458 0.243750 0.661458 0.228125 0.656250 0.225000
0 0.921875 0.537500 0.916667 0.540625 0.916667 0.568750 0.921875 0.571875 0.927083 0.571875 0.932292 0.568750 0.937500 0.568750 0.937500 0.565625 0.953125 0.556250 0.953125 0.543750 0.947917 0.540625 0.942708 0.540625 0.937500 0.537500
0 0.963542 0.562500 0.958333 0.565625 0.958333 0.581250 0.963542 0.584375 0.979167 0.584375 0.984375 0.587500 0.989583 0.587500 1.000000 0.581250 1.000000 0.568750 0.989583 0.562500
0 0.359375 0.225000 0.354167 0.228125 0.354167 0.243750 0.359375 0.246875 0.385417 0.246875 0.390625 0.243750 0.390625 0.228125 0.385417 0.225000
0 0.567708 0.512500 0.562500 0.515625 0.562500 0.531250 0.567708 0.534375 0.578125 0.534375 0.583333 0.531250 0.588542 0.531250 0.593750 0.528125 0.583333 0.521875 0.583333 0.518750 0.572917 0.512500
0 0.713542 0.062500 0.708333 0.065625 0.708333 0.078125 0.718750 0.084375 0.729167 0.078125 0.729167 0.075000 0.739583 0.068750 0.739583 0.065625 0.734375 0.065625 0.729167 0.062500
0 1.067708 0.075000 1.062500 0.078125 1.062500 0.093750 1.067708 0.096875 1.072917 0.096875 1.078125 0.093750 1.078125 0.090625 1.093750 0.081250 1.093750 0.078125 1.083333 0.078125 1.078125 0.075000
0 0.296875 0.037500 0.291667 0.040625 0.291667 0.068750 0.296875 0.071875 0.302083 0.071875 0.307292 0.068750 0.307292 0.065625 0.312500 0.062500 0.312500 0.059375 0.317708 0.056250 0.322917 0.056250 0.322917 0.040625 0.317708 0.040625 0.312500 0.037500
0 1.296875 0.525000 1.291667 0.528125 1.291667 0.543750 1.296875 0.546875 1.312500 0.546875 1.317708 0.543750 1.322917 0.543750 1.322917 0.540625 1.328125 0.537500 1.328125 0.528125 1.322917 0.525000
0 0.151042 0.162500 0.145833 0.165625 0.145833 0.181250 0.151042 0.184375 0.197917 0.184375 0.203125 0.181250 0.203125 0.165625 0.197917 0.162500
0 0.651042 0.487500 0.645833 0.490625 0.645833 0.518750 0.651042 0.521875 0.677083 0.521875 0.682292 0.518750 0.682292 0.515625 0.697917 0.506250 0.697917 0.500000 0.687500 0.493750 0.687500 0.490625 0.682292 0.490625 0.677083 0.487500
0 0.984375 0.200000 0.979167 0.203125 0.979167 0.206250 0.984375 0.209375 0.989583 0.209375 0.994792 0.206250 1.000000 0.206250 1.000000 0.203125 0.994792 0.203125 0.989583 0.200000
0 1.067708 0.012500 1.062500 0.015625 1.062500 0.018750 1.067708 0.021875 1.072917 0.021875 1.078125 0.018750 1.078125 0.015625 1.072917 0.012500
0 0.026042 0.212500 0.020833 0.215625 0.020833 0.218750 0.026042 0.221875 0.026042 0.225000 0.031250 0.225000 0.031250 0.221875 0.036458 0.218750 0.036458 0.215625 0.031250 0.212500
0 0.213542 0.025000 0.208333 0.028125 0.208333 0.043750 0.213542 0.046875 0.218750 0.046875 0.223958 0.043750 0.223958 0.037500 0.229167 0.034375 0.229167 0.028125 0.223958 0.028125 0.218750 0.025000
0 0.192708 0.212500 0.187500 0.215625 0.187500 0.218750 0.192708 0.221875 0.197917 0.221875 0.203125 0.218750 0.203125 0.215625 0.197917 0.212500
0 0.442708 0.437500 0.437500 0.440625 0.437500 0.453125 0.442708 0.456250 0.453125 0.456250 0.453125 0.453125 0.458333 0.450000 0.463542 0.450000 0.473958 0.443750 0.473958 0.440625 0.468750 0.437500
0 1.192708 0.475000 1.187500 0.478125 1.187500 0.484375 1.192708 0.487500 1.192708 0.490625 1.197917 0.490625 1.208333 0.484375 1.218750 0.484375 1.223958 0.481250 1.223958 0.478125 1.218750 0.475000
0 0.880208 0.300000 0.875000 0.303125 0.875000 0.318750 0.880208 0.321875 0.885417 0.321875 0.895833 0.315625 0.895833 0.312500 0.906250 0.306250 0.906250 0.303125 0.895833 0.303125 0.890625 0.300000
0 1.317708 0.062500 1.312500 0.065625 1.312500 0.075000 1.317708 0.078125 1.317708 0.081250 1.322917 0.081250 1.322917 0.078125 1.328125 0.075000 1.328125 0.065625 1.322917 0.062500
0 0.901042 0.462500 0.895833 0.465625 0.895833 0.468750 0.901042 0.471875 0.906250 0.471875 0.911458 0.468750 0.911458 0.465625 0.906250 0.462500
0 0.859375 0.115625 0.859375 0.118750 0.864583 0.118750 0.864583 0.115625
0 0.067708 0.425000 0.062500 0.428125 0.062500 0.456250 0.067708 0.459375 0.072917 0.459375 0.093750 0.446875 0.098958 0.446875 0.104167 0.443750 0.104167 0.437500 0.098958 0.434375 0.098958 0.428125 0.093750 0.425000
0 0.901042 0.087500 0.895833 0.090625 0.895833 0.093750 0.901042 0.096875 0.906250 0.096875 0.911458 0.093750 0.916667 0.093750 0.916667 0.090625 0.911458 0.090625 0.906250 0.087500
0 0.046875 0.275000 0.041667 0.278125 0.041667 0.281250 0.046875 0.284375 0.046875 0.287500 0.052083 0.290625 0.062500 0.284375 0.067708 0.284375 0.072917 0.281250 0.072917 0.278125 0.067708 0.275000
0 1.526042 0.062500 1.520833 0.065625 1.520833 0.068750 1.526042 0.071875 1.531250 0.071875 1.536458 0.068750 1.536458 0.065625 1.531250 0.062500
0 0.963542 0.525000 0.958333 0.528125 0.958333 0.543750 0.963542 0.546875 0.968750 0.546875 0.973958 0.543750 0.973958 0.537500 0.979167 0.534375 0.979167 0.528125 0.973958 0.528125 0.968750 0.525000
0 0.526042 0.412500 0.520833 0.415625 0.520833 0.418750 0.526042 0.421875 0.531250 0.421875 0.536458 0.418750 0.536458 0.415625 0.531250 0.412500
0 0.151042 0.212500 0.145833 0.215625 0.145833 0.228125 0.151042 0.231250 0.156250 0.231250 0.161458 0.228125 0.161458 0.215625 0.156250 0.212500
0 1.484375 0.037500 1.479167 0.040625 1.479167 0.043750 1.484375 0.046875 1.489583 0.046875 1.494792 0.043750 1.494792 0.040625 1.489583 0.037500
0 1.317708 0.212500 1.312500 0.215625 1.312500 0.218750 1.317708 0.221875 1.322917 0.221875 1.328125 0.218750 1.328125 0.215625 1.322917 0.212500
0 1.067708 0.115625 1.067708 0.118750 1.072917 0.118750 1.072917 0.115625
0 1.526042 0.150000 1.520833 0.153125 1.520833 0.156250 1.526042 0.159375 1.531250 0.159375 1.536458 0.156250 1.536458 0.153125 1.531250 0.150000
0 1.484375 0.487500 1.479167 0.490625 1.479167 0.496875 1.484375 0.500000 1.484375 0.503125 1.489583 0.503125 1.489583 0.500000 1.494792 0.496875 1.494792 0.490625 1.489583 0.487500
0 0.567708 0.212500 0.562500 0.215625 0.562500 0.218750 0.567708 0.221875 0.593750 0.221875 0.598958 0.218750 0.598958 0.215625 0.593750 0.212500
0 0.192708 0.425000 0.187500 0.428125 0.187500 0.431250 0.192708 0.434375 0.213542 0.434375 0.218750 0.431250 0.218750 0.428125 0.213542 0.425000
0 1.067708 0.175000 1.062500 0.178125 1.062500 0.181250 1.067708 0.184375 1.072917 0.184375 1.078125 0.181250 1.078125 0.178125 1.072917 0.175000
0 1.234375 0.137500 1.229167 0.140625 1.229167 0.143750 1.234375 0.146875 1.234375 0.150000 1.239583 0.150000 1.239583 0.146875 1.244792 0.143750 1.244792 0.140625 1.239583 0.137500
0 1.046875 0.287500 1.041667 0.290625 1.041667 0.296875 1.046875 0.300000 1.046875 0.303125 1.052083 0.303125 1.052083 0.300000 1.062500 0.293750 1.052083 0.287500
0 0.026042 0.425000 0.020833 0.428125 0.020833 0.431250 0.026042 0.434375 0.031250 0.434375 0.036458 0.431250 0.036458 0.428125 0.031250 0.425000
0 1.484375 0.587500 1.479167 0.590625 1.479167 0.596875 1.494792 0.596875 1.494792 0.590625 1.489583 0.587500
0 0.880208 0.362500 0.875000 0.365625 0.875000 0.368750 0.880208 0.371875 0.885417 0.371875 0.890625 0.368750 0.890625 0.365625 0.885417 0.362500
0 1.276042 0.537500 1.270833 0.540625 1.270833 0.543750 1.276042 0.546875 1.281250 0.546875 1.286458 0.543750 1.286458 0.540625 1.281250 0.537500
0 0.359375 0.112500 0.354167 0.115625 0.354167 0.118750 0.359375 0.121875 0.364583 0.121875 0.369792 0.118750 0.369792 0.115625 0.364583 0.112500
0 0.588542 0.475000 0.583333 0.478125 0.583333 0.484375 0.588542 0.487500 0.588542 0.493750 0.593750 0.493750 0.593750 0.487500 0.598958 0.484375 0.598958 0.478125 0.593750 0.475000
0 0.192708 0.212500 0.187500 0.215625 0.187500 0.218750 0.192708 0.221875 0.197917 0.221875 0.203125 0.218750 0.203125 0.215625 0.197917 0.212500
0 0.192708 0.237500 0.187500 0.240625 0.187500 0.256250 0.192708 0.259375 0.197917 0.259375 0.203125 0.256250 0.203125 0.240625 0.197917 0.237500
0 1.026042 0.037500 1.020833 0.040625 1.020833 0.043750 1.026042 0.046875 1.031250 0.046875 1.036458 0.043750 1.036458 0.040625 1.031250 0.037500
0 0.026042 0.425000 0.020833 0.428125 0.020833 0.431250 0.026042 0.434375 0.031250 0.434375 0.036458 0.431250 0.036458 0.428125 0.031250 0.425000
0 0.421875 0.562500 0.416667 0.565625 0.416667 0.581250 0.421875 0.584375 0.427083 0.584375 0.437500 0.578125 0.437500 0.565625 0.432292 0.565625 0.427083 0.562500
0 1.234375 0.237500 1.229167 0.240625 1.229167 0.243750 1.234375 0.246875 1.260417 0.246875 1.265625 0.243750 1.265625 0.240625 1.260417 0.237500
0 0.567708 0.228125 0.567708 0.240625 0.572917 0.240625 0.572917 0.228125
0 1.234375 0.437500 1.229167 0.440625 1.229167 0.443750 1.234375 0.446875 1.239583 0.446875 1.244792 0.443750 1.244792 0.440625 1.239583 0.437500
