0 0.463542 0.437500 0.458333 0.440625 0.458333 0.456250 0.463542 0.459375 0.510417 0.459375 0.515625 0.456250 0.515625 0.440625 0.510417 0.437500
0 0.255208 0.350000 0.250000 0.353125 0.250000 0.368750 0.255208 0.371875 0.281250 0.371875 0.286458 0.368750 0.286458 0.365625 0.291667 0.362500 0.291667 0.359375 0.296875 0.356250 0.296875 0.353125 0.291667 0.353125 0.286458 0.350000
0 0.296875 0.162500 0.291667 0.165625 0.291667 0.193750 0.296875 0.196875 0.322917 0.196875 0.328125 0.193750 0.328125 0.190625 0.338542 0.184375 0.343750 0.184375 0.348958 0.181250 0.348958 0.178125 0.343750 0.175000 0.343750 0.171875 0.333333 0.165625 0.328125 0.165625 0.322917 0.162500
0 1.651042 0.437500 1.645833 0.440625 1.645833 0.468750 1.651042 0.471875 1.661458 0.471875 1.661458 0.437500
0 0.338542 0.137500 0.333333 0.140625 0.333333 0.156250 0.338542 0.159375 0.364583 0.159375 0.369792 0.156250 0.369792 0.140625 0.364583 0.137500
0 0.151042 0.462500 0.145833 0.465625 0.145833 0.468750 0.151042 0.471875 0.151042 0.475000 0.161458 0.475000 0.166667 0.471875 0.177083 0.471875 0.182292 0.468750 0.182292 0.465625 0.177083 0.462500
0 1.609375 0.037500 1.604167 0.040625 1.604167 0.043750 1.609375 0.046875 1.614583 0.046875 1.619792 0.043750 1.619792 0.040625 1.614583 0.037500
0 0.942708 0.037500 0.937500 0.040625 0.937500 0.068750 0.942708 0.071875 0.973958 0.071875 0.979167 0.068750 0.984375 0.068750 0.989583 0.065625 0.989583 0.053125 0.994792 0.050000 0.994792 0.040625 0.989583 0.037500
0 1.567708 0.150000 1.562500 0.153125 1.562500 0.181250 1.567708 0.184375 1.604167 0.184375 1.609375 0.181250 1.614583 0.181250 1.614583 0.178125 1.619792 0.175000 1.619792 0.165625 1.614583 0.162500 1.614583 0.159375 1.604167 0.153125 1.598958 0.153125 1.593750 0.150000
0 1.484375 0.050000 1.479167 0.053125 1.479167 0.068750 1.484375 0.071875 1.484375 0.075000 1.494792 0.081250 1.500000 0.081250 1.505208 0.084375 1.510417 0.084375 1.515625 0.081250 1.515625 0.078125 1.531250 0.068750 1.531250 0.065625 1.515625 0.056250 1.515625 0.053125 1.510417 0.050000
0 0.859375 0.165625 0.859375 0.168750 0.864583 0.168750 0.864583 0.165625
0 1.546875 0.087500 1.541667 0.090625 1.541667 0.093750 1.546875 0.096875 1.557292 0.096875 1.562500 0.093750 1.567708 0.093750 1.567708 0.090625 1.562500 0.090625 1.557292 0.087500
0 1.609375 0.403125 1.609375 0.418750 1.614583 0.418750 1.614583 0.403125
0 1.442708 0.350000 1.437500 0.353125 1.437500 0.368750 1.442708 0.371875 1.447917 0.371875 1.453125 0.368750 1.453125 0.353125 1.447917 0.350000
0 0.234375 0.190625 0.234375 0.193750 0.239583 0.193750 0.239583 0.190625
0 0.817708 0.587500 0.812500 0.590625 0.812500 0.596875 0.828125 0.596875 0.828125 0.590625 0.822917 0.587500
0 1.651042 0.225000 1.645833 0.228125 1.645833 0.231250 1.651042 0.234375 1.661458 0.234375 1.661458 0.225000
0 0.109375 0.315625 0.109375 0.318750 0.114583 0.318750 0.114583 0.315625
0 1.234375 0.587500 1.229167 0.590625 1.229167 0.596875 1.244792 0.596875 1.244792 0.590625 1.239583 0.587500
0 0.234375 0.425000 0.229167 0.428125 0.229167 0.431250 0.234375 0.434375 0.239583 0.434375 0.244792 0.431250 0.244792 0.428125 0.239583 0.425000
0 1.109375 0.487500 1.104167 0.490625 1.104167 0.493750 1.109375 0.496875 1.114583 0.496875 1.119792 0.493750 1.119792 0.490625 1.114583 0.487500
0 0.088542 0.265625 0.088542 0.268750 0.093750 0.268750 0.093750 0.265625
0 1.151042 0.475000 1.145833 0.478125 1.145833 0.484375 1.151042 0.487500 1.151042 0.490625 1.156250 0.490625 1.156250 0.487500 1.161458 0.484375 1.161458 0.478125 1.156250 0.475000
0 0.192708 0.262500 0.187500 0.265625 0.187500 0.281250 0.192708 0.284375 0.197917 0.284375 0.203125 0.281250 0.203125 0.265625 0.197917 0.262500
0 1.359375 0.265625 1.354167 0.268750 1.359375 0.271875 1.364583 0.271875 1.369792 0.268750 1.364583 0.265625
0 0.421875 0.462500 0.416667 0.465625 0.416667 0.468750 0.421875 0.471875 0.447917 0.471875 0.453125 0.468750 0.453125 0.465625 0.447917 0.462500
0 1.317708 0.562500 1.312500 0.565625 1.312500 0.578125 1.317708 0.581250 1.322917 0.581250 1.328125 0.578125 1.328125 0.565625 1.322917 0.562500
0 1.296875 0.125000 1.291667 0.128125 1.291667 0.131250 1.296875 0.134375 1.302083 0.134375 1.307292 0.131250 1.307292 0.128125 1.302083 0.125000
0 0.526042 0.400000 0.520833 0.403125 0.520833 0.415625 0.526042 0.418750 0.531250 0.418750 0.536458 0.415625 0.536458 0.409375 0.541667 0.406250 0.531250 0.400000
0 1.567708 0.112500 1.562500 0.115625 1.562500 0.118750 1.567708 0.121875 1.572917 0.121875 1.578125 0.118750 1.578125 0.115625 1.572917 0.112500
0 0.651042 0.287500 0.645833 0.290625 0.645833 0.306250 0.651042 0.309375 0.666667 0.309375 0.671875 0.306250 0.677083 0.306250 0.677083 0.303125 0.682292 0.300000 0.682292 0.290625 0.677083 0.287500
0 1.364583 0.275000 1.354167 0.281250 1.354167 0.293750 1.359375 0.296875 1.364583 0.296875 1.369792 0.293750 1.369792 0.290625 1.380208 0.284375 1.385417 0.284375 1.390625 0.281250 1.390625 0.278125 1.385417 0.275000
0 0.442708 0.312500 0.437500 0.315625 0.437500 0.331250 0.442708 0.334375 0.468750 0.334375 0.473958 0.331250 0.473958 0.315625 0.468750 0.312500
0 0.984375 0.415625 0.984375 0.421875 0.989583 0.421875 0.989583 0.415625
0 0.984375 0.287500 0.979167 0.290625 0.979167 0.293750 0.984375 0.296875 0.989583 0.296875 0.994792 0.293750 0.994792 0.290625 0.989583 0.287500
0 1.630208 0.212500 1.625000 0.215625 1.625000 0.218750 1.630208 0.221875 1.635417 0.221875 1.640625 0.218750 1.640625 0.215625 1.635417 0.212500
0 0.630208 0.528125 0.630208 0.531250 0.635417 0.531250 0.635417 0.528125
0 1.442708 0.137500 1.437500 0.140625 1.437500 0.143750 1.442708 0.146875 1.447917 0.146875 1.453125 0.143750 1.453125 0.140625 1.447917 0.137500
0 1.442708 0.378125 1.442708 0.381250 1.447917 0.381250 1.447917 0.378125
0 0.380208 0.350000 0.375000 0.353125 0.375000 0.356250 0.380208 0.359375 0.385417 0.359375 0.390625 0.356250 0.390625 0.353125 0.385417 0.350000
0 1.171875 0.112500 1.166667 0.115625 1.166667 0.118750 1.171875 0.121875 1.177083 0.121875 1.182292 0.118750 1.182292 0.115625 1.177083 0.112500
0 1.067708 0.012500 1.062500 0.015625 1.062500 0.018750 1.067708 0.021875 1.072917 0.021875 1.078125 0.018750 1.078125 0.015625 1.072917 0.012500
0 1.526042 0.312500 1.520833 0.315625 1.520833 0.318750 1.526042 0.321875 1.531250 0.321875 1.536458 0.318750 1.536458 0.315625 1.531250 0.312500
0 0.776042 0.137500 0.770833 0.140625 0.770833 0.153125 0.776042 0.156250 0.781250 0.156250 0.786458 0.153125 0.786458 0.140625 0.781250 0.137500
0 0.880208 0.112500 0.875000 0.115625 0.875000 0.118750 0.880208 0.121875 0.885417 0.121875 0.890625 0.118750 0.890625 0.115625 0.885417 0.112500
0 1.026042 0.437500 1.020833 0.440625 1.020833 0.443750 1.026042 0.446875 1.031250 0.446875 1.036458 0.443750 1.036458 0.440625 1.031250 0.437500
0 1.109375 0.587500 1.104167 0.590625 1.104167 0.596875 1.119792 0.596875 1.119792 0.590625 1.114583 0.587500
0 0.776042 0.128125 0.776042 0.131250 0.781250 0.131250 0.781250 0.128125
0 1.588542 0.250000 1.583333 0.253125 1.583333 0.256250 1.588542 0.259375 1.593750 0.259375 1.598958 0.256250 1.598958 0.253125 1.593750 0.250000
