0 0.0010689470871191875 0.40625 0.0005344735435595938 0.4078125 0.0005344735435595938 0.4109375 0.0 0.4125 0.0 0.421875 0.0005344735435595938 0.4234375 0.002672367717797969 0.4234375 0.003206841261357563 0.421875 0.003206841261357563 0.4203125 0.0037413148049171567 0.41875 0.0037413148049171567 0.4109375 0.003206841261357563 0.409375 0.003206841261357563 0.4078125 0.002672367717797969 0.40625
0 0.004810261892036344 0.8078125 0.00427578834847675 0.809375 0.0037413148049171567 0.809375 0.003206841261357563 0.8109375 0.003206841261357563 0.815625 0.004810261892036344 0.815625 0.005879208979155532 0.8125 0.005879208979155532 0.809375 0.005344735435595938 0.8078125
0 0.005879208979155532 0.528125 0.0037413148049171567 0.534375 0.0037413148049171567 0.5359375 0.004810261892036344 0.5390625 0.004810261892036344 0.540625 0.00694815606627472 0.546875 0.0074826296098343134 0.546875 0.008017103153393906 0.5453125 0.0085515766969535 0.5453125 0.009086050240513094 0.54375 0.009086050240513094 0.5359375 0.008017103153393906 0.5328125 0.008017103153393906 0.53125 0.00694815606627472 0.528125
0 0.00427578834847675 0.84375 0.003206841261357563 0.846875 0.003206841261357563 0.853125 0.0037413148049171567 0.8546875 0.0037413148049171567 0.85625 0.0074826296098343134 0.85625 0.008017103153393906 0.8546875 0.0085515766969535 0.8546875 0.0085515766969535 0.853125 0.009086050240513094 0.8515625 0.009086050240513094 0.8484375 0.0085515766969535 0.846875 0.008017103153393906 0.846875 0.0074826296098343134 0.8453125 0.00694815606627472 0.8453125 0.006413682522715126 0.84375
0 0.00694815606627472 0.075 0.005879208979155532 0.078125 0.005879208979155532 0.0796875 0.006413682522715126 0.08125 0.006413682522715126 0.0828125 0.00694815606627472 0.084375 0.0085515766969535 0.084375 0.009086050240513094 0.0828125 0.009086050240513094 0.0765625 0.0085515766969535 0.075
0 0.008017103153393906 0.1296875 0.008017103153393906 0.1359375 0.009086050240513094 0.1359375 0.009620523784072688 0.134375 0.009620523784072688 0.13125 0.009086050240513094 0.1296875
0 0.0085515766969535 0.7484375 0.008017103153393906 0.75 0.008017103153393906 0.759375 0.009086050240513094 0.7625 0.010154997327632281 0.7625 0.010689470871191877 0.7609375 0.010689470871191877 0.7578125 0.01122394441475147 0.75625 0.01122394441475147 0.7546875 0.010689470871191877 0.753125 0.010689470871191877 0.75 0.010154997327632281 0.7484375
0 0.01122394441475147 0.3703125 0.010689470871191877 0.371875 0.010154997327632281 0.371875 0.009620523784072688 0.3734375 0.009620523784072688 0.375 0.009086050240513094 0.3765625 0.009086050240513094 0.378125 0.0085515766969535 0.3796875 0.009086050240513094 0.38125 0.009086050240513094 0.3828125 0.010689470871191877 0.3875 0.012827365045430252 0.3875 0.01389631213254944 0.384375 0.01389631213254944 0.3765625 0.012827365045430252 0.3734375 0.012827365045430252 0.371875 0.012292891501870658 0.371875 0.011758417958311064 0.3703125
0 0.013361838588989846 0.4671875 0.012827365045430252 0.46875 0.012292891501870658 0.46875 0.011758417958311064 0.4703125 0.011758417958311064 0.471875 0.01122394441475147 0.4734375 0.01122394441475147 0.4765625 0.011758417958311064 0.478125 0.011758417958311064 0.4796875 0.012292891501870658 0.4796875 0.012827365045430252 0.48125 0.013361838588989846 0.48125 0.01389631213254944 0.4828125 0.014430785676109033 0.48125 0.01549973276322822 0.48125 0.016568679850347406 0.478125 0.016568679850347406 0.471875 0.01549973276322822 0.46875 0.014965259219668627 0.46875 0.014430785676109033 0.4671875
0 0.02672367717797969 0.3796875 0.026189203634420097 0.38125 0.026189203634420097 0.3859375 0.02779262426509888 0.3859375 0.028327097808658473 0.384375 0.028327097808658473 0.38125 0.02779262426509888 0.3796875
0 0.029930518439337254 0.2328125 0.029930518439337254 0.234375 0.02939604489577766 0.2359375 0.02939604489577766 0.240625 0.030464991982896848 0.24375 0.03153393907001603 0.24375 0.03260288615713522 0.240625 0.03260288615713522 0.2375 0.032068412613575625 0.2359375 0.032068412613575625 0.234375 0.03153393907001603 0.2328125
0 0.034206306787814 0.2671875 0.03367183324425441 0.26875 0.03367183324425441 0.271875 0.034206306787814 0.2734375 0.036344200962052375 0.2734375 0.03687867450561197 0.271875 0.03687867450561197 0.26875 0.036344200962052375 0.2671875
0 0.03527525387493319 0.5546875 0.034740780331373594 0.55625 0.034740780331373594 0.5578125 0.034206306787814 0.559375 0.034740780331373594 0.5609375 0.034740780331373594 0.5625 0.03527525387493319 0.5640625 0.03687867450561197 0.5640625 0.03741314804917156 0.5625 0.03741314804917156 0.55625 0.03687867450561197 0.5546875
0 0.04489577765900588 0.825 0.04436130411544629 0.8265625 0.04436130411544629 0.8296875 0.045430251202565476 0.8328125 0.04596472474612507 0.83125 0.046499198289684664 0.83125 0.046499198289684664 0.8265625 0.04596472474612507 0.825
0 0.04596472474612507 0.8734375 0.045430251202565476 0.875 0.045430251202565476 0.8765625 0.04596472474612507 0.878125 0.046499198289684664 0.878125 0.04703367183324426 0.8765625 0.04703367183324426 0.8734375
0 0.04703367183324426 0.8765625 0.046499198289684664 0.878125 0.046499198289684664 0.8796875 0.04596472474612507 0.88125 0.04596472474612507 0.8875 0.04703367183324426 0.890625 0.04756814537680385 0.890625 0.048102618920363445 0.8921875 0.049706039551042226 0.8921875 0.05024051309460182 0.890625 0.05024051309460182 0.884375 0.050774986638161414 0.8828125 0.050774986638161414 0.878125 0.05024051309460182 0.8765625
0 0.046499198289684664 0.403125 0.04596472474612507 0.4046875 0.04596472474612507 0.4078125 0.045430251202565476 0.409375 0.04596472474612507 0.4109375 0.04596472474612507 0.4140625 0.04917156600748263 0.4234375 0.0518439337252806 0.4234375 0.052378407268840195 0.421875 0.052378407268840195 0.4203125 0.05291288081239979 0.41875 0.05291288081239979 0.4125 0.0518439337252806 0.409375 0.0518439337252806 0.4078125 0.05024051309460182 0.403125
0 0.05130946018172101 0.934375 0.050774986638161414 0.9359375 0.05130946018172101 0.9375 0.052378407268840195 0.9375 0.052378407268840195 0.934375
0 0.05558524853019776 0.01875 0.05451630144307857 0.021875 0.05451630144307857 0.025 0.055050774986638164 0.0265625 0.05558524853019776 0.0265625 0.05611972207375735 0.028125 0.05718866916087654 0.028125 0.05772314270443613 0.0265625 0.058257616247995726 0.0265625 0.058257616247995726 0.0234375 0.056654195617316945 0.01875
0 0.05718866916087654 0.065625 0.05558524853019776 0.0703125 0.05558524853019776 0.078125 0.058257616247995726 0.078125 0.05879208979155532 0.0765625 0.059326563335114914 0.0765625 0.059326563335114914 0.075 0.05986103687867451 0.0734375 0.05986103687867451 0.0703125 0.058257616247995726 0.065625
0 0.05772314270443613 0.809375 0.05718866916087654 0.8109375 0.056654195617316945 0.8109375 0.056654195617316945 0.8125 0.05611972207375735 0.8140625 0.05558524853019776 0.8140625 0.05558524853019776 0.8171875 0.05772314270443613 0.8234375 0.05879208979155532 0.8234375 0.05986103687867451 0.8203125 0.05986103687867451 0.8125 0.059326563335114914 0.8109375 0.05879208979155532 0.8109375 0.058257616247995726 0.809375
0 0.0603955104222341 0.0359375 0.058257616247995726 0.0421875 0.058257616247995726 0.0484375 0.0603955104222341 0.0546875 0.06253340459647247 0.0546875 0.06306787814003206 0.053125 0.06360235168359166 0.053125 0.06467129877071084 0.05 0.06467129877071084 0.0421875 0.06413682522715125 0.040625 0.06413682522715125 0.0390625 0.06360235168359166 0.0375 0.06306787814003206 0.0375 0.06253340459647247 0.0359375
0 0.06253340459647247 0.3171875 0.06199893105291288 0.31875 0.06146445750935329 0.31875 0.0603955104222341 0.321875 0.05986103687867451 0.321875 0.05879208979155532 0.325 0.05879208979155532 0.328125 0.059326563335114914 0.3296875 0.059326563335114914 0.33125 0.0603955104222341 0.334375 0.0603955104222341 0.3359375 0.060929983965793695 0.3375 0.06467129877071084 0.3375 0.06467129877071084 0.334375 0.06520577231427044 0.3328125 0.06520577231427044 0.33125 0.06574024585783003 0.3296875 0.06574024585783003 0.328125 0.06520577231427044 0.3265625 0.06520577231427044 0.325 0.06413682522715125 0.321875 0.06413682522715125 0.3203125 0.06360235168359166 0.31875 0.06306787814003206 0.31875
0 0.06520577231427044 0.7984375 0.06467129877071084 0.8 0.06467129877071084 0.8078125 0.06520577231427044 0.809375 0.06627471940138963 0.809375 0.06680919294494922 0.8078125 0.06680919294494922 0.8046875 0.06734366648850881 0.803125 0.06734366648850881 0.8015625 0.06627471940138963 0.7984375
0 0.06680919294494922 0.61875 0.06627471940138963 0.6203125 0.06627471940138963 0.625 0.06680919294494922 0.6265625 0.06680919294494922 0.628125 0.06734366648850881 0.628125 0.06787814003206841 0.6296875 0.068412613575628 0.628125 0.0689470871191876 0.628125 0.07001603420630678 0.625 0.07001603420630678 0.621875 0.0689470871191876 0.61875
0 0.07055050774986638 0.790625 0.07001603420630678 0.7921875 0.06948156066274719 0.7921875 0.06948156066274719 0.79375 0.0689470871191876 0.7953125 0.0689470871191876 0.7984375 0.07001603420630678 0.8015625 0.07215392838054516 0.8015625 0.07268840192410475 0.8 0.07268840192410475 0.7984375 0.07322287546766434 0.796875 0.07322287546766434 0.7953125 0.07161945483698556 0.790625
0 0.07001603420630678 0.859375 0.0689470871191876 0.8625 0.0689470871191876 0.865625 0.06787814003206841 0.86875 0.06787814003206841 0.8703125 0.06734366648850881 0.871875 0.06734366648850881 0.8734375 0.06787814003206841 0.875 0.068412613575628 0.875 0.07001603420630678 0.8796875 0.07055050774986638 0.8796875 0.07108498129342597 0.88125 0.07215392838054516 0.88125 0.07268840192410475 0.8796875 0.07322287546766434 0.8796875 0.07429182255478353 0.8765625 0.07482629609834313 0.8765625 0.07536076964190272 0.875 0.07589524318546231 0.875 0.07589524318546231 0.8671875 0.07429182255478353 0.8625 0.07429182255478353 0.8609375 0.07375734901122394 0.8609375 0.07322287546766434 0.859375
0 0.07215392838054516 0.0640625 0.07161945483698556 0.065625 0.07108498129342597 0.065625 0.07055050774986638 0.0671875 0.07055050774986638 0.06875 0.07001603420630678 0.0703125 0.07055050774986638 0.071875 0.07055050774986638 0.0734375 0.07161945483698556 0.0765625 0.07215392838054516 0.0765625 0.07322287546766434 0.0796875 0.07375734901122394 0.0796875 0.07589524318546231 0.0734375 0.07589524318546231 0.0671875 0.07536076964190272 0.065625 0.07482629609834313 0.065625 0.07429182255478353 0.0640625
0 0.07856761090326028 0.7671875 0.0774986638161411 0.7703125 0.0774986638161411 0.775 0.07910208444681988 0.7796875 0.08017103153393906 0.7796875 0.08070550507749866 0.778125 0.08123997862105825 0.778125 0.08123997862105825 0.7765625 0.08177445216461784 0.775 0.08177445216461784 0.771875 0.08017103153393906 0.7671875
0 0.08551576696953501 0.0203125 0.08444681988241583 0.0234375 0.08444681988241583 0.025 0.08391234633885623 0.0265625 0.08391234633885623 0.0296875 0.08337787279529664 0.03125 0.08337787279529664 0.0375 0.08391234633885623 0.0375 0.08444681988241583 0.0390625 0.08498129342597542 0.0390625 0.08605024051309461 0.0421875 0.0871191876002138 0.0421875 0.08765366114377339 0.04375 0.08872260823089258 0.04375 0.08872260823089258 0.0421875 0.08979155531801176 0.0390625 0.09032602886157136 0.0390625 0.09086050240513095 0.0375 0.09086050240513095 0.0359375 0.09032602886157136 0.034375 0.09032602886157136 0.0234375 0.08979155531801176 0.021875 0.08925708177445217 0.021875 0.08872260823089258 0.0203125
0 0.08925708177445217 0.0625 0.08872260823089258 0.0640625 0.08818813468733298 0.0640625 0.08765366114377339 0.065625 0.08765366114377339 0.0671875 0.0865847140566542 0.0703125 0.0865847140566542 0.0734375 0.0871191876002138 0.075 0.0871191876002138 0.0765625 0.08765366114377339 0.078125 0.08765366114377339 0.0796875 0.08818813468733298 0.08125 0.08925708177445217 0.08125 0.08979155531801176 0.0796875 0.09086050240513095 0.0796875 0.09139497594869055 0.078125 0.09246392303580973 0.078125 0.09353287012292892 0.075 0.09353287012292892 0.0703125 0.09299839657936933 0.06875 0.09299839657936933 0.0671875 0.09246392303580973 0.065625 0.09246392303580973 0.0640625 0.09192944949225014 0.0640625 0.09139497594869055 0.0625
0 0.09139497594869055 0.00625 0.09139497594869055 0.0078125 0.09032602886157136 0.0109375 0.09032602886157136 0.0125 0.09086050240513095 0.0125 0.09139497594869055 0.0140625 0.09353287012292892 0.0140625 0.09406734366648851 0.0125 0.09406734366648851 0.0078125 0.09353287012292892 0.00625
0 0.09192944949225014 0.8625 0.09139497594869055 0.8640625 0.09139497594869055 0.875 0.09299839657936933 0.8796875 0.0951362907536077 0.8796875 0.09620523784072689 0.8765625 0.09620523784072689 0.8671875 0.0956707642971673 0.865625 0.0956707642971673 0.8640625 0.0951362907536077 0.8625
0 0.0951362907536077 0.8921875 0.09406734366648851 0.8953125 0.09406734366648851 0.8984375 0.09353287012292892 0.9 0.09353287012292892 0.9015625 0.09406734366648851 0.903125 0.09406734366648851 0.9046875 0.09353287012292892 0.90625 0.09353287012292892 0.9078125 0.09460181721004811 0.9109375 0.09941207910208445 0.9109375 0.10048102618920364 0.9078125 0.10048102618920364 0.9046875 0.10101549973276323 0.903125 0.10101549973276323 0.9 0.10048102618920364 0.8984375 0.10048102618920364 0.8953125 0.09941207910208445 0.8921875
0 0.09780865847140567 0.0296875 0.09673971138428648 0.0328125 0.09620523784072689 0.0328125 0.0951362907536077 0.0359375 0.0951362907536077 0.0375 0.09460181721004811 0.0390625 0.09460181721004811 0.05 0.0951362907536077 0.0515625 0.0956707642971673 0.0515625 0.09620523784072689 0.053125 0.09673971138428648 0.053125 0.09727418492784608 0.0546875 0.09941207910208445 0.0546875 0.09994655264564405 0.053125 0.10048102618920364 0.053125 0.10101549973276323 0.0515625 0.10101549973276323 0.0484375 0.10154997327632283 0.046875 0.10154997327632283 0.0453125 0.10208444681988242 0.04375 0.10208444681988242 0.034375 0.10101549973276323 0.03125 0.10048102618920364 0.03125 0.09994655264564405 0.0296875
0 0.09780865847140567 0.5546875 0.09673971138428648 0.5578125 0.09673971138428648 0.559375 0.09727418492784608 0.5609375 0.09834313201496526 0.5609375 0.09941207910208445 0.5578125 0.09834313201496526 0.5546875
0 0.10101549973276323 0.153125 0.10048102618920364 0.1546875 0.10048102618920364 0.165625 0.10101549973276323 0.165625 0.10154997327632283 0.1671875 0.10208444681988242 0.1671875 0.10261892036344201 0.165625 0.1036878674505612 0.165625 0.10529128808123998 0.1609375 0.10529128808123998 0.159375 0.10475681453768039 0.1578125 0.10475681453768039 0.15625 0.1042223409941208 0.1546875 0.1036878674505612 0.1546875 0.10315339390700161 0.153125
0 0.10261892036344201 0.115625 0.10208444681988242 0.1171875 0.10208444681988242 0.1203125 0.10261892036344201 0.121875 0.10261892036344201 0.1234375 0.10315339390700161 0.125 0.10475681453768039 0.125 0.10475681453768039 0.1234375 0.10529128808123998 0.121875 0.10529128808123998 0.115625
0 0.10636023516835917 0.634375 0.10582576162479958 0.6359375 0.10475681453768039 0.6359375 0.1042223409941208 0.6375 0.1036878674505612 0.6375 0.10261892036344201 0.640625 0.10261892036344201 0.646875 0.10315339390700161 0.6484375 0.10315339390700161 0.65 0.1036878674505612 0.6515625 0.1036878674505612 0.653125 0.1042223409941208 0.653125 0.10529128808123998 0.65625 0.10742918225547836 0.65625 0.10956707642971673 0.65 0.10956707642971673 0.646875 0.11010154997327633 0.6453125 0.10956707642971673 0.64375 0.10956707642971673 0.640625 0.10742918225547836 0.634375
0 0.11918760021378942 0.88125 0.11811865312667023 0.884375 0.11811865312667023 0.8890625 0.11918760021378942 0.8921875 0.11972207375734902 0.8921875 0.12025654730090861 0.890625 0.1207910208444682 0.890625 0.1213254943880278 0.8890625 0.1213254943880278 0.8828125 0.1207910208444682 0.8828125 0.12025654730090861 0.88125
0 0.11972207375734902 0.35 0.11918760021378942 0.3515625 0.11918760021378942 0.3546875 0.1207910208444682 0.3546875 0.1207910208444682 0.35
0 0.11811865312667023 0.4515625 0.11758417958311064 0.453125 0.11758417958311064 0.4546875 0.11704970603955105 0.45625 0.11704970603955105 0.459375 0.11758417958311064 0.4609375 0.11758417958311064 0.4640625 0.11811865312667023 0.465625 0.11865312667022983 0.465625 0.11918760021378942 0.4671875 0.11972207375734902 0.4671875 0.1207910208444682 0.4703125 0.12185996793158739 0.4703125 0.12239444147514698 0.46875 0.12239444147514698 0.4640625 0.12292891501870658 0.4625 0.12292891501870658 0.4546875 0.12239444147514698 0.453125 0.12185996793158739 0.453125 0.1213254943880278 0.4515625
0 0.1277391769107429 0.63125 0.12667022982362372 0.634375 0.12667022982362372 0.640625 0.1272047033671833 0.6421875 0.1277391769107429 0.6421875 0.1282736504543025 0.64375 0.1288081239978621 0.64375 0.1293425975414217 0.6421875 0.12987707108498128 0.6421875 0.13041154462854088 0.640625 0.13041154462854088 0.6390625 0.13094601817210047 0.6375 0.13094601817210047 0.6359375 0.12987707108498128 0.6328125 0.12987707108498128 0.63125
0 0.1288081239978621 0.50625 0.1272047033671833 0.5109375 0.1272047033671833 0.51875 0.1288081239978621 0.5234375 0.1293425975414217 0.5234375 0.13094601817210047 0.51875 0.13094601817210047 0.5140625 0.13148049171566006 0.5125 0.13148049171566006 0.5109375 0.13094601817210047 0.509375 0.13094601817210047 0.5078125 0.13041154462854088 0.50625
0 0.13041154462854088 0.5390625 0.1293425975414217 0.5421875 0.1293425975414217 0.5484375 0.12987707108498128 0.55 0.13254943880277925 0.55 0.13254943880277925 0.5484375 0.13308391234633885 0.546875 0.13308391234633885 0.54375 0.13148049171566006 0.5390625
0 0.13254943880277925 0.475 0.13201496525921966 0.4765625 0.13148049171566006 0.4765625 0.13148049171566006 0.478125 0.13094601817210047 0.4796875 0.13094601817210047 0.4875 0.13148049171566006 0.4890625 0.13308391234633885 0.4890625 0.13415285943345803 0.4859375 0.13415285943345803 0.484375 0.13468733297701763 0.4828125 0.13468733297701763 0.4796875 0.13415285943345803 0.478125 0.13415285943345803 0.4765625 0.13361838588989844 0.475
0 0.13896312132549438 0.1234375 0.1373597006948156 0.128125 0.1373597006948156 0.13125 0.1378941742383752 0.1328125 0.1378941742383752 0.134375 0.13842864778193478 0.1359375 0.13949759486905397 0.1359375 0.14003206841261356 0.1375 0.14056654195617316 0.1359375 0.14163548904329235 0.1359375 0.14216996258685194 0.134375 0.14270443613041153 0.134375 0.14270443613041153 0.13125 0.14216996258685194 0.1296875 0.14216996258685194 0.1265625 0.14163548904329235 0.125 0.14163548904329235 0.1234375
0 0.14751469802244788 0.1640625 0.14698022447888828 0.165625 0.1464457509353287 0.165625 0.1459112773917691 0.1671875 0.1453768038482095 0.1671875 0.1448423303046499 0.16875 0.1448423303046499 0.1765625 0.1453768038482095 0.178125 0.1453768038482095 0.1796875 0.1459112773917691 0.18125 0.1464457509353287 0.18125 0.14751469802244788 0.184375 0.14911811865312666 0.184375 0.14965259219668625 0.1828125 0.14965259219668625 0.18125 0.15072153928380544 0.178125 0.15072153928380544 0.1765625 0.15125601282736503 0.175 0.15125601282736503 0.171875 0.15018706574024585 0.16875 0.14965259219668625 0.16875 0.14804917156600747 0.1640625
0 0.153928380545163 0.609375 0.1533939070016034 0.6109375 0.1533939070016034 0.6125 0.153928380545163 0.6140625 0.1544628540887226 0.6140625 0.1549973276322822 0.6125 0.1549973276322822 0.6109375 0.1544628540887226 0.609375
0 0.1549973276322822 0.93125 0.1544628540887226 0.9328125 0.1544628540887226 0.9390625 0.1549973276322822 0.9390625 0.15553180117584178 0.940625 0.15713522180652056 0.940625 0.15766969535008016 0.9390625 0.15766969535008016 0.9328125 0.15713522180652056 0.93125
0 0.15927311598075894 0.3421875 0.15820416889363975 0.3453125 0.15820416889363975 0.353125 0.15873864243719935 0.3546875 0.16034206306787813 0.3546875 0.16034206306787813 0.353125 0.1619454836985569 0.3484375 0.1619454836985569 0.346875 0.16034206306787813 0.3421875
0 0.1635489043292357 0.0765625 0.1630144307856761 0.078125 0.1630144307856761 0.08125 0.16408337787279528 0.08125 0.16461785141635488 0.0796875
0 0.1630144307856761 0.0203125 0.1630144307856761 0.0296875 0.1635489043292357 0.03125 0.16515232495991447 0.03125 0.16515232495991447 0.0296875 0.16568679850347406 0.028125 0.16568679850347406 0.0234375 0.16461785141635488 0.0203125
0 0.16461785141635488 0.040625 0.16408337787279528 0.0421875 0.1635489043292357 0.0421875 0.1624799572421165 0.0453125 0.1624799572421165 0.0546875 0.1630144307856761 0.0546875 0.16461785141635488 0.059375 0.16622127204703366 0.059375 0.16622127204703366 0.0578125 0.16729021913415287 0.0546875 0.16729021913415287 0.053125 0.16782469267771247 0.0515625 0.16782469267771247 0.0484375 0.16729021913415287 0.046875 0.16729021913415287 0.0453125 0.16568679850347406 0.040625
0 0.17049706039551044 0.0421875 0.16942811330839125 0.0453125 0.17049706039551044 0.0484375 0.17210048102618922 0.0484375 0.17210048102618922 0.0421875
0 0.1726349545697488 0.2296875 0.17210048102618922 0.23125 0.17156600748262962 0.23125 0.17156600748262962 0.2328125 0.17103153393907003 0.234375 0.17103153393907003 0.2375 0.17210048102618922 0.240625 0.173703901656868 0.240625 0.1742383752004276 0.2390625 0.1742383752004276 0.2328125 0.173703901656868 0.23125 0.1731694281133084 0.23125
0 0.18653126670229825 0.03125 0.18546231961517906 0.034375 0.18546231961517906 0.0390625 0.18599679315873865 0.040625 0.18706574024585784 0.040625 0.18760021378941744 0.0390625 0.18813468733297703 0.0390625 0.18813468733297703 0.0328125 0.18760021378941744 0.0328125 0.18706574024585784 0.03125
0 0.18920363442009622 0.778125 0.18920363442009622 0.7796875 0.18866916087653662 0.78125 0.18813468733297703 0.78125 0.18813468733297703 0.7890625 0.18866916087653662 0.7890625 0.1902725815072154 0.79375 0.190807055050775 0.79375 0.1913415285943346 0.7953125 0.19241047568145378 0.7953125 0.19347942276857297 0.7921875 0.19347942276857297 0.790625 0.19401389631213256 0.7890625 0.19401389631213256 0.7828125 0.19294494922501337 0.7796875 0.19241047568145378 0.7796875 0.19187600213789419 0.778125
0 0.1998931052912881 0.64375 0.1993586317477285 0.6453125 0.1988241582041689 0.6453125 0.1988241582041689 0.646875 0.1982896846606093 0.6484375 0.1982896846606093 0.6515625 0.20149652592196687 0.6609375 0.20203099946552647 0.6609375 0.20256547300908606 0.6625 0.20416889363976484 0.6625 0.20470336718332444 0.6609375 0.20470336718332444 0.653125 0.20416889363976484 0.6515625 0.20416889363976484 0.65 0.20363442009620525 0.6484375 0.20363442009620525 0.646875 0.20309994655264565 0.6453125 0.20256547300908606 0.6453125 0.20203099946552647 0.64375
0 0.20149652592196687 0.290625 0.20096205237840728 0.2921875 0.20096205237840728 0.296875 0.20149652592196687 0.2984375 0.20149652592196687 0.3 0.20203099946552647 0.3 0.20256547300908606 0.3015625 0.20309994655264565 0.3015625 0.20363442009620525 0.3 0.20363442009620525 0.2921875 0.20309994655264565 0.290625
0 0.20630678781400322 0.3859375 0.20577231427044362 0.3875 0.20577231427044362 0.3921875 0.20523784072688403 0.39375 0.20523784072688403 0.3984375 0.20577231427044362 0.4 0.20577231427044362 0.4015625 0.20630678781400322 0.403125 0.21004810261892037 0.403125 0.21058257616247997 0.4015625 0.21058257616247997 0.4 0.21165152324959915 0.396875 0.21165152324959915 0.3921875 0.21111704970603956 0.390625 0.21111704970603956 0.3890625 0.21004810261892037 0.3859375
0 0.20951362907536078 0.6265625 0.2084446819882416 0.6296875 0.2084446819882416 0.63125 0.2089791555318012 0.6328125 0.21004810261892037 0.6328125 0.21058257616247997 0.63125 0.21058257616247997 0.628125 0.21004810261892037 0.628125
0 0.21218599679315875 0.19375 0.21165152324959915 0.1953125 0.21111704970603956 0.1953125 0.21111704970603956 0.2 0.21165152324959915 0.2015625 0.21325494388027794 0.2015625 0.21378941742383753 0.2 0.21378941742383753 0.196875 0.21325494388027794 0.1953125 0.21272047033671834 0.1953125
0 0.21272047033671834 0.0375 0.21218599679315875 0.0390625 0.21218599679315875 0.0421875 0.21432389096739712 0.0421875 0.21432389096739712 0.0390625 0.21378941742383753 0.0375
0 0.2159273115980759 0.98125 0.2153928380545163 0.9828125 0.2153928380545163 0.9859375 0.2164617851416355 0.9890625 0.2175307322287547 0.9859375 0.2175307322287547 0.9828125 0.2169962586851951 0.98125
0 0.22340994120791022 0.0890625 0.22180652057723144 0.09375 0.22180652057723144 0.1 0.22287546766435062 0.103125 0.2255478353821486 0.103125 0.22661678246926778 0.1 0.22661678246926778 0.0921875 0.2260823089257082 0.090625 0.2255478353821486 0.090625 0.225013361838589 0.0890625
0 0.22661678246926778 0.6421875 0.2260823089257082 0.64375 0.22661678246926778 0.6453125 0.22715125601282737 0.6453125 0.22768572955638697 0.64375 0.22768572955638697 0.6421875
0 0.23196151790486372 0.528125 0.23142704436130412 0.5296875 0.23035809727418494 0.5296875 0.22928915018706575 0.5328125 0.22928915018706575 0.5375 0.22982362373062534 0.5390625 0.23035809727418494 0.5390625 0.23142704436130412 0.5421875 0.2335649385355425 0.5421875 0.2340994120791021 0.540625 0.2340994120791021 0.5390625 0.2346338856226617 0.5375 0.2346338856226617 0.5328125 0.2340994120791021 0.53125 0.2340994120791021 0.5296875 0.2335649385355425 0.5296875 0.2330304649919829 0.528125
0 0.23035809727418494 0.1453125 0.22928915018706575 0.1484375 0.22928915018706575 0.1515625 0.22875467664350616 0.153125 0.22928915018706575 0.1546875 0.22928915018706575 0.1578125 0.22982362373062534 0.159375 0.22982362373062534 0.1625 0.23089257081774453 0.165625 0.23142704436130412 0.165625 0.23196151790486372 0.1671875 0.2330304649919829 0.1671875 0.2335649385355425 0.16875 0.2340994120791021 0.16875 0.2346338856226617 0.1671875 0.23516835916622128 0.1671875 0.23570283270978087 0.165625 0.23570283270978087 0.1625 0.23623730625334047 0.1609375 0.23623730625334047 0.1578125 0.23570283270978087 0.15625 0.23570283270978087 0.1546875 0.23516835916622128 0.153125 0.23516835916622128 0.1515625 0.2346338856226617 0.15 0.2346338856226617 0.1484375 0.2340994120791021 0.146875 0.2330304649919829 0.146875 0.2324959914484233 0.1453125
0 0.23142704436130412 0.8671875 0.23089257081774453 0.86875 0.23089257081774453 0.8765625 0.23142704436130412 0.878125 0.23196151790486372 0.878125 0.2324959914484233 0.8796875 0.2340994120791021 0.8796875 0.2340994120791021 0.8703125 0.2330304649919829 0.8671875
0 0.2330304649919829 0.3984375 0.2324959914484233 0.4 0.2324959914484233 0.4046875 0.2346338856226617 0.4046875 0.2346338856226617 0.4015625 0.2340994120791021 0.4 0.2340994120791021 0.3984375
0 0.2335649385355425 0.1578125 0.2335649385355425 0.159375 0.2330304649919829 0.1609375 0.2330304649919829 0.1640625 0.2346338856226617 0.16875 0.23623730625334047 0.16875 0.23677177979690006 0.1671875 0.23677177979690006 0.1625 0.23516835916622128 0.1578125
0 0.2346338856226617 0.55625 0.2340994120791021 0.5578125 0.2340994120791021 0.5609375 0.2346338856226617 0.5625 0.23516835916622128 0.5625 0.23570283270978087 0.5640625 0.23570283270978087 0.5625 0.23623730625334047 0.5609375 0.23623730625334047 0.5578125 0.23570283270978087 0.55625
0 0.23997862105825762 0.3703125 0.23890967397113844 0.3734375 0.23890967397113844 0.375 0.23944414751469803 0.3765625 0.24051309460181722 0.3765625 0.2410475681453768 0.375 0.2410475681453768 0.3703125
0 0.2426509887760556 0.634375 0.242116515232496 0.6359375 0.242116515232496 0.6421875 0.2426509887760556 0.6421875 0.2431854623196152 0.64375 0.24371993586317478 0.64375 0.24425440940673437 0.6421875 0.24478888295029397 0.6421875 0.24478888295029397 0.6359375 0.24425440940673437 0.6359375 0.24371993586317478 0.634375
0 0.24371993586317478 0.19375 0.24371993586317478 0.1984375 0.24425440940673437 0.2 0.24425440940673437 0.2015625 0.24532335649385356 0.2015625 0.24585783003741316 0.2 0.24585783003741316 0.196875 0.24478888295029397 0.19375
0 0.24425440940673437 0.25625 0.24371993586317478 0.2578125 0.24371993586317478 0.2609375 0.24425440940673437 0.2625 0.24425440940673437 0.2640625 0.24532335649385356 0.2671875 0.24692677712453234 0.2671875 0.24692677712453234 0.265625 0.24746125066809194 0.2640625 0.24746125066809194 0.2609375 0.24639230358097275 0.2578125 0.24585783003741316 0.2578125 0.24532335649385356 0.25625
0 0.24692677712453234 0.153125 0.24639230358097275 0.1546875 0.24585783003741316 0.1546875 0.24585783003741316 0.1625 0.24799572421165153 0.1625 0.24906467129877072 0.159375 0.24906467129877072 0.15625 0.24799572421165153 0.153125
0 0.24799572421165153 0.446875 0.24639230358097275 0.4515625 0.24639230358097275 0.4578125 0.24692677712453234 0.459375 0.24692677712453234 0.4609375 0.24746125066809194 0.4625 0.24799572421165153 0.4625 0.24853019775521112 0.4640625 0.2506680919294495 0.4640625 0.25120256547300907 0.4625 0.25120256547300907 0.453125 0.2517370390165687 0.4515625 0.2517370390165687 0.4484375 0.25120256547300907 0.446875
0 0.2506680919294495 0.0609375 0.2501336183858899 0.0625 0.2501336183858899 0.065625 0.25120256547300907 0.065625 0.25120256547300907 0.0625
0 0.25387493319080706 0.9796875 0.25334045964724744 0.98125 0.25334045964724744 0.9890625 0.25387493319080706 0.990625 0.2544094067343666 0.990625 0.25494388027792625 0.9921875 0.2570817744521646 0.9921875 0.2570817744521646 0.990625 0.2576162479957242 0.9890625 0.2576162479957242 0.9875 0.2570817744521646 0.9859375 0.2570817744521646 0.984375 0.2554783538214858 0.9796875
0 0.2554783538214858 0.50625 0.25494388027792625 0.5078125 0.2544094067343666 0.5078125 0.2544094067343666 0.5140625 0.25601282736504544 0.51875 0.2576162479957242 0.51875 0.2586851950828434 0.515625 0.2586851950828434 0.509375 0.2576162479957242 0.50625
0 0.26830571886691607 0.921875 0.2672367717797969 0.925 0.2672367717797969 0.9328125 0.2677712453233565 0.934375 0.26830571886691607 0.934375 0.2688401924104757 0.9328125 0.26937466595403525 0.9328125 0.2699091394975949 0.93125 0.27044361304115444 0.93125 0.27044361304115444 0.9296875 0.27097808658471406 0.928125 0.27097808658471406 0.925 0.27044361304115444 0.9234375 0.27044361304115444 0.921875
0 0.2699091394975949 0.1125 0.26937466595403525 0.1140625 0.2688401924104757 0.1140625 0.2672367717797969 0.11875 0.2672367717797969 0.128125 0.2688401924104757 0.1328125 0.2699091394975949 0.1328125 0.27044361304115444 0.134375 0.27204703367183325 0.134375 0.2725815072153928 0.1328125 0.27311598075895244 0.1328125 0.273650454302512 0.13125 0.273650454302512 0.1296875 0.2741849278460716 0.128125 0.2741849278460716 0.125 0.273650454302512 0.1234375 0.273650454302512 0.121875 0.27311598075895244 0.1203125 0.27311598075895244 0.11875 0.2725815072153928 0.11875 0.27204703367183325 0.1171875 0.27151256012827363 0.1171875
0 0.273650454302512 0.753125 0.27311598075895244 0.7546875 0.2725815072153928 0.7546875 0.27151256012827363 0.7578125 0.27151256012827363 0.765625 0.27204703367183325 0.7671875 0.2741849278460716 0.7671875 0.2752538749331908 0.7640625 0.2752538749331908 0.75625 0.2747194013896312 0.7546875 0.2747194013896312 0.753125
0 0.27204703367183325 0.4265625 0.27204703367183325 0.434375 0.2725815072153928 0.4359375 0.2725815072153928 0.4375 0.27311598075895244 0.4390625 0.27632282202031 0.4390625 0.27685729556386957 0.4375 0.2773917691074292 0.4375 0.2773917691074292 0.4265625
0 0.2838054516301443 0.0125 0.2832709780865847 0.0140625 0.2822020309994655 0.0140625 0.2822020309994655 0.01875 0.2832709780865847 0.021875 0.2848743987172635 0.021875 0.28540887226082307 0.0203125 0.28540887226082307 0.0140625 0.2848743987172635 0.0140625 0.2843399251737039 0.0125
0 0.2838054516301443 0.784375 0.2822020309994655 0.7890625 0.2822020309994655 0.790625 0.2811330839123463 0.79375 0.2811330839123463 0.803125 0.2822020309994655 0.80625 0.2832709780865847 0.80625 0.2838054516301443 0.8078125 0.28540887226082307 0.8078125 0.28647781934794225 0.8046875 0.2870122928915019 0.8046875 0.28861571352218063 0.8 0.28861571352218063 0.796875 0.28915018706574025 0.7953125 0.28861571352218063 0.79375 0.28861571352218063 0.7921875 0.2870122928915019 0.7875 0.2870122928915019 0.7859375 0.28647781934794225 0.7859375 0.2859433458043827 0.784375
0 0.2848743987172635 0.0546875 0.2838054516301443 0.0578125 0.2838054516301443 0.0640625 0.2843399251737039 0.065625 0.2859433458043827 0.065625 0.28647781934794225 0.0640625 0.2870122928915019 0.0640625 0.28754676643506144 0.0625 0.28754676643506144 0.059375 0.28808123997862106 0.0578125 0.2870122928915019 0.0546875
0 0.29021913415285944 0.896875 0.28861571352218063 0.9015625 0.28861571352218063 0.903125 0.2896846606092998 0.90625 0.290753607696419 0.90625 0.290753607696419 0.9046875 0.2918225547835382 0.9015625 0.2912880812399786 0.9 0.2912880812399786 0.8984375 0.290753607696419 0.896875
0 0.2912880812399786 0.46875 0.29021913415285944 0.471875 0.29021913415285944 0.478125 0.290753607696419 0.4796875 0.2912880812399786 0.4796875 0.2918225547835382 0.478125 0.2928915018706574 0.478125 0.293425975414217 0.4765625 0.29396044895777657 0.4765625 0.29396044895777657 0.4703125 0.293425975414217 0.4703125 0.2928915018706574 0.46875
0 0.3030464991982897 0.590625 0.3019775521111705 0.59375 0.30251202565473007 0.5953125 0.30358097274184925 0.5953125 0.3041154462854089 0.59375
0 0.30732228754676644 0.028125 0.3067878140032068 0.0296875 0.3067878140032068 0.03125 0.30625334045964725 0.0328125 0.30625334045964725 0.0375 0.30732228754676644 0.040625 0.307856761090326 0.040625 0.3083912346338856 0.0421875 0.310529128808124 0.0421875 0.3115980758952432 0.0390625 0.3115980758952432 0.0359375 0.31106360235168357 0.034375 0.31106360235168357 0.03125 0.3099946552645644 0.028125
0 0.31587386424371994 0.7875 0.31587386424371994 0.7890625 0.3153393907001603 0.790625 0.3153393907001603 0.7921875 0.31587386424371994 0.79375 0.3174772848743987 0.79375 0.3180117584179583 0.7921875 0.3180117584179583 0.790625 0.3174772848743987 0.7890625 0.3174772848743987 0.7875
0 0.32068412613575625 0.4375 0.3201496525921967 0.4390625 0.3201496525921967 0.4421875 0.32068412613575625 0.44375 0.32175307322287544 0.44375 0.32228754676643506 0.4421875 0.32228754676643506 0.4390625 0.32175307322287544 0.4375
0 0.32923570283270975 0.5359375 0.3287012292891502 0.5375 0.3287012292891502 0.5390625 0.32816675574559057 0.540625 0.32816675574559057 0.5421875 0.3287012292891502 0.54375 0.3287012292891502 0.5453125 0.32923570283270975 0.546875 0.33030464991982894 0.546875 0.33137359700694813 0.54375 0.33137359700694813 0.5375 0.33083912346338856 0.5359375
0 0.33190807055050775 0.2828125 0.33137359700694813 0.284375 0.33083912346338856 0.284375 0.33030464991982894 0.2859375 0.33030464991982894 0.2890625 0.3297701763762694 0.290625 0.33030464991982894 0.2921875 0.33030464991982894 0.2953125 0.33083912346338856 0.296875 0.33083912346338856 0.2984375 0.33137359700694813 0.3 0.3324425440940673 0.3 0.33297701763762694 0.3015625 0.3340459647247461 0.3015625 0.3361838588989845 0.2953125 0.3361838588989845 0.290625 0.33564938535542493 0.2890625 0.33564938535542493 0.2875 0.33458043826830575 0.284375 0.3340459647247461 0.284375 0.33351149118118656 0.2828125
0 0.33458043826830575 0.8078125 0.3340459647247461 0.809375 0.3340459647247461 0.815625 0.33351149118118656 0.8171875 0.33351149118118656 0.81875 0.3340459647247461 0.8203125 0.3340459647247461 0.821875 0.3372528059861037 0.821875 0.3383217530732229 0.81875 0.3383217530732229 0.8140625 0.3372528059861037 0.8109375 0.3372528059861037 0.809375 0.3367183324425441 0.809375 0.3361838588989845 0.8078125
0 0.34313201496525925 0.7390625 0.3425975414216996 0.740625 0.3425975414216996 0.7421875 0.34313201496525925 0.74375 0.34420096205237843 0.74375 0.34420096205237843 0.7390625
0 0.3436664885088188 0.85 0.34206306787814006 0.8546875 0.34206306787814006 0.8578125 0.3425975414216996 0.859375 0.3425975414216996 0.8609375 0.34313201496525925 0.8625 0.3458043826830572 0.8625 0.3463388562266168 0.8609375 0.3468733297701764 0.8609375 0.3468733297701764 0.85625 0.3463388562266168 0.8546875 0.3463388562266168 0.853125 0.3458043826830572 0.8515625 0.3452699091394976 0.8515625 0.344735435595938 0.85
0 0.3452699091394976 0.846875 0.34420096205237843 0.85 0.34420096205237843 0.8515625 0.3436664885088188 0.853125 0.3436664885088188 0.859375 0.34420096205237843 0.8609375 0.34420096205237843 0.8625 0.344735435595938 0.8640625 0.347407803313736 0.8640625 0.347407803313736 0.8609375 0.3484767504008552 0.8578125 0.3484767504008552 0.85 0.347407803313736 0.846875
0 0.3532870122928915 0.203125 0.35275253874933193 0.2046875 0.35275253874933193 0.2125 0.3548904329235703 0.21875 0.3559593800106895 0.21875 0.35649385355424906 0.2171875 0.35649385355424906 0.2109375 0.3559593800106895 0.209375 0.3559593800106895 0.2078125 0.3543559593800107 0.203125
0 0.35916622127204706 0.2390625 0.35863174772848744 0.240625 0.35809727418492787 0.240625 0.35756280064136825 0.2421875 0.35756280064136825 0.24375 0.3570283270978087 0.2453125 0.3570283270978087 0.2484375 0.35756280064136825 0.25 0.35756280064136825 0.2515625 0.35809727418492787 0.253125 0.35916622127204706 0.253125 0.3597006948156066 0.2546875 0.3607696419027258 0.2546875 0.36130411544628543 0.25625 0.3623730625334046 0.253125 0.3623730625334046 0.2453125 0.36023516835916625 0.2390625
0 0.3629075360769642 0.1453125 0.3623730625334046 0.146875 0.361838588989845 0.146875 0.36130411544628543 0.1484375 0.35916622127204706 0.1484375 0.35863174772848744 0.15 0.35809727418492787 0.15 0.3570283270978087 0.153125 0.3570283270978087 0.165625 0.35916622127204706 0.171875 0.3597006948156066 0.171875 0.36023516835916625 0.1734375 0.3623730625334046 0.1734375 0.3629075360769642 0.171875 0.3634420096205238 0.171875 0.3639764831640834 0.1703125 0.3639764831640834 0.16875 0.364510956707643 0.1671875 0.36504543025120256 0.1671875 0.36504543025120256 0.1625 0.36611437733832175 0.159375 0.36611437733832175 0.1546875
0 0.3607696419027258 0.6828125 0.3607696419027258 0.6890625 0.3623730625334046 0.6890625 0.3634420096205238 0.6859375 0.3623730625334046 0.6828125
0 0.37359700694815606 0.90625 0.3730625334045965 0.9078125 0.3725280598610369 0.9078125 0.3725280598610369 0.909375 0.3719935863174773 0.9109375 0.3719935863174773 0.915625 0.3725280598610369 0.9171875 0.37573490112239444 0.9171875 0.3768038482095136 0.9140625 0.37626937466595406 0.9125 0.37626937466595406 0.909375 0.37573490112239444 0.9078125 0.37573490112239444 0.90625
0 0.3768038482095136 0.3515625 0.37626937466595406 0.353125 0.37626937466595406 0.3546875 0.3768038482095136 0.35625 0.3768038482095136 0.3578125 0.37840726884019243 0.3625 0.3805451630144308 0.3625 0.3810796365579904 0.3609375 0.3810796365579904 0.359375 0.3805451630144308 0.3578125 0.3805451630144308 0.35625 0.3800106894708712 0.3546875 0.3800106894708712 0.353125 0.3794762159273116 0.3515625
0 0.3794762159273116 0.6609375 0.3794762159273116 0.6640625 0.3800106894708712 0.665625 0.3805451630144308 0.6640625 0.3805451630144308 0.6625 0.3800106894708712 0.6609375
0 0.3890967397113843 0.0546875 0.3890967397113843 0.05625 0.3885622661678247 0.0578125 0.3885622661678247 0.0625 0.3890967397113843 0.0625 0.3896312132549439 0.0640625 0.39176910742918225 0.0640625 0.39176910742918225 0.0578125 0.39070016034206306 0.0546875
0 0.39070016034206306 0.6875 0.3896312132549439 0.690625 0.3901656867985035 0.6921875 0.3901656867985035 0.69375 0.39070016034206306 0.6953125 0.39176910742918225 0.6953125 0.39230358097274187 0.69375 0.39230358097274187 0.6890625 0.39176910742918225 0.6875
0 0.39337252805986106 0.6203125 0.39283805451630144 0.621875 0.39283805451630144 0.6265625 0.39337252805986106 0.628125 0.3949759486905398 0.628125 0.3949759486905398 0.6265625 0.39551042223409943 0.625 0.39551042223409943 0.6234375 0.39444147514698025 0.6203125
0 0.3965793693212186 0.29375 0.396044895777659 0.2953125 0.39444147514698025 0.2953125 0.39337252805986106 0.2984375 0.39337252805986106 0.3 0.39283805451630144 0.3015625 0.39283805451630144 0.3078125 0.3939070016034206 0.3109375 0.39444147514698025 0.3109375 0.39551042223409943 0.3140625 0.39925173703901656 0.3140625 0.40032068412613575 0.3109375 0.40032068412613575 0.303125 0.3997862105825762 0.3015625 0.3997862105825762 0.3 0.3981827899518974 0.2953125 0.3976483164083378 0.2953125 0.3971138428647782 0.29375
0 0.3949759486905398 0.1953125 0.39444147514698025 0.196875 0.39444147514698025 0.2125 0.3949759486905398 0.2140625 0.3971138428647782 0.2140625 0.3976483164083378 0.2125 0.3976483164083378 0.2109375 0.3981827899518974 0.209375 0.398717263495457 0.209375 0.3997862105825762 0.20625 0.3997862105825762 0.203125 0.3981827899518974 0.1984375 0.3976483164083378 0.1984375 0.3965793693212186 0.1953125
0 0.4045964724746125 0.31875 0.40406199893105293 0.3203125 0.40406199893105293 0.321875 0.4045964724746125 0.3234375 0.4051309460181721 0.321875 0.4051309460181721 0.31875
0 0.4056654195617317 0.4671875 0.4051309460181721 0.46875 0.4051309460181721 0.4703125 0.4045964724746125 0.471875 0.4045964724746125 0.4765625 0.4056654195617317 0.4796875 0.40780331373597006 0.4796875 0.40887226082308925 0.4765625 0.40887226082308925 0.4734375 0.4083377872795297 0.471875 0.4083377872795297 0.46875 0.40780331373597006 0.4671875
0 0.4083377872795297 0.15625 0.40780331373597006 0.1578125 0.4072688401924105 0.1578125 0.4056654195617317 0.1625 0.4056654195617317 0.1671875 0.4067343666488509 0.1703125 0.4072688401924105 0.1703125 0.40780331373597006 0.171875 0.40887226082308925 0.171875 0.4094067343666489 0.1703125 0.40994120791020844 0.171875 0.41047568145376806 0.1703125 0.41154462854088725 0.1703125 0.413148049171566 0.165625 0.413148049171566 0.159375 0.4120791020844468 0.15625
0 0.41902725815072156 0.01875 0.4179583110636024 0.021875 0.4179583110636024 0.0265625 0.41902725815072156 0.0296875 0.4206306787814003 0.0296875 0.4206306787814003 0.021875 0.4195617316942811 0.01875
0 0.4281133083912346 0.3125 0.42757883484767506 0.3140625 0.42704436130411544 0.3140625 0.4265098877605559 0.315625 0.4265098877605559 0.321875 0.4281133083912346 0.3265625 0.430251202565473 0.3265625 0.4307856761090326 0.325 0.4307856761090326 0.315625 0.42971672902191344 0.3125
0 0.42971672902191344 0.6046875 0.4291822554783538 0.60625 0.4281133083912346 0.60625 0.42704436130411544 0.609375 0.42704436130411544 0.6171875 0.42757883484767506 0.61875 0.42864778193479425 0.61875 0.4291822554783538 0.6203125 0.4313201496525922 0.6203125 0.4318546231961518 0.61875 0.4323890967397114 0.61875 0.4323890967397114 0.6171875 0.432923570283271 0.615625 0.432923570283271 0.6078125 0.4318546231961518 0.6046875
0 0.430251202565473 0.15625 0.42971672902191344 0.1578125 0.42971672902191344 0.1640625 0.430251202565473 0.165625 0.430251202565473 0.1671875 0.4313201496525922 0.1703125 0.4318546231961518 0.1703125 0.4323890967397114 0.171875 0.432923570283271 0.171875 0.43345804382683056 0.1703125 0.4339925173703902 0.1703125 0.43452699091394975 0.16875 0.43452699091394975 0.1625 0.4323890967397114 0.15625
0 0.43452699091394975 0.175 0.4339925173703902 0.1765625 0.43345804382683056 0.1765625 0.43345804382683056 0.1859375 0.4339925173703902 0.1875 0.43613041154462856 0.1875 0.4366648850881881 0.1859375 0.4366648850881881 0.1796875 0.43613041154462856 0.178125 0.43613041154462856 0.1765625 0.43559593800106894 0.1765625 0.4350614644575094 0.175
0 0.4350614644575094 0.1515625 0.4350614644575094 0.153125 0.43452699091394975 0.1546875 0.43452699091394975 0.1578125 0.4350614644575094 0.1578125 0.43559593800106894 0.159375 0.43719935863174775 0.159375 0.4377338321753073 0.1578125 0.4377338321753073 0.1546875 0.4366648850881881 0.1515625
0 0.4425440940673437 0.6015625 0.4425440940673437 0.603125 0.44200962052378406 0.6046875 0.4414751469802245 0.6046875 0.4409406734366649 0.60625 0.4409406734366649 0.609375 0.44200962052378406 0.6125 0.4436130411544629 0.6125 0.44468198824158206 0.609375 0.44468198824158206 0.60625 0.4436130411544629 0.603125 0.4436130411544629 0.6015625
0 0.4484233030464992 0.0796875 0.4478888295029396 0.08125 0.44735435595938 0.08125 0.44681988241582044 0.0828125 0.44681988241582044 0.0859375 0.44735435595938 0.0875 0.44735435595938 0.090625 0.4489577765900588 0.0953125 0.4510956707642972 0.0953125 0.45163014430785675 0.09375 0.45163014430785675 0.084375 0.45056119722073756 0.08125 0.450026723677178 0.08125 0.4494922501336184 0.0796875
0 0.4478888295029396 0.3015625 0.44735435595938 0.303125 0.44735435595938 0.3046875 0.44681988241582044 0.30625 0.44681988241582044 0.3078125 0.44735435595938 0.309375 0.44735435595938 0.3109375 0.4484233030464992 0.3140625 0.4510956707642972 0.3140625 0.45163014430785675 0.3125 0.45163014430785675 0.3078125 0.4510956707642972 0.30625 0.4510956707642972 0.3046875 0.45056119722073756 0.303125 0.45056119722073756 0.3015625
0 0.4489577765900588 0.4953125 0.4489577765900588 0.4984375 0.4494922501336184 0.5 0.45056119722073756 0.5 0.4510956707642972 0.4984375 0.4510956707642972 0.4953125
0 0.4521646178514164 0.690625 0.45163014430785675 0.6921875 0.45163014430785675 0.696875 0.45269909139497594 0.7 0.45430251202565475 0.7 0.45430251202565475 0.6984375 0.4548369855692143 0.696875 0.4548369855692143 0.69375 0.45430251202565475 0.6921875 0.45430251202565475 0.690625
0 0.4580438268305719 0.1390625 0.4569748797434527 0.1421875 0.4564404061998931 0.1421875 0.4564404061998931 0.14375 0.4559059326563335 0.1453125 0.4559059326563335 0.15 0.4569748797434527 0.153125 0.4596472474612507 0.153125 0.46018172100481025 0.1515625 0.46018172100481025 0.15 0.4607161945483699 0.1484375 0.4607161945483699 0.140625 0.46018172100481025 0.1390625
0 0.4580438268305719 0.221875 0.4569748797434527 0.225 0.4569748797434527 0.23125 0.4575093532870123 0.2328125 0.4596472474612507 0.2328125 0.46018172100481025 0.23125 0.46018172100481025 0.225 0.45911277391769106 0.221875
0 0.4580438268305719 0.2984375 0.4580438268305719 0.3015625 0.4585783003741315 0.303125 0.45911277391769106 0.3015625 0.45911277391769106 0.3 0.4585783003741315 0.2984375
0 0.4580438268305719 0.5875 0.4575093532870123 0.5890625 0.4575093532870123 0.59375 0.4580438268305719 0.5953125 0.4596472474612507 0.5953125 0.46018172100481025 0.59375 0.46018172100481025 0.590625 0.45911277391769106 0.5875
0 0.46285408872260825 0.565625 0.46178514163548906 0.56875 0.4607161945483699 0.56875 0.46018172100481025 0.5703125 0.4596472474612507 0.5703125 0.4596472474612507 0.571875 0.45911277391769106 0.5734375 0.45911277391769106 0.578125 0.4596472474612507 0.5796875 0.4596472474612507 0.5828125 0.46018172100481025 0.584375 0.4607161945483699 0.584375 0.46285408872260825 0.590625 0.4649919828968466 0.590625 0.4665954035275254 0.5859375 0.467129877071085 0.5859375 0.467129877071085 0.584375 0.46766435061464456 0.5828125 0.46766435061464456 0.5796875 0.467129877071085 0.578125 0.467129877071085 0.5734375 0.4665954035275254 0.571875 0.4665954035275254 0.5703125 0.4649919828968466 0.565625
0 0.467129877071085 0.725 0.4660609299839658 0.728125 0.4660609299839658 0.73125 0.4665954035275254 0.7328125 0.467129877071085 0.7328125 0.46766435061464456 0.734375 0.47033671833244256 0.734375 0.4708711918760021 0.7328125 0.4708711918760021 0.73125 0.47033671833244256 0.7296875 0.47033671833244256 0.728125 0.4692677712453234 0.725
0 0.4740780331373597 0.2703125 0.4735435595938001 0.271875 0.4735435595938001 0.2734375 0.4740780331373597 0.275 0.4746125066809193 0.275 0.4751469802244789 0.2734375 0.4751469802244789 0.2703125
0 0.47621592731159806 0.95625 0.4751469802244789 0.959375 0.4751469802244789 0.9609375 0.4756814537680385 0.9625 0.4767504008551577 0.9625 0.47728487439871725 0.9609375 0.47728487439871725 0.959375 0.4767504008551577 0.9578125 0.4767504008551577 0.95625
0 0.4820951362907536 0.1546875 0.481560662747194 0.15625 0.48102618920363444 0.15625 0.48102618920363444 0.159375 0.481560662747194 0.1609375 0.481560662747194 0.1625 0.4820951362907536 0.1640625 0.48476750400855156 0.1640625 0.48476750400855156 0.1578125 0.4836985569214324 0.1546875
0 0.4826296098343132 0.015625 0.4826296098343132 0.0203125 0.4836985569214324 0.0203125 0.484233030464992 0.01875 0.484233030464992 0.0171875 0.4836985569214324 0.015625
0 0.4927846071619455 0.153125 0.4917156600748263 0.15625 0.4917156600748263 0.159375 0.4927846071619455 0.1625 0.49331908070550506 0.1609375 0.4938535542490647 0.1609375 0.49438802779262425 0.159375 0.49438802779262425 0.1546875 0.49331908070550506 0.1546875
0 0.4949225013361839 0.5203125 0.49438802779262425 0.521875 0.4949225013361839 0.5234375 0.49545697487974344 0.5234375 0.49599144842330306 0.521875 0.49545697487974344 0.5203125
0 0.4965259219668626 0.640625 0.4965259219668626 0.64375 0.49706039551042225 0.6453125 0.4975948690539818 0.6453125 0.49812934259754144 0.64375 0.49812934259754144 0.640625
0 0.5045430251202565 0.40625 0.504008551576697 0.4078125 0.504008551576697 0.4140625 0.5045430251202565 0.415625 0.5050774986638161 0.415625 0.5056119722073757 0.4140625 0.5061464457509354 0.4140625 0.5061464457509354 0.4125 0.5066809192944949 0.4109375 0.5066809192944949 0.409375 0.5061464457509354 0.4078125 0.5061464457509354 0.40625
0 0.5045430251202565 0.5078125 0.504008551576697 0.509375 0.504008551576697 0.5171875 0.5045430251202565 0.51875 0.5061464457509354 0.51875 0.5066809192944949 0.5171875 0.5066809192944949 0.5109375 0.5061464457509354 0.509375 0.5061464457509354 0.5078125
0 0.5072153928380545 0.5375 0.5066809192944949 0.5390625 0.5066809192944949 0.5421875 0.5072153928380545 0.54375 0.5082843399251737 0.54375 0.5088188134687333 0.5421875 0.5088188134687333 0.540625 0.5082843399251737 0.5390625 0.5082843399251737 0.5375
0 0.5163014430785676 0.1015625 0.5163014430785676 0.103125 0.5168359166221272 0.1046875 0.5173703901656868 0.1046875 0.5179048637092464 0.103125 0.5173703901656868 0.1015625
0 0.5168359166221272 0.325 0.5163014430785676 0.3265625 0.515766969535008 0.3265625 0.5152324959914484 0.328125 0.5146980224478889 0.328125 0.5141635489043292 0.3296875 0.5141635489043292 0.3328125 0.5146980224478889 0.334375 0.5146980224478889 0.3359375 0.5163014430785676 0.340625 0.5168359166221272 0.340625 0.5173703901656868 0.3421875 0.5179048637092464 0.340625 0.518439337252806 0.340625 0.5195082843399251 0.3375 0.5195082843399251 0.3359375 0.5200427578834848 0.334375 0.5200427578834848 0.33125 0.5195082843399251 0.3296875 0.5195082843399251 0.328125 0.5189738107963656 0.328125 0.5179048637092464 0.325
0 0.5216461785141635 0.93125 0.5216461785141635 0.9328125 0.521111704970604 0.934375 0.521111704970604 0.9359375 0.5216461785141635 0.9375 0.5216461785141635 0.9390625 0.5232495991448424 0.9390625 0.5237840726884019 0.9375 0.5237840726884019 0.93125
0 0.5280598610368786 0.04375 0.5275253874933191 0.0453125 0.5264564404061999 0.0453125 0.5259219668626403 0.046875 0.5253874933190807 0.046875 0.5243185462319615 0.05 0.5243185462319615 0.059375 0.5253874933190807 0.0625 0.5259219668626403 0.0625 0.5264564404061999 0.0640625 0.5312667022982362 0.0640625 0.5318011758417959 0.0625 0.5323356493853554 0.0625 0.5334045964724746 0.059375 0.5334045964724746 0.0578125 0.5339390700160342 0.05625 0.5339390700160342 0.0515625 0.5323356493853554 0.046875 0.5323356493853554 0.0453125 0.5318011758417959 0.0453125 0.5312667022982362 0.04375
0 0.5312667022982362 0.6546875 0.5312667022982362 0.6578125 0.5318011758417959 0.659375 0.5323356493853554 0.659375 0.532870122928915 0.6578125 0.532870122928915 0.6546875
0 0.5318011758417959 0.1859375 0.530197755211117 0.190625 0.530197755211117 0.1921875 0.5291288081239979 0.1953125 0.5291288081239979 0.196875 0.530197755211117 0.2 0.530197755211117 0.2015625 0.5307322287546766 0.203125 0.5307322287546766 0.2046875 0.5318011758417959 0.2078125 0.5334045964724746 0.2078125 0.5339390700160342 0.20625 0.5344735435595938 0.20625 0.535542490646713 0.203125 0.535542490646713 0.2015625 0.5360769641902726 0.2 0.5360769641902726 0.1953125 0.5350080171031534 0.1921875 0.5350080171031534 0.190625 0.5339390700160342 0.1875 0.5334045964724746 0.1875 0.532870122928915 0.1859375
0 0.5350080171031534 0.659375 0.5344735435595938 0.6609375 0.5344735435595938 0.6625 0.5350080171031534 0.6640625 0.5360769641902726 0.6640625 0.5360769641902726 0.659375
0 0.5360769641902726 0.509375 0.535542490646713 0.5109375 0.5350080171031534 0.5109375 0.5344735435595938 0.5125 0.5344735435595938 0.5140625 0.5339390700160342 0.515625 0.5339390700160342 0.521875 0.5344735435595938 0.5234375 0.5344735435595938 0.525 0.5350080171031534 0.5265625 0.535542490646713 0.5265625 0.5360769641902726 0.528125 0.5371459112773918 0.528125 0.5376803848209514 0.5296875 0.5387493319080705 0.5296875 0.5398182789951897 0.5265625 0.5398182789951897 0.525 0.5403527525387494 0.5234375 0.5403527525387494 0.5171875 0.5398182789951897 0.515625 0.5398182789951897 0.5125 0.5387493319080705 0.509375
0 0.5371459112773918 0.703125 0.5366114377338321 0.7046875 0.5366114377338321 0.7125 0.5371459112773918 0.7140625 0.538214858364511 0.7140625 0.5387493319080705 0.7125 0.5392838054516301 0.7125 0.5392838054516301 0.70625 0.538214858364511 0.703125
0 0.5392838054516301 0.8640625 0.5387493319080705 0.865625 0.538214858364511 0.865625 0.5376803848209514 0.8671875 0.5376803848209514 0.8734375 0.5387493319080705 0.8765625 0.5403527525387494 0.8765625 0.5419561731694281 0.871875 0.5419561731694281 0.8671875 0.5408872260823089 0.8640625
0 0.5398182789951897 0.928125 0.5392838054516301 0.9296875 0.5387493319080705 0.9296875 0.5387493319080705 0.9328125 0.5392838054516301 0.934375 0.5403527525387494 0.934375 0.5408872260823089 0.9328125 0.5408872260823089 0.9296875 0.5403527525387494 0.9296875
0 0.5414216996258685 0.9203125 0.5408872260823089 0.921875 0.5408872260823089 0.928125 0.5419561731694281 0.93125 0.5424906467129877 0.93125 0.5430251202565473 0.9328125 0.5435595938001069 0.93125 0.5435595938001069 0.9296875 0.5440940673436665 0.928125 0.5440940673436665 0.9265625 0.5446285408872261 0.925 0.5440940673436665 0.9234375 0.5440940673436665 0.921875 0.5435595938001069 0.9203125
0 0.5451630144307856 0.259375 0.5446285408872261 0.2609375 0.5446285408872261 0.2640625 0.5456974879743453 0.2640625 0.5456974879743453 0.2609375
0 0.547300908605024 0.59375 0.5467664350614645 0.5953125 0.5467664350614645 0.6015625 0.547300908605024 0.603125 0.547300908605024 0.6046875 0.5483698556921432 0.6078125 0.5489043292357029 0.6078125 0.5494388027792624 0.609375 0.549973276322822 0.609375 0.5505077498663816 0.6078125 0.5510422234099412 0.6078125 0.5515766969535008 0.60625 0.5515766969535008 0.6 0.5494388027792624 0.59375
0 0.55264564404062 0.2828125 0.5510422234099412 0.2875 0.5510422234099412 0.2890625 0.5505077498663816 0.290625 0.5505077498663816 0.2953125 0.5515766969535008 0.2984375 0.55264564404062 0.2984375 0.5547835382148584 0.2921875 0.5547835382148584 0.290625 0.555318011758418 0.2890625 0.555318011758418 0.2875 0.5547835382148584 0.2859375 0.5547835382148584 0.284375 0.5542490646712988 0.2828125
0 0.5542490646712988 0.8734375 0.5531801175841796 0.8765625 0.55264564404062 0.8765625 0.5521111704970604 0.878125 0.5515766969535008 0.878125 0.5510422234099412 0.8796875 0.5510422234099412 0.8875 0.5515766969535008 0.8890625 0.5515766969535008 0.8921875 0.55264564404062 0.8953125 0.5531801175841796 0.8953125 0.5537145911277391 0.896875 0.5542490646712988 0.896875 0.5547835382148584 0.8953125 0.5558524853019775 0.8953125 0.5563869588455371 0.89375 0.5569214323890967 0.89375 0.5574559059326564 0.8921875 0.5579903794762159 0.8921875 0.5590593265633351 0.8890625 0.5590593265633351 0.8796875 0.5585248530197755 0.878125 0.5585248530197755 0.8765625 0.5574559059326564 0.8734375
0 0.5579903794762159 0.9625 0.5574559059326564 0.9640625 0.5569214323890967 0.9640625 0.555318011758418 0.96875 0.555318011758418 0.9703125 0.5547835382148584 0.971875 0.5547835382148584 0.9796875 0.5542490646712988 0.98125 0.5542490646712988 0.9859375 0.555318011758418 0.9890625 0.5569214323890967 0.9890625 0.5574559059326564 0.990625 0.5579903794762159 0.990625 0.5585248530197755 0.9921875 0.5628006413682523 0.9921875 0.5649385355424906 0.9859375 0.5649385355424906 0.984375 0.5665419561731694 0.9796875 0.5660074826296099 0.978125 0.5660074826296099 0.9765625 0.5654730090860502 0.975 0.5654730090860502 0.96875 0.5649385355424906 0.9671875 0.5649385355424906 0.965625 0.564404061998931 0.9640625 0.5638695884553715 0.9640625 0.5633351149118119 0.9625
0 0.5681453768038482 0.778125 0.5676109032602886 0.7796875 0.567076429716729 0.7796875 0.567076429716729 0.7828125 0.5676109032602886 0.784375 0.5676109032602886 0.7859375 0.5686798503474078 0.7890625 0.5692143238909674 0.7890625 0.5702832709780866 0.7859375 0.5702832709780866 0.78125 0.5692143238909674 0.778125
0 0.5708177445216461 0.725 0.5702832709780866 0.7265625 0.5692143238909674 0.7265625 0.5681453768038482 0.7296875 0.5681453768038482 0.73125 0.5676109032602886 0.7328125 0.5676109032602886 0.7375 0.5681453768038482 0.7390625 0.5681453768038482 0.740625 0.5686798503474078 0.740625 0.5692143238909674 0.7421875 0.5702832709780866 0.7421875 0.5708177445216461 0.740625 0.5713522180652058 0.740625 0.5740245857830037 0.7328125 0.5740245857830037 0.7296875 0.5734901122394441 0.728125 0.5729556386958845 0.728125 0.572421165152325 0.7265625 0.5713522180652058 0.7265625
0 0.572421165152325 0.315625 0.5718866916087654 0.3171875 0.5718866916087654 0.321875 0.572421165152325 0.3234375 0.5729556386958845 0.3234375 0.5740245857830037 0.3203125 0.5740245857830037 0.31875 0.5729556386958845 0.315625
0 0.5761624799572421 0.390625 0.5756280064136825 0.3921875 0.5756280064136825 0.39375 0.5750935328701229 0.3953125 0.5750935328701229 0.4015625 0.5761624799572421 0.4046875 0.5783003741314805 0.4046875 0.5788348476750401 0.403125 0.5788348476750401 0.4015625 0.5793693212185996 0.4 0.5793693212185996 0.3953125 0.5788348476750401 0.39375 0.5788348476750401 0.3921875 0.5783003741314805 0.390625
0 0.5799037947621593 0.3171875 0.5793693212185996 0.31875 0.5788348476750401 0.31875 0.5783003741314805 0.3203125 0.5783003741314805 0.3265625 0.5788348476750401 0.328125 0.5788348476750401 0.3296875 0.5793693212185996 0.33125 0.5836451095670764 0.33125 0.5836451095670764 0.3265625 0.5852485301977552 0.321875 0.5836451095670764 0.3171875
0 0.5836451095670764 0.5515625 0.5831106360235169 0.553125 0.5831106360235169 0.5546875 0.5836451095670764 0.55625 0.584179583110636 0.5546875 0.584179583110636 0.5515625
0 0.5948690539818279 0.078125 0.5943345804382683 0.0796875 0.5938001068947087 0.0796875 0.5932656333511491 0.08125 0.5932656333511491 0.0890625 0.5948690539818279 0.09375 0.5959380010689471 0.09375 0.5964724746125066 0.0921875 0.5970069481560663 0.0921875 0.5975414216996259 0.090625 0.598610368786745 0.090625 0.598610368786745 0.0859375 0.5980758952431855 0.084375 0.5980758952431855 0.0828125 0.5975414216996259 0.08125 0.5975414216996259 0.0796875 0.5970069481560663 0.0796875 0.5964724746125066 0.078125
0 0.5991448423303046 0.215625 0.598610368786745 0.2171875 0.598610368786745 0.2203125 0.5996793158738642 0.2203125 0.6002137894174239 0.21875 0.6002137894174239 0.2171875 0.5996793158738642 0.215625
0 0.6002137894174239 0.434375 0.6002137894174239 0.4359375 0.5996793158738642 0.4375 0.5996793158738642 0.4390625 0.6002137894174239 0.440625 0.601282736504543 0.440625 0.6023516835916622 0.4375 0.6018172100481026 0.4359375 0.6018172100481026 0.434375
0 0.6018172100481026 0.1796875 0.6007482629609834 0.1828125 0.6007482629609834 0.184375 0.6002137894174239 0.1859375 0.6002137894174239 0.1921875 0.6028861571352218 0.2 0.6055585248530198 0.2 0.606627471940139 0.196875 0.606627471940139 0.1953125 0.6071619454836985 0.19375 0.6071619454836985 0.1921875 0.6076964190272581 0.190625 0.6071619454836985 0.1890625 0.6071619454836985 0.1859375 0.606627471940139 0.184375 0.606627471940139 0.1828125 0.6060929983965794 0.1828125 0.6055585248530198 0.18125 0.6044895777659006 0.18125 0.603955104222341 0.1796875
0 0.6087653661143774 0.890625 0.6071619454836985 0.8953125 0.6071619454836985 0.8984375 0.6082308925708177 0.9015625 0.6082308925708177 0.903125 0.6092998396579369 0.90625 0.6109032602886157 0.90625 0.6119722073757349 0.903125 0.6119722073757349 0.8953125 0.6109032602886157 0.8921875 0.6103687867450561 0.8921875 0.6098343132014965 0.890625
0 0.6135756280064136 0.43125 0.6135756280064136 0.4375 0.6162479957242116 0.4375 0.6167824692677712 0.4359375 0.6167824692677712 0.4328125 0.6162479957242116 0.43125
0 0.6151790486370925 0.246875 0.6146445750935329 0.2484375 0.6146445750935329 0.2578125 0.6151790486370925 0.259375 0.6178514163548904 0.259375 0.6178514163548904 0.2578125 0.61838588989845 0.25625 0.61838588989845 0.25 0.6178514163548904 0.2484375 0.6178514163548904 0.246875
0 0.6205237840726884 0.825 0.6199893105291288 0.8265625 0.6199893105291288 0.828125 0.6194548369855692 0.8296875 0.6194548369855692 0.8328125 0.6189203634420096 0.834375 0.6189203634420096 0.8359375 0.6194548369855692 0.8375 0.6194548369855692 0.8390625 0.6199893105291288 0.840625 0.6231961517904864 0.840625 0.623730625334046 0.8390625 0.623730625334046 0.8375 0.6242650988776055 0.8359375 0.6242650988776055 0.828125 0.6231961517904864 0.825
0 0.623730625334046 0.4 0.6226616782469268 0.403125 0.6226616782469268 0.4046875 0.6221272047033671 0.40625 0.6221272047033671 0.415625 0.6231961517904864 0.41875 0.6231961517904864 0.4203125 0.6247995724211651 0.425 0.6253340459647247 0.425 0.6258685195082844 0.4265625 0.6274719401389631 0.4265625 0.6290753607696419 0.421875 0.6290753607696419 0.4203125 0.6301443078567611 0.4171875 0.6301443078567611 0.415625 0.6306787814003206 0.4140625 0.6306787814003206 0.4109375 0.6301443078567611 0.409375 0.6301443078567611 0.40625 0.6280064136825227 0.4
0 0.6258685195082844 0.01875 0.6253340459647247 0.0203125 0.6253340459647247 0.0265625 0.6258685195082844 0.028125 0.6258685195082844 0.0296875 0.6290753607696419 0.0296875 0.6290753607696419 0.028125 0.6296098343132015 0.0265625 0.6296098343132015 0.021875 0.6285408872260823 0.01875
0 0.6285408872260823 0.1515625 0.6280064136825227 0.153125 0.6269374665954035 0.153125 0.6269374665954035 0.1546875 0.6264029930518439 0.15625 0.6264029930518439 0.1671875 0.6269374665954035 0.16875 0.6285408872260823 0.16875 0.6290753607696419 0.1671875 0.6296098343132015 0.1671875 0.6301443078567611 0.165625 0.6306787814003206 0.165625 0.6312132549438803 0.1640625 0.6312132549438803 0.1625 0.6317477284874399 0.1609375 0.6317477284874399 0.159375 0.6322822020309995 0.1578125 0.6322822020309995 0.1546875 0.6312132549438803 0.1515625
0 0.6402993051843934 0.5046875 0.6397648316408338 0.50625 0.6397648316408338 0.509375 0.6402993051843934 0.5109375 0.640833778727953 0.5109375 0.6413682522715125 0.509375 0.6413682522715125 0.50625 0.640833778727953 0.5046875
0 0.6429716729021914 0.859375 0.6429716729021914 0.8640625 0.6440406199893105 0.8640625 0.6445750935328701 0.8625 0.6445750935328701 0.859375
0 0.6445750935328701 0.040625 0.6445750935328701 0.0453125 0.6456440406199893 0.0484375 0.6461785141635489 0.0484375 0.6467129877071085 0.046875 0.6467129877071085 0.04375 0.6461785141635489 0.0421875 0.6461785141635489 0.040625
0 0.6488508818813469 0.1984375 0.6483164083377873 0.2 0.6483164083377873 0.203125 0.6488508818813469 0.2046875 0.6504543025120256 0.2046875 0.6509887760555852 0.203125 0.6509887760555852 0.2015625 0.6504543025120256 0.2 0.649919828968466 0.2 0.6493853554249065 0.1984375
0 0.652592196686264 0.5046875 0.6520577231427044 0.50625 0.6515232495991449 0.50625 0.6504543025120256 0.509375 0.6504543025120256 0.5109375 0.6493853554249065 0.5140625 0.6488508818813469 0.5140625 0.6488508818813469 0.5234375 0.6493853554249065 0.525 0.649919828968466 0.525 0.6504543025120256 0.5265625 0.6536611437733832 0.5265625 0.6563335114911811 0.51875 0.6563335114911811 0.515625 0.6568679850347408 0.5140625 0.6568679850347408 0.509375 0.6563335114911811 0.5078125 0.6557990379476216 0.5078125 0.655264564404062 0.50625 0.6547300908605024 0.50625 0.6541956173169428 0.5046875
0 0.652592196686264 0.5390625 0.6520577231427044 0.540625 0.6520577231427044 0.5421875 0.6515232495991449 0.54375 0.6520577231427044 0.5453125 0.6520577231427044 0.546875 0.6531266702298236 0.55 0.655264564404062 0.55 0.6563335114911811 0.546875 0.6563335114911811 0.54375 0.6557990379476216 0.5421875 0.6557990379476216 0.540625 0.655264564404062 0.5390625
0 0.6541956173169428 0.9890625 0.6536611437733832 0.990625 0.6531266702298236 0.990625 0.652592196686264 0.9921875 0.652592196686264 0.9953125 0.6520577231427044 0.996875 0.6520577231427044 1 0.6536611437733832 1 0.6563335114911811 1 0.6574024585783004 1 0.6574024585783004 0.9984375 0.65793693212186 0.996875 0.65793693212186 0.99375 0.6574024585783004 0.9921875 0.6568679850347408 0.9921875 0.6563335114911811 0.990625 0.655264564404062 0.990625 0.6547300908605024 0.9890625
0 0.655264564404062 0.3515625 0.6547300908605024 0.353125 0.6547300908605024 0.3546875 0.6557990379476216 0.3578125 0.6574024585783004 0.3578125 0.65793693212186 0.35625 0.65793693212186 0.353125 0.6574024585783004 0.3515625
0 0.6557990379476216 0.43125 0.655264564404062 0.4328125 0.6541956173169428 0.4328125 0.6536611437733832 0.434375 0.6536611437733832 0.4359375 0.6531266702298236 0.4375 0.6536611437733832 0.4390625 0.6536611437733832 0.44375 0.655264564404062 0.44375 0.6557990379476216 0.4453125 0.6568679850347408 0.4453125 0.6574024585783004 0.44375 0.65793693212186 0.44375 0.6590058792089791 0.440625 0.6590058792089791 0.4359375 0.65793693212186 0.4328125 0.6574024585783004 0.4328125 0.6568679850347408 0.43125
0 0.6584714056654195 0.090625 0.65793693212186 0.0921875 0.65793693212186 0.0953125 0.6584714056654195 0.096875 0.6584714056654195 0.0984375 0.6600748262960984 0.0984375 0.6606092998396579 0.096875 0.6606092998396579 0.090625
0 0.6675574559059326 0.384375 0.6675574559059326 0.3859375 0.6670229823623731 0.3875 0.6670229823623731 0.390625 0.6675574559059326 0.3921875 0.6691608765366115 0.3921875 0.6691608765366115 0.390625 0.669695350080171 0.3890625 0.669695350080171 0.3859375 0.6691608765366115 0.384375
0 0.6707642971672902 0.146875 0.6702298236237306 0.1484375 0.6691608765366115 0.1484375 0.6686264029930519 0.15 0.6686264029930519 0.153125 0.6680919294494923 0.1546875 0.6680919294494923 0.15625 0.6686264029930519 0.1578125 0.6686264029930519 0.159375 0.6691608765366115 0.1609375 0.6691608765366115 0.1625 0.6702298236237306 0.165625 0.6707642971672902 0.165625 0.6712987707108499 0.1671875 0.6729021913415286 0.1671875 0.6745056119722074 0.1625 0.6745056119722074 0.159375 0.675040085515767 0.1578125 0.675040085515767 0.1546875 0.6745056119722074 0.153125 0.6745056119722074 0.15 0.6739711384286478 0.1484375 0.6729021913415286 0.1484375 0.672367717797969 0.146875
0 0.6798503474078034 0.890625 0.6793158738642437 0.8921875 0.6793158738642437 0.89375 0.6798503474078034 0.8953125 0.6803848209513629 0.8953125 0.6809192944949225 0.89375 0.6809192944949225 0.8921875 0.6803848209513629 0.890625
0 0.6835916622127205 0.7453125 0.6819882415820417 0.75 0.6819882415820417 0.7578125 0.6825227151256013 0.759375 0.6825227151256013 0.7609375 0.6830571886691609 0.7625 0.6857295563869589 0.7625 0.6862640299305185 0.7609375 0.6873329770176376 0.7609375 0.6873329770176376 0.7546875 0.686798503474078 0.753125 0.686798503474078 0.7515625 0.6862640299305185 0.75 0.6862640299305185 0.7484375 0.6857295563869589 0.746875 0.6851950828433993 0.746875 0.6846606092998396 0.7453125
0 0.692143238909674 0.1328125 0.6916087653661144 0.134375 0.6916087653661144 0.1390625 0.692143238909674 0.140625 0.6937466595403528 0.140625 0.694815606627472 0.1375 0.694815606627472 0.134375 0.6942811330839124 0.1328125
0 0.6990913949759487 0.1671875 0.6985569214323891 0.16875 0.6985569214323891 0.171875 0.6996258685195083 0.171875 0.6996258685195083 0.16875
0 0.7108498129342598 0.240625 0.7103153393907001 0.2421875 0.7103153393907001 0.24375 0.7113842864778194 0.246875 0.711918760021379 0.2453125 0.711918760021379 0.240625
0 0.7129877071084981 0.05625 0.711918760021379 0.059375 0.711918760021379 0.065625 0.7129877071084981 0.06875 0.7151256012827365 0.06875 0.7161945483698557 0.065625 0.7161945483698557 0.0609375 0.7145911277391769 0.05625
0 0.7129877071084981 0.9109375 0.7108498129342598 0.9171875 0.7097808658471406 0.9171875 0.709246392303581 0.91875 0.7087119187600214 0.91875 0.7087119187600214 0.921875 0.709246392303581 0.9234375 0.709246392303581 0.9265625 0.7124532335649385 0.9359375 0.7167290219134153 0.9359375 0.7172634954569749 0.934375 0.7172634954569749 0.9328125 0.7188669160876536 0.928125 0.7188669160876536 0.9203125 0.7172634954569749 0.915625 0.7167290219134153 0.915625 0.7151256012827365 0.9109375
0 0.7151256012827365 0.384375 0.7145911277391769 0.3859375 0.7140566541956174 0.3859375 0.7135221806520577 0.3875 0.7135221806520577 0.3890625 0.7140566541956174 0.390625 0.7140566541956174 0.3921875 0.7151256012827365 0.3953125 0.7161945483698557 0.3953125 0.7167290219134153 0.396875 0.7172634954569749 0.3953125 0.7177979690005345 0.3953125 0.7177979690005345 0.3875 0.7172634954569749 0.3859375 0.7167290219134153 0.3859375 0.7161945483698557 0.384375
0 0.7231427044361304 0.3328125 0.7226082308925709 0.334375 0.7226082308925709 0.3359375 0.7220737573490112 0.3375 0.7220737573490112 0.3421875 0.7231427044361304 0.3453125 0.7252805986103688 0.3453125 0.726349545697488 0.3421875 0.726349545697488 0.3390625 0.7258150721539284 0.3375 0.7258150721539284 0.334375 0.7252805986103688 0.3328125
0 0.726349545697488 0.9421875 0.7258150721539284 0.94375 0.7258150721539284 0.9484375 0.726349545697488 0.9484375 0.7268840192410476 0.95 0.7274184927846071 0.95 0.7279529663281668 0.9484375 0.7279529663281668 0.94375 0.7274184927846071 0.9421875
0 0.7322287546766435 0.3078125 0.7311598075895244 0.3109375 0.7311598075895244 0.3125 0.7306253340459647 0.3140625 0.7306253340459647 0.315625 0.7311598075895244 0.3171875 0.7311598075895244 0.31875 0.7316942811330839 0.31875 0.7322287546766435 0.3203125 0.7327632282202031 0.31875 0.7332977017637627 0.31875 0.7349011223944415 0.3140625 0.7349011223944415 0.309375 0.7343666488508819 0.3078125
0 0.7322287546766435 0.340625 0.7322287546766435 0.346875 0.7338321753073223 0.346875 0.7343666488508819 0.3453125 0.7343666488508819 0.34375 0.7338321753073223 0.3421875 0.7338321753073223 0.340625
0 0.7354355959380011 0.9140625 0.7349011223944415 0.915625 0.7349011223944415 0.9171875 0.7343666488508819 0.91875 0.7343666488508819 0.9203125 0.7338321753073223 0.921875 0.7338321753073223 0.928125 0.7343666488508819 0.9296875 0.7354355959380011 0.9296875 0.7359700694815606 0.928125 0.7365045430251203 0.9296875 0.738107963655799 0.925 0.738107963655799 0.9234375 0.7386424371993586 0.921875 0.7386424371993586 0.91875 0.7370390165686799 0.9140625
0 0.7386424371993586 0.290625 0.7375734901122395 0.29375 0.7370390165686799 0.29375 0.7370390165686799 0.2953125 0.7365045430251203 0.296875 0.7359700694815606 0.296875 0.7359700694815606 0.315625 0.7365045430251203 0.3171875 0.7391769107429182 0.3171875 0.7413148049171566 0.3109375 0.7413148049171566 0.309375 0.7423837520042758 0.30625 0.7423837520042758 0.3 0.7418492784607162 0.2984375 0.7418492784607162 0.2953125 0.7413148049171566 0.29375 0.7413148049171566 0.2921875 0.740780331373597 0.2921875 0.7402458578300374 0.290625
0 0.7455905932656334 0.6703125 0.7450561197220738 0.671875 0.7439871726349546 0.671875 0.7439871726349546 0.6796875 0.7445216461785141 0.68125 0.7445216461785141 0.6828125 0.7450561197220738 0.684375 0.7477284874398717 0.684375 0.7477284874398717 0.6828125 0.7482629609834314 0.68125 0.7482629609834314 0.6703125
0 0.7466595403527525 0.3015625 0.7466595403527525 0.3046875 0.7482629609834314 0.309375 0.7487974345269909 0.3078125 0.7487974345269909 0.303125 0.7482629609834314 0.3015625
0 0.7471940138963121 0.9296875 0.7471940138963121 0.9375 0.7477284874398717 0.9390625 0.7477284874398717 0.94375 0.7487974345269909 0.946875 0.7509353287012293 0.946875 0.7525387493319081 0.9421875 0.7525387493319081 0.934375 0.7514698022447889 0.93125 0.7498663816141101 0.93125 0.7493319080705505 0.9296875
0 0.7536076964190273 0.975 0.7530732228754676 0.9765625 0.7525387493319081 0.9765625 0.7520042757883485 0.978125 0.7509353287012293 0.978125 0.7504008551576697 0.9796875 0.7498663816141101 0.9796875 0.7493319080705505 0.98125 0.7493319080705505 0.9828125 0.7487974345269909 0.984375 0.7487974345269909 0.9859375 0.7504008551576697 0.990625 0.7504008551576697 0.9921875 0.7509353287012293 0.99375 0.7541421699625869 0.99375 0.755211117049706 0.990625 0.755211117049706 0.9890625 0.7557455905932656 0.9875 0.7557455905932656 0.98125
0 0.7536076964190273 0.8 0.7530732228754676 0.8015625 0.7530732228754676 0.803125 0.7536076964190273 0.8046875 0.7546766435061465 0.8046875 0.755211117049706 0.803125 0.755211117049706 0.8015625 0.7546766435061465 0.8
0 0.7541421699625869 0.946875 0.7525387493319081 0.9515625 0.7525387493319081 0.95625 0.7536076964190273 0.959375 0.7536076964190273 0.9609375 0.7541421699625869 0.9625 0.7541421699625869 0.9640625 0.7546766435061465 0.965625 0.7546766435061465 0.9671875 0.7562800641368252 0.971875 0.7589524318546232 0.971875 0.7600213789417424 0.96875 0.7600213789417424 0.9625 0.7594869053981828 0.9609375 0.7594869053981828 0.959375 0.7589524318546232 0.9578125 0.7589524318546232 0.9546875 0.757883484767504 0.9515625 0.757883484767504 0.95 0.7573490112239444 0.9484375 0.7568145376803849 0.9484375 0.7562800641368252 0.946875
0 0.7573490112239444 0.1890625 0.7573490112239444 0.190625 0.7568145376803849 0.1921875 0.757883484767504 0.1953125 0.7594869053981828 0.1953125 0.7600213789417424 0.19375 0.7600213789417424 0.1890625
0 0.760555852485302 0.096875 0.7600213789417424 0.0984375 0.7594869053981828 0.0984375 0.7589524318546232 0.1 0.7584179583110636 0.1 0.757883484767504 0.1015625 0.757883484767504 0.103125 0.7589524318546232 0.10625 0.7589524318546232 0.1078125 0.7594869053981828 0.109375 0.7594869053981828 0.1109375 0.7600213789417424 0.1125 0.7621592731159808 0.1125 0.7637626937466595 0.1078125 0.7637626937466595 0.10625 0.7642971672902191 0.1046875 0.7637626937466595 0.103125 0.7637626937466595 0.1015625 0.7621592731159808 0.096875
0 0.7659005879208979 0.334375 0.7653661143773384 0.3359375 0.7653661143773384 0.3375 0.7659005879208979 0.3390625 0.7664350614644575 0.3390625 0.7664350614644575 0.334375
0 0.7755211117049706 0.24375 0.774986638161411 0.2453125 0.7744521646178514 0.2453125 0.7744521646178514 0.253125 0.774986638161411 0.2546875 0.774986638161411 0.25625 0.7755211117049706 0.2578125 0.7765900587920898 0.2578125 0.7781934794227686 0.253125 0.7781934794227686 0.2484375 0.777659005879209 0.2484375 0.7760555852485302 0.24375
0 0.7760555852485302 0.484375 0.7755211117049706 0.4859375 0.7744521646178514 0.4859375 0.7739176910742919 0.4875 0.7739176910742919 0.4890625 0.7733832175307322 0.490625 0.7733832175307322 0.49375 0.7739176910742919 0.4953125 0.7739176910742919 0.4984375 0.7760555852485302 0.5046875 0.7765900587920898 0.5046875 0.7771245323356494 0.50625 0.777659005879209 0.5046875 0.7781934794227686 0.5046875 0.7787279529663281 0.503125 0.7792624265098878 0.503125 0.780331373597007 0.5 0.7808658471405665 0.5 0.7819347942276857 0.496875 0.7819347942276857 0.49375 0.7797969000534474 0.4875 0.7781934794227686 0.4875 0.7771245323356494 0.484375
0 0.7787279529663281 0.421875 0.7781934794227686 0.4234375 0.7781934794227686 0.425 0.777659005879209 0.4265625 0.777659005879209 0.428125 0.7781934794227686 0.428125 0.7792624265098878 0.43125 0.7808658471405665 0.43125 0.7814003206841261 0.4296875 0.7814003206841261 0.425 0.780331373597007 0.421875
0 0.7797969000534474 0.2390625 0.7792624265098878 0.240625 0.7792624265098878 0.2515625 0.7808658471405665 0.25625 0.7830037413148049 0.25625 0.7840726884019241 0.253125 0.7840726884019241 0.24375 0.7835382148583645 0.2421875 0.7835382148583645 0.240625 0.7830037413148049 0.2390625
0 0.7878140032068413 0.2109375 0.7872795296632816 0.2125 0.7872795296632816 0.2140625 0.7862105825761625 0.2171875 0.7862105825761625 0.21875 0.7872795296632816 0.221875 0.7883484767504009 0.221875 0.7888829502939605 0.2234375 0.78941742383752 0.2234375 0.7904863709246392 0.2203125 0.7904863709246392 0.2140625 0.78941742383752 0.2109375
0 0.7910208444681989 0.1390625 0.7904863709246392 0.140625 0.7899518973810796 0.140625 0.78941742383752 0.1421875 0.7888829502939605 0.1421875 0.7883484767504009 0.14375 0.7883484767504009 0.1453125 0.78941742383752 0.1484375 0.7910208444681989 0.1484375 0.792089791555318 0.1453125 0.792089791555318 0.1421875 0.7915553180117584 0.140625 0.7915553180117584 0.1390625
0 0.7904863709246392 0.4109375 0.78941742383752 0.4140625 0.78941742383752 0.4203125 0.7904863709246392 0.4234375 0.7942276857295564 0.4234375 0.7942276857295564 0.415625 0.7931587386424372 0.4125 0.7926242650988776 0.4125 0.792089791555318 0.4109375
0 0.7958311063602351 0.6546875 0.7952966328166756 0.65625 0.794762159273116 0.65625 0.7942276857295564 0.6578125 0.7942276857295564 0.6640625 0.7958311063602351 0.66875 0.7979690005344735 0.66875 0.7985034740780331 0.6671875 0.7985034740780331 0.6578125 0.797434526990914 0.6546875
0 0.797434526990914 0.78125 0.7969000534473544 0.7828125 0.7963655799037948 0.7828125 0.7958311063602351 0.784375 0.7958311063602351 0.7890625 0.7963655799037948 0.790625 0.7969000534473544 0.790625 0.797434526990914 0.7921875 0.7979690005344735 0.7921875 0.7985034740780331 0.790625 0.7990379476215927 0.790625 0.7990379476215927 0.7890625 0.7995724211651524 0.7875 0.7995724211651524 0.7859375 0.7979690005344735 0.78125
0 0.7990379476215927 0.85 0.7985034740780331 0.8515625 0.7985034740780331 0.8546875 0.7990379476215927 0.85625 0.7990379476215927 0.8578125 0.8011758417958311 0.8578125 0.8011758417958311 0.85625 0.8022447888829503 0.853125 0.8011758417958311 0.85
0 0.8033137359700695 0.41875 0.8027792624265099 0.4203125 0.8027792624265099 0.421875 0.8038482095136291 0.425 0.8043826830571886 0.4234375 0.8043826830571886 0.4203125 0.8038482095136291 0.41875
0 0.8102618920363442 0.1328125 0.8097274184927846 0.134375 0.8097274184927846 0.1375 0.8107963655799038 0.140625 0.8129342597541421 0.140625 0.8129342597541421 0.1390625 0.8123997862105826 0.1375 0.8123997862105826 0.1359375 0.8113308391234634 0.1328125
0 0.8166755745590594 0.2859375 0.8156066274719401 0.2890625 0.8156066274719401 0.2953125 0.8166755745590594 0.2984375 0.8177445216461785 0.2984375 0.8182789951897381 0.296875 0.8188134687332977 0.296875 0.8188134687332977 0.290625 0.8182789951897381 0.2890625 0.8177445216461785 0.2890625
0 0.8166755745590594 0.796875 0.8161411010154997 0.7984375 0.8161411010154997 0.8015625 0.8166755745590594 0.803125 0.8182789951897381 0.803125 0.8182789951897381 0.796875
0 0.8182789951897381 0.2890625 0.8177445216461785 0.290625 0.8166755745590594 0.290625 0.8156066274719401 0.29375 0.8156066274719401 0.296875 0.8166755745590594 0.3 0.8177445216461785 0.3 0.8182789951897381 0.3015625 0.8198824158204169 0.3015625 0.8198824158204169 0.2984375 0.8204168893639765 0.296875 0.8204168893639765 0.290625 0.8198824158204169 0.2890625
0 0.8177445216461785 0.5859375 0.8172100481026189 0.5875 0.8166755745590594 0.5875 0.8161411010154997 0.5890625 0.8161411010154997 0.5921875 0.8166755745590594 0.59375 0.8166755745590594 0.5953125 0.8172100481026189 0.5953125 0.8182789951897381 0.5984375 0.8198824158204169 0.5984375 0.8198824158204169 0.5953125 0.8204168893639765 0.59375 0.8204168893639765 0.590625 0.8198824158204169 0.5890625 0.8198824158204169 0.5875 0.8193479422768573 0.5859375
0 0.8182789951897381 0.778125 0.8172100481026189 0.78125 0.8172100481026189 0.7828125 0.8166755745590594 0.784375 0.8172100481026189 0.7859375 0.8172100481026189 0.7890625 0.8188134687332977 0.7890625 0.8193479422768573 0.7875 0.8198824158204169 0.7875 0.8198824158204169 0.7859375 0.8204168893639765 0.784375 0.8204168893639765 0.7796875 0.8198824158204169 0.778125
0 0.8252271512560129 0.16875 0.8246926777124532 0.1703125 0.8246926777124532 0.1765625 0.8257616247995724 0.1796875 0.826296098343132 0.1796875 0.8268305718866916 0.18125 0.8273650454302512 0.1796875 0.8273650454302512 0.178125 0.8278995189738108 0.1765625 0.8278995189738108 0.175 0.8284339925173704 0.1734375 0.8278995189738108 0.171875 0.8278995189738108 0.1703125 0.8273650454302512 0.16875
0 0.8273650454302512 0.225 0.8268305718866916 0.2265625 0.826296098343132 0.2265625 0.8257616247995724 0.228125 0.8257616247995724 0.2296875 0.8252271512560129 0.23125 0.8252271512560129 0.2390625 0.826296098343132 0.2421875 0.8284339925173704 0.2421875 0.82896846606093 0.240625 0.8300374131480491 0.240625 0.8300374131480491 0.2390625 0.8305718866916088 0.2375 0.8305718866916088 0.2328125 0.8300374131480491 0.23125 0.8300374131480491 0.2296875 0.8284339925173704 0.225
0 0.8284339925173704 0.8859375 0.8278995189738108 0.8875 0.8278995189738108 0.8890625 0.8273650454302512 0.890625 0.8273650454302512 0.89375 0.8278995189738108 0.8953125 0.8278995189738108 0.896875 0.8284339925173704 0.8984375 0.82896846606093 0.8984375 0.8295029396044896 0.9 0.8305718866916088 0.896875 0.8305718866916088 0.8953125 0.8311063602351684 0.89375 0.8311063602351684 0.8890625 0.8305718866916088 0.8875 0.8300374131480491 0.8875 0.8295029396044896 0.8859375
0 0.8295029396044896 0.690625 0.82896846606093 0.6921875 0.8284339925173704 0.6921875 0.8284339925173704 0.6953125 0.8278995189738108 0.696875 0.8278995189738108 0.7015625 0.8295029396044896 0.70625 0.831640833778728 0.70625 0.8332442544094067 0.7015625 0.8332442544094067 0.7 0.8337787279529664 0.6984375 0.8337787279529664 0.696875 0.8321753073222875 0.6921875 0.831640833778728 0.6921875 0.8311063602351684 0.690625
0 0.8337787279529664 0.8421875 0.8332442544094067 0.84375 0.8332442544094067 0.846875 0.8327097808658471 0.8484375 0.8327097808658471 0.8515625 0.8332442544094067 0.853125 0.8332442544094067 0.8546875 0.8337787279529664 0.85625 0.8359166221272047 0.85625 0.8364510956707643 0.8546875 0.8369855692143239 0.8546875 0.8375200427578835 0.853125 0.8380545163014431 0.853125 0.8380545163014431 0.8515625 0.8385889898450026 0.85 0.8385889898450026 0.8484375 0.8380545163014431 0.846875 0.8380545163014431 0.8453125 0.8369855692143239 0.8421875
0 0.8385889898450026 0.3078125 0.8380545163014431 0.309375 0.8380545163014431 0.3140625 0.8401924104756815 0.3140625 0.8401924104756815 0.309375 0.8396579369321219 0.3078125
0 0.8471405665419561 0.428125 0.8471405665419561 0.4296875 0.8466060929983966 0.43125 0.8466060929983966 0.4328125 0.846071619454837 0.434375 0.846071619454837 0.4375 0.8466060929983966 0.4390625 0.8466060929983966 0.440625 0.8471405665419561 0.4421875 0.8476750400855158 0.4421875 0.8492784607161945 0.446875 0.8498129342597541 0.446875 0.8503474078033137 0.4453125 0.8503474078033137 0.44375 0.8519508284339925 0.4390625 0.8519508284339925 0.4328125 0.8503474078033137 0.428125
0 0.8503474078033137 0.9359375 0.8503474078033137 0.9375 0.8498129342597541 0.9390625 0.8498129342597541 0.9421875 0.8508818813468734 0.9453125 0.8514163548904329 0.9453125 0.8519508284339925 0.94375 0.8524853019775521 0.94375 0.8530197755211117 0.9421875 0.8530197755211117 0.9390625 0.8519508284339925 0.9359375
0 0.8530197755211117 0.9796875 0.8530197755211117 0.98125 0.8524853019775521 0.9828125 0.8524853019775521 0.9921875 0.8530197755211117 0.99375 0.8530197755211117 0.9953125 0.8535542490646713 0.9953125 0.8540887226082309 0.996875 0.8546231961517905 0.996875 0.8551576696953501 0.9984375 0.8556921432389096 0.9984375 0.8562266167824693 0.996875 0.8562266167824693 0.9953125 0.8572955638695885 0.9921875 0.8572955638695885 0.984375 0.8556921432389096 0.9796875
0 0.8642437199358631 0.121875 0.863174772848744 0.125 0.863174772848744 0.128125 0.8637092463923036 0.128125 0.8642437199358631 0.1296875 0.8647781934794228 0.1296875 0.8653126670229824 0.128125 0.8653126670229824 0.1234375 0.8647781934794228 0.121875
0 0.8637092463923036 0.2125 0.8626402993051844 0.215625 0.8626402993051844 0.2171875 0.8621058257616248 0.21875 0.8621058257616248 0.221875 0.8626402993051844 0.2234375 0.863174772848744 0.2234375 0.8637092463923036 0.225 0.8642437199358631 0.225 0.8647781934794228 0.2265625 0.8653126670229824 0.2265625 0.865847140566542 0.228125 0.8663816141101015 0.228125 0.8669160876536611 0.2265625 0.8674505611972207 0.2265625 0.8674505611972207 0.225 0.8690539818278995 0.2203125 0.8690539818278995 0.21875 0.8674505611972207 0.2140625 0.8669160876536611 0.2140625 0.8663816141101015 0.2125
0 0.8727952966328166 0.60625 0.8727952966328166 0.609375 0.8738642437199359 0.609375 0.8743987172634955 0.6078125 0.8738642437199359 0.60625
0 0.8733297701763763 0.621875 0.8733297701763763 0.625 0.8738642437199359 0.6265625 0.8743987172634955 0.625 0.8743987172634955 0.621875
0 0.8743987172634955 0.8359375 0.8743987172634955 0.8375 0.8738642437199359 0.8390625 0.8738642437199359 0.84375 0.874933190807055 0.846875 0.8760021378941742 0.846875 0.8765366114377339 0.8453125 0.8765366114377339 0.84375 0.8770710849812934 0.8421875 0.8770710849812934 0.8359375
0 0.8738642437199359 0.1125 0.8738642437199359 0.1234375 0.8743987172634955 0.125 0.8760021378941742 0.125 0.8765366114377339 0.1234375 0.8770710849812934 0.1234375 0.877605558524853 0.121875 0.877605558524853 0.1203125 0.8781400320684126 0.11875 0.8781400320684126 0.115625 0.8770710849812934 0.1125
0 0.8770710849812934 0.0609375 0.8765366114377339 0.0625 0.8765366114377339 0.065625 0.877605558524853 0.065625 0.8781400320684126 0.0671875 0.8786745056119722 0.065625 0.8786745056119722 0.0625 0.8781400320684126 0.0609375
0 0.8781400320684126 0.4296875 0.877605558524853 0.43125 0.8770710849812934 0.43125 0.8760021378941742 0.434375 0.8760021378941742 0.4359375 0.8754676643506146 0.4375 0.8754676643506146 0.4390625 0.8760021378941742 0.440625 0.8760021378941742 0.4421875 0.8770710849812934 0.4453125 0.8786745056119722 0.4453125 0.8792089791555318 0.44375 0.8797434526990914 0.44375 0.8808123997862106 0.440625 0.8808123997862106 0.434375 0.8797434526990914 0.43125 0.8792089791555318 0.43125 0.8786745056119722 0.4296875
0 0.8818813468733298 0.5984375 0.8813468733297701 0.6 0.8813468733297701 0.6015625 0.8818813468733298 0.603125 0.8824158204168894 0.6015625 0.8824158204168894 0.5984375
0 0.8845537145911277 0.6421875 0.8840192410475681 0.64375 0.8834847675040085 0.64375 0.882950293960449 0.6453125 0.8824158204168894 0.6453125 0.8818813468733298 0.646875 0.8813468733297701 0.646875 0.8808123997862106 0.6484375 0.880277926242651 0.6484375 0.8797434526990914 0.65 0.8797434526990914 0.65625 0.8818813468733298 0.6625 0.8818813468733298 0.6640625 0.882950293960449 0.6671875 0.8840192410475681 0.6671875 0.8845537145911277 0.665625 0.8850881881346874 0.665625 0.8850881881346874 0.6640625 0.8861571352218065 0.6609375 0.8861571352218065 0.659375 0.8866916087653661 0.6578125 0.8866916087653661 0.6484375 0.8861571352218065 0.646875 0.8861571352218065 0.6453125 0.8850881881346874 0.6421875
0 0.8840192410475681 0.7484375 0.8834847675040085 0.75 0.8824158204168894 0.75 0.8813468733297701 0.753125 0.8813468733297701 0.7578125 0.882950293960449 0.7625 0.8840192410475681 0.7625 0.8845537145911277 0.7640625 0.8877605558524853 0.7640625 0.8888295029396045 0.7609375 0.8888295029396045 0.753125 0.8872260823089257 0.7484375
0 0.8866916087653661 0.5953125 0.8861571352218065 0.596875 0.8856226616782469 0.596875 0.8856226616782469 0.5984375 0.8850881881346874 0.6 0.8850881881346874 0.6078125 0.8861571352218065 0.6109375 0.8882950293960449 0.6109375 0.8893639764831641 0.6078125 0.8893639764831641 0.60625 0.8898984500267236 0.6046875 0.8898984500267236 0.5984375 0.8888295029396045 0.5953125
0 0.8872260823089257 0.4125 0.8866916087653661 0.4140625 0.8866916087653661 0.41875 0.8861571352218065 0.4203125 0.8861571352218065 0.4234375 0.8872260823089257 0.4265625 0.8872260823089257 0.428125 0.8877605558524853 0.428125 0.8882950293960449 0.4296875 0.8898984500267236 0.4296875 0.8904329235702833 0.428125 0.8904329235702833 0.4203125 0.8898984500267236 0.41875 0.8898984500267236 0.4171875 0.8882950293960449 0.4125
0 0.8909673971138429 0.5296875 0.8904329235702833 0.53125 0.8904329235702833 0.5328125 0.8909673971138429 0.534375 0.8915018706574025 0.534375 0.892036344200962 0.5328125 0.892036344200962 0.53125 0.8915018706574025 0.5296875
0 0.89470871191876 0.4171875 0.8931052912880812 0.421875 0.8925708177445216 0.421875 0.8925708177445216 0.428125 0.8936397648316409 0.43125 0.8936397648316409 0.4328125 0.8941742383752004 0.434375 0.8941742383752004 0.4359375 0.89470871191876 0.4375 0.8957776590058792 0.4375 0.8963121325494388 0.4359375 0.8968466060929984 0.4359375 0.897381079636558 0.434375 0.897381079636558 0.4328125 0.8979155531801176 0.43125 0.8979155531801176 0.4234375 0.8968466060929984 0.4203125 0.8963121325494388 0.4203125 0.8952431854623196 0.4171875
0 0.8952431854623196 0.915625 0.89470871191876 0.9171875 0.89470871191876 0.9203125 0.8952431854623196 0.9203125 0.8957776590058792 0.921875 0.8968466060929984 0.91875 0.8957776590058792 0.915625
0 0.8989845002672368 0.340625 0.8979155531801176 0.34375 0.8979155531801176 0.3453125 0.897381079636558 0.346875 0.897381079636558 0.3484375 0.8979155531801176 0.35 0.8979155531801176 0.3515625 0.8984500267236771 0.353125 0.9005879208979155 0.353125 0.9011223944414751 0.3515625 0.9011223944414751 0.35 0.9005879208979155 0.3484375 0.9005879208979155 0.3421875 0.900053447354356 0.340625
0 0.9005879208979155 0.071875 0.900053447354356 0.0734375 0.900053447354356 0.075 0.8995189738107964 0.0765625 0.8995189738107964 0.078125 0.9005879208979155 0.08125 0.9011223944414751 0.08125 0.9027258150721539 0.0765625 0.9027258150721539 0.0734375 0.9021913415285944 0.071875
0 0.9086050240513095 0.0515625 0.9080705505077499 0.053125 0.9075360769641903 0.053125 0.9070016034206306 0.0546875 0.9070016034206306 0.0625 0.9075360769641903 0.0640625 0.9080705505077499 0.0640625 0.9086050240513095 0.065625 0.9107429182255479 0.065625 0.9112773917691074 0.0640625 0.911811865312667 0.0640625 0.9123463388562266 0.0625 0.9123463388562266 0.053125 0.911811865312667 0.0515625
0 0.9139497594869054 0.653125 0.9134152859433458 0.6546875 0.911811865312667 0.6546875 0.9107429182255479 0.6578125 0.9107429182255479 0.659375 0.9112773917691074 0.6609375 0.9112773917691074 0.6625 0.9123463388562266 0.665625 0.9134152859433458 0.665625 0.9155531801175841 0.659375 0.9155531801175841 0.6578125
0 0.9150187065740246 0.51875 0.914484233030465 0.5203125 0.914484233030465 0.521875 0.9139497594869054 0.5234375 0.9139497594869054 0.5265625 0.914484233030465 0.528125 0.914484233030465 0.5296875 0.9150187065740246 0.53125 0.9150187065740246 0.534375 0.9155531801175841 0.5359375 0.9187600213789417 0.5359375 0.9208979155531801 0.5296875 0.9208979155531801 0.528125 0.9203634420096205 0.5265625 0.9203634420096205 0.525 0.9182255478353821 0.51875
0 0.9198289684660609 0.2625 0.9192944949225014 0.2640625 0.9192944949225014 0.2734375 0.9198289684660609 0.2734375 0.9203634420096205 0.275 0.9219668626402993 0.275 0.9225013361838589 0.2734375 0.9225013361838589 0.271875 0.9230358097274185 0.2703125 0.9230358097274185 0.2671875 0.9225013361838589 0.265625 0.9225013361838589 0.2640625 0.9214323890967397 0.2640625 0.9208979155531801 0.2625
0 0.9182255478353821 0.5046875 0.9182255478353821 0.50625 0.9176910742918225 0.5078125 0.917156600748263 0.5078125 0.917156600748263 0.509375 0.9166221272047034 0.5109375 0.9166221272047034 0.5125 0.917156600748263 0.5140625 0.917156600748263 0.5171875 0.9203634420096205 0.5265625 0.9208979155531801 0.5265625 0.9214323890967397 0.528125 0.9230358097274185 0.528125 0.9235702832709781 0.5265625 0.9251737039016569 0.5265625 0.9257081774452165 0.525 0.926242650988776 0.525 0.9273115980758952 0.521875 0.9273115980758952 0.509375 0.9267771245323356 0.5078125 0.9257081774452165 0.5078125 0.9251737039016569 0.50625 0.9235702832709781 0.50625 0.9230358097274185 0.5046875
0 0.9225013361838589 0.3015625 0.9219668626402993 0.303125 0.9225013361838589 0.3046875 0.9230358097274185 0.3046875 0.9235702832709781 0.303125 0.9230358097274185 0.3015625
0 0.9246392303580973 0.3203125 0.9235702832709781 0.3234375 0.9235702832709781 0.3296875 0.9241047568145376 0.3296875 0.9251737039016569 0.3328125 0.9267771245323356 0.3328125 0.9278460716194549 0.3296875 0.9278460716194549 0.3234375 0.9267771245323356 0.3203125
0 0.9246392303580973 0.4984375 0.9246392303580973 0.5078125 0.9278460716194549 0.5078125 0.9283805451630144 0.50625 0.9283805451630144 0.5 0.9278460716194549 0.4984375
0 0.928915018706574 0.8703125 0.9278460716194549 0.8734375 0.9278460716194549 0.875 0.9273115980758952 0.8765625 0.9273115980758952 0.878125 0.9278460716194549 0.8796875 0.9278460716194549 0.88125 0.9283805451630144 0.88125 0.928915018706574 0.8828125 0.9294494922501336 0.88125 0.9299839657936932 0.88125 0.931587386424372 0.8765625 0.931587386424372 0.871875 0.9310529128808124 0.8703125
0 0.9321218599679316 0.0 0.9310529128808124 0.0 0.9305184393372528 0.0 0.9305184393372528 0.0046875 0.9326563335114911 0.0109375 0.9353287012292891 0.0109375 0.9369321218599679 0.00625 0.9369321218599679 0.0 0.9363976483164084 0.0 0.9353287012292891 0.0 0.9347942276857295 0.0 0.93425975414217 0.0 0.93425975414217 0.0
0 0.9380010689470871 0.3625 0.9374665954035275 0.3640625 0.9369321218599679 0.3640625 0.9358631747728487 0.3671875 0.9353287012292891 0.3671875 0.9347942276857295 0.36875 0.9347942276857295 0.3703125 0.93425975414217 0.371875 0.93425975414217 0.3765625 0.9347942276857295 0.378125 0.9347942276857295 0.3796875 0.9353287012292891 0.38125 0.9358631747728487 0.38125 0.9363976483164084 0.3828125 0.9385355424906467 0.3828125 0.9390700160342063 0.38125 0.9396044895777659 0.38125 0.9401389631213255 0.3796875 0.9401389631213255 0.378125 0.9406734366648851 0.3765625 0.9406734366648851 0.3703125 0.9401389631213255 0.36875 0.9401389631213255 0.3671875 0.9396044895777659 0.365625 0.9396044895777659 0.3640625 0.9390700160342063 0.3625
0 0.9385355424906467 0.5765625 0.9374665954035275 0.5796875 0.9374665954035275 0.58125 0.9363976483164084 0.584375 0.9363976483164084 0.590625 0.9369321218599679 0.5921875 0.9369321218599679 0.59375 0.9396044895777659 0.6015625 0.9401389631213255 0.6015625 0.9406734366648851 0.603125 0.9412079102084446 0.603125 0.9417423837520043 0.6015625 0.9438802779262426 0.6015625 0.9438802779262426 0.6 0.9449492250133619 0.596875 0.9449492250133619 0.59375 0.9444147514698022 0.5921875 0.9444147514698022 0.5859375 0.9438802779262426 0.584375 0.9438802779262426 0.5828125 0.943345804382683 0.58125 0.9422768572955639 0.58125 0.9412079102084446 0.578125 0.9406734366648851 0.578125 0.9401389631213255 0.5765625
0 0.951362907536077 0.903125 0.9497594869053981 0.9078125 0.9497594869053981 0.9125 0.951362907536077 0.9171875 0.9524318546231961 0.9171875 0.9529663281667557 0.915625 0.9540352752538749 0.915625 0.9551042223409941 0.9125 0.9551042223409941 0.9078125 0.9545697487974345 0.90625 0.9545697487974345 0.9046875 0.9540352752538749 0.9046875 0.9535008017103154 0.903125
0 0.9524318546231961 0.4953125 0.9524318546231961 0.4984375 0.9535008017103154 0.4984375 0.9540352752538749 0.496875 0.9535008017103154 0.4953125
0 0.9535008017103154 0.84375 0.9529663281667557 0.8453125 0.9518973810796365 0.8453125 0.951362907536077 0.846875 0.951362907536077 0.865625 0.9524318546231961 0.865625 0.9529663281667557 0.8640625 0.9551042223409941 0.8640625 0.9561731694281133 0.8609375 0.9561731694281133 0.859375 0.9567076429716729 0.8578125 0.9567076429716729 0.85 0.9561731694281133 0.8484375 0.9561731694281133 0.846875 0.9551042223409941 0.84375
0 0.9593800106894709 0.1 0.9593800106894709 0.103125 0.9588455371459113 0.1046875 0.9588455371459113 0.1140625 0.9593800106894709 0.115625 0.9593800106894709 0.1171875 0.96044895777659 0.1171875 0.9609834313201496 0.11875 0.963121325494388 0.11875 0.9636557990379476 0.1171875 0.9636557990379476 0.115625 0.9641902725815072 0.1140625 0.9641902725815072 0.1015625 0.9636557990379476 0.1015625 0.963121325494388 0.1
0 0.9791555318011759 0.1171875 0.9786210582576162 0.11875 0.9791555318011759 0.1203125 0.980224478888295 0.1203125 0.980224478888295 0.1171875
0 0.9791555318011759 0.3203125 0.9786210582576162 0.321875 0.9786210582576162 0.3234375 0.9780865847140566 0.325 0.9780865847140566 0.33125 0.9786210582576162 0.3328125 0.9791555318011759 0.3328125 0.980224478888295 0.3359375 0.9818278995189738 0.3359375 0.9823623730625334 0.3375 0.982896846606093 0.3359375 0.9834313201496526 0.3359375 0.9845002672367718 0.3328125 0.9845002672367718 0.328125 0.982896846606093 0.3234375 0.9823623730625334 0.3234375 0.9818278995189738 0.321875 0.9812934259754142 0.321875 0.9807589524318546 0.3203125
0 0.9818278995189738 0.628125 0.9818278995189738 0.6296875 0.9823623730625334 0.63125 0.982896846606093 0.63125 0.9834313201496526 0.6296875 0.982896846606093 0.628125
0 0.9861036878674505 0.28125 0.985569214323891 0.2828125 0.9850347407803314 0.2828125 0.982896846606093 0.2890625 0.982896846606093 0.296875 0.9834313201496526 0.2984375 0.9834313201496526 0.3 0.9839657936932121 0.3015625 0.9839657936932121 0.303125 0.9845002672367718 0.3046875 0.9845002672367718 0.30625 0.9850347407803314 0.3078125 0.9871726349545697 0.3078125 0.9877071084981294 0.30625 0.9893105291288081 0.30625 0.9909139497594869 0.3015625 0.9909139497594869 0.290625 0.9903794762159273 0.2890625 0.9903794762159273 0.2875 0.9887760555852485 0.2828125 0.9871726349545697 0.2828125 0.9866381614110101 0.28125
0 0.9871726349545697 0.2234375 0.9866381614110101 0.225 0.9866381614110101 0.2265625 0.9871726349545697 0.228125 0.9877071084981294 0.2265625 0.9882415820416889 0.2265625 0.9882415820416889 0.225 0.9877071084981294 0.2234375
0 0.9871726349545697 0.8609375 0.9866381614110101 0.8625 0.9861036878674505 0.8625 0.9845002672367718 0.8671875 0.9845002672367718 0.86875 0.9866381614110101 0.875 0.9877071084981294 0.875 0.9882415820416889 0.8734375 0.9887760555852485 0.8734375 0.9893105291288081 0.871875 0.9903794762159273 0.871875 0.9909139497594869 0.8703125 0.9909139497594869 0.8640625 0.9898450026723677 0.8640625 0.9887760555852485 0.8609375
0 0.9871726349545697 0.73125 0.9866381614110101 0.7328125 0.9866381614110101 0.7375 0.9871726349545697 0.7390625 0.9871726349545697 0.7421875 0.9877071084981294 0.74375 0.9887760555852485 0.74375 0.9893105291288081 0.7421875 0.9898450026723677 0.7421875 0.9898450026723677 0.740625 0.9903794762159273 0.7390625 0.9903794762159273 0.734375 0.9893105291288081 0.73125
0 0.9951897381079636 0.25 0.994655264564404 0.2515625 0.994655264564404 0.2546875 0.9957242116515232 0.2578125 0.9962586851950829 0.2578125 0.9967931587386424 0.25625 0.9967931587386424 0.25
0 0.9957242116515232 0.115625 0.9951897381079636 0.1171875 0.9951897381079636 0.125 0.9957242116515232 0.1265625 0.9962586851950829 0.1265625 0.9967931587386424 0.128125 0.9978621058257616 0.128125 0.9978621058257616 0.1265625 0.9983965793693212 0.125 0.9983965793693212 0.11875 0.997327632282202 0.115625
0 0.9978621058257616 0.0265625 0.997327632282202 0.028125 0.997327632282202 0.0296875 0.9967931587386424 0.03125 0.9978621058257616 0.034375 0.9994655264564404 0.034375 1.0 0.0328125 1.0 0.0296875 0.9994655264564404 0.028125 0.9994655264564404 0.0265625
