0 0.738281 0.0273438 0.738281 0.0566406 0.751953 0.0566406 0.751953 0.0273438
0 0.457031 0.308594 0.457031 0.326172 0.470703 0.326172 0.470703 0.308594
0 0.566406 0.136719 0.566406 0.166016 0.580078 0.166016 0.580078 0.136719
0 0.285156 0.253906 0.285156 0.291016 0.298828 0.291016 0.298828 0.285156 0.300781 0.283203 0.306641 0.283203 0.306641 0.267578 0.300781 0.267578 0.294922 0.261719 0.294922 0.253906
0 0.488281 0.101562 0.488281 0.109375 0.501953 0.109375 0.501953 0.101562
0 0.332031 0.480469 0.332031 0.498047 0.345703 0.498047 0.345703 0.480469
0 0.441406 0.121094 0.441406 0.138672 0.455078 0.138672 0.455078 0.121094
0 0.769531 0.871094 0.769531 0.886719 0.783203 0.886719 0.783203 0.871094
0 0.488281 0.183594 0.488281 0.199219 0.501953 0.199219 0.501953 0.183594
0 0.457031 0.652344 0.457031 0.681641 0.470703 0.681641 0.470703 0.652344
0 0.722656 0.917969 0.722656 0.947266 0.736328 0.947266 0.736328 0.917969
0 0.628906 0.386719 0.628906 0.416016 0.642578 0.416016 0.642578 0.386719
0 0.144531 0.0429688 0.144531 0.0722656 0.158203 0.0722656 0.158203 0.0429688
0 0.691406 0.105469 0.691406 0.134766 0.705078 0.134766 0.705078 0.105469
0 0.292969 0.722656 0.292969 0.744141 0.306641 0.744141 0.306641 0.722656
0 0.847656 0.0429688 0.847656 0.0722656 0.861328 0.0722656 0.861328 0.0429688
0
0 0.589844 0.285156 0.589844 0.322266 0.601562 0.322266 0.601562 0.3125 0.605469 0.308594 0.611328 0.308594 0.611328 0.294922 0.605469 0.294922 0.601562 0.291016 0.601562 0.285156
0 0.488281 0.433594 0.488281 0.453125 0.501953 0.453125 0.501953 0.433594
0 0.222656 0.519531 0.222656 0.556641 0.236328 0.556641 0.236328 0.519531
0 0.644531 0.332031 0.644531 0.339844 0.658203 0.339844 0.658203 0.332031
0 0.316406 0.621094 0.316406 0.650391 0.330078 0.650391 0.330078 0.621094
0 0.457031 0.179688 0.457031 0.181641 0.470703 0.181641 0.470703 0.179688
0 0.753906 0.886719 0.753906 0.902344 0.767578 0.902344 0.767578 0.886719
0 0.300781 0.449219 0.300781 0.46875 0.314453 0.46875 0.314453 0.449219
0 0.566406 0.824219 0.566406 0.845703 0.580078 0.845703 0.580078 0.824219
0 0.113281 0.355469 0.113281 0.375 0.126953 0.375 0.126953 0.355469
0 0.597656 0.457031 0.597656 0.478516 0.611328 0.478516 0.611328 0.457031
0 0.605469 0.753906 0.605469 0.769531 0.619141 0.769531 0.619141 0.753906
0 0.605469 0.722656 0.605469 0.75 0.619141 0.75 0.619141 0.722656
0 0.542969 0.246094 0.542969 0.267578 0.556641 0.267578 0.556641 0.246094
0 0.0976562 0.136719 0.0976562 0.166016 0.111328 0.166016 0.111328 0.136719
0 0.722656 0.308594 0.722656 0.330078 0.736328 0.330078 0.736328 0.308594
0
0 0.332031 0.183594 0.332031 0.212891 0.345703 0.212891 0.345703 0.183594
0
0 0.292969 0.0742188 0.292969 0.0917969 0.306641 0.0917969 0.306641 0.0742188
0 0.316406 0.230469 0.316406 0.259766 0.330078 0.259766 0.330078 0.230469
0 0.597656 0.128906 0.597656 0.164062 0.611328 0.164062 0.611328 0.128906
0 0.0195312 0.246094 0.0195312 0.267578 0.0332031 0.267578 0.0332031 0.246094
0 0.566406 0.0273438 0.566406 0.0527344 0.572266 0.0527344 0.576172 0.0488281 0.576172 0.0273438
0 0.316406 0.519531 0.316406 0.525391 0.330078 0.525391 0.330078 0.519531
0 0.628906 0.753906 0.628906 0.791016 0.642578 0.791016 0.642578 0.753906
0 0.0507812 0.449219 0.0507812 0.464844 0.0644531 0.464844 0.0644531 0.449219
0 0.0585938 0.0273438 0.0585938 0.0546875 0.0644531 0.0546875 0.0664062 0.0527344 0.0664062 0.0507812 0.0683594 0.0488281 0.0683594 0.0410156 0.0703125 0.0390625 0.0703125 0.0273438
0 0.0664062 0.605469 0.0664062 0.626953 0.0800781 0.626953 0.0800781 0.605469
0 0.886719 0.761719 0.886719 0.791016 0.896484 0.791016 0.896484 0.775391 0.898438 0.773438 0.898438 0.761719
0 0.792969 0.162109 0.792969 0.173828 0.806641 0.173828 0.806641 0.162109
0 0.292969 0.0976562 0.292969 0.123047 0.306641 0.123047 0.306641 0.0976562
0 0.300781 0.925781 0.300781 0.933594 0.314453 0.933594 0.314453 0.925781
0 0.207031 0.777344 0.207031 0.796875 0.220703 0.796875 0.220703 0.777344
0 0.957031 0.136719 0.957031 0.144531 0.970703 0.144531 0.970703 0.136719
0 0.488281 0.136719 0.488281 0.152344 0.501953 0.152344 0.501953 0.136719
0
0 0.0429688 0.324219 0.0429688 0.339844 0.0566406 0.339844 0.0566406 0.324219
0 0.191406 0.0585938 0.191406 0.0742188 0.205078 0.0742188 0.205078 0.0585938
0 0.332031 0.685547 0.332031 0.697266 0.345703 0.697266 0.345703 0.685547
0 0.722656 0.621094 0.722656 0.638672 0.736328 0.638672 0.736328 0.621094
0 0.332031 0.255859 0.332031 0.261719 0.345703 0.261719 0.345703 0.255859
0 0.355469 0.941406 0.355469 0.966797 0.369141 0.966797 0.369141 0.941406
0 0.582031 0.933594 0.582031 0.962891 0.595703 0.962891 0.595703 0.933594
0 0.449219 0.353516 0.449219 0.361328 0.462891 0.361328 0.462891 0.353516
0 0.425781 0.605469 0.425781 0.621094 0.439453 0.621094 0.439453 0.605469
0
0
0 0.566406 0.925781 0.566406 0.951172 0.580078 0.951172 0.580078 0.925781
0 0.769531 0.277344 0.769531 0.306641 0.783203 0.306641 0.783203 0.277344
0 0.675781 0.363281 0.675781 0.388672 0.689453 0.388672 0.689453 0.363281
0 0.300781 0.527344 0.300781 0.556641 0.314453 0.556641 0.314453 0.527344
0
0 0.699219 0.746094 0.699219 0.763672 0.712891 0.763672 0.712891 0.746094
0 0.535156 0.832031 0.535156 0.841797 0.548828 0.841797 0.548828 0.832031
0 0.722656 0.761719 0.722656 0.777344 0.736328 0.777344 0.736328 0.761719
0 0.925781 0.339844 0.925781 0.357422 0.939453 0.357422 0.939453 0.339844
0 0.847656 0.128906 0.847656 0.15625 0.861328 0.15625 0.861328 0.128906
0
0 0.269531 0.339844 0.269531 0.347656 0.283203 0.347656 0.283203 0.339844
0 0.207031 0.269531 0.207031 0.287109 0.212891 0.287109 0.214844 0.285156 0.214844 0.283203 0.216797 0.28125 0.216797 0.277344 0.21875 0.275391 0.21875 0.269531
0 0.457031 0.605469 0.457031 0.630859 0.470703 0.630859 0.470703 0.605469
0 0.394531 0.199219 0.394531 0.224609 0.408203 0.224609 0.408203 0.199219
0 0.332031 0.714844 0.332031 0.740234 0.345703 0.740234 0.345703 0.714844
0 0.410156 0.222656 0.410156 0.248047 0.423828 0.248047 0.423828 0.222656
0 0.363281 0.253906 0.363281 0.273438 0.376953 0.273438 0.376953 0.253906
0 0.574219 0.347656 0.574219 0.363281 0.587891 0.363281 0.587891 0.347656
0 0.878906 0.144531 0.878906 0.166016 0.892578 0.166016 0.892578 0.144531
0 0.160156 0.402344 0.160156 0.410156 0.173828 0.410156 0.173828 0.402344
0 0.957031 0.589844 0.957031 0.613281 0.970703 0.613281 0.970703 0.589844
0 0.160156 0.451172 0.160156 0.466797 0.173828 0.466797 0.173828 0.451172
0 0.910156 0.326172 0.910156 0.341797 0.923828 0.341797 0.923828 0.326172
0 0.292969 0.691406 0.292969 0.707031 0.306641 0.707031 0.306641 0.691406
0 0.378906 0.246094 0.378906 0.253906 0.392578 0.253906 0.392578 0.246094
0
0 0.605469 0.878906 0.605469 0.896484 0.619141 0.896484 0.619141 0.878906
0 0.253906 0.574219 0.253906 0.589844 0.267578 0.589844 0.267578 0.574219
0 0.0117188 0.292969 0.0117188 0.330078 0.0195312 0.330078 0.0195312 0.322266 0.0214844 0.320312 0.0214844 0.318359 0.0234375 0.316406 0.0234375 0.308594 0.0214844 0.306641 0.0214844 0.292969
0 0.816406 0.300781 0.816406 0.337891 0.830078 0.337891 0.830078 0.300781
0 0.128906 0.0351562 0.128906 0.0566406 0.142578 0.0566406 0.142578 0.0351562
0 0.863281 0.175781 0.863281 0.181641 0.876953 0.181641 0.876953 0.175781
0 0.761719 0.503906 0.761719 0.521484 0.775391 0.521484 0.775391 0.503906
0 0.691406 0.855469 0.691406 0.884766 0.705078 0.884766 0.705078 0.855469
0 0.261719 0.230469 0.261719 0.238281 0.275391 0.238281 0.275391 0.230469
0 0.574219 0.296875 0.574219 0.322266 0.587891 0.322266 0.587891 0.296875
0
0 0.0742188 0.535156 0.0742188 0.550781 0.0878906 0.550781 0.0878906 0.535156
0 0.167969 0.246094 0.167969 0.275391 0.177734 0.275391 0.177734 0.265625 0.179688 0.263672 0.179688 0.246094
0 0.167969 0.222656 0.167969 0.240234 0.181641 0.240234 0.181641 0.222656
0 0.386719 0.738281 0.386719 0.769531 0.400391 0.769531 0.400391 0.738281
0 0.582031 0.128906 0.582031 0.144531 0.595703 0.144531 0.595703 0.128906
0 0.191406 0.152344 0.191406 0.166016 0.205078 0.166016 0.205078 0.152344
0 0.113281 0.214844 0.113281 0.228516 0.126953 0.228516 0.126953 0.214844
0 0.394531 0.394531 0.394531 0.431641 0.408203 0.431641 0.408203 0.394531
0 0.582031 0.808594 0.582031 0.826172 0.595703 0.826172 0.595703 0.808594
0
0 0.738281 0.644531 0.738281 0.660156 0.751953 0.660156 0.751953 0.644531
0
0 0.910156 0.855469 0.910156 0.878906 0.923828 0.878906 0.923828 0.855469
0 0.449219 0.730469 0.449219 0.751953 0.462891 0.751953 0.462891 0.730469
0 0.175781 0.824219 0.175781 0.853516 0.189453 0.853516 0.189453 0.824219
0 0.894531 0.230469 0.894531 0.251953 0.908203 0.251953 0.908203 0.230469
0 0.644531 0.464844 0.644531 0.472656 0.658203 0.472656 0.658203 0.464844
0 0.636719 0.605469 0.636719 0.630859 0.650391 0.630859 0.650391 0.605469
0 0.667969 0.253906 0.667969 0.271484 0.681641 0.271484 0.681641 0.253906
0 0.0351562 0.542969 0.0351562 0.560547 0.0488281 0.560547 0.0488281 0.542969
0 0.0351562 0.0742188 0.0351562 0.0898438 0.0488281 0.0898438 0.0488281 0.0742188
0 0.878906 0.730469 0.878906 0.751953 0.892578 0.751953 0.892578 0.730469
0 0.222656 0.605469 0.222656 0.623047 0.236328 0.623047 0.236328 0.605469
0 0.0195312 0.894531 0.0195312 0.919922 0.0332031 0.919922 0.0332031 0.894531
0 0.605469 0.167969 0.605469 0.185547 0.619141 0.185547 0.619141 0.167969
0
0 0.878906 0.808594 0.878906 0.845703 0.892578 0.845703 0.892578 0.808594
0 0.425781 0.0585938 0.425781 0.0742188 0.439453 0.0742188 0.439453 0.0585938
0 0.0820312 0.0976562 0.0820312 0.123047 0.0957031 0.123047 0.0957031 0.0976562
0 0.769531 0.324219 0.769531 0.337891 0.783203 0.337891 0.783203 0.324219
0 0.800781 0.337891 0.800781 0.339844 0.814453 0.339844 0.814453 0.337891
0
0 0.847656 0.566406 0.847656 0.580078 0.861328 0.580078 0.861328 0.566406
0 0.292969 0.214844 0.292969 0.232422 0.306641 0.232422 0.306641 0.214844
0 0.238281 0.738281 0.238281 0.75 0.251953 0.75 0.251953 0.738281
0 0.738281 0.597656 0.738281 0.626953 0.751953 0.626953 0.751953 0.597656
0 0.972656 0.0429688 0.972656 0.0585938 0.986328 0.0585938 0.986328 0.0429688
0 0.910156 0.136719 0.910156 0.173828 0.923828 0.173828 0.923828 0.136719
0 0.191406 0.316406 0.191406 0.353516 0.205078 0.353516 0.205078 0.316406
0 0.582031 0.769531 0.582031 0.806641 0.595703 0.806641 0.595703 0.769531
0 0.441406 0.464844 0.441406 0.476562 0.455078 0.476562 0.455078 0.464844
0
0 0.667969 0.777344 0.667969 0.806641 0.681641 0.806641 0.681641 0.777344
0 0.980469 0.511719 0.980469 0.525391 0.994141 0.525391 0.994141 0.511719
0 0.761719 0.253906 0.761719 0.277344 0.775391 0.277344 0.775391 0.253906
0 0.0742188 0.324219 0.0742188 0.345703 0.0878906 0.345703 0.0878906 0.324219
0 0.230469 0.386719 0.230469 0.396484 0.244141 0.396484 0.244141 0.386719
0 0.925781 0.603516 0.939453 0.603516
0 0.691406 0.605469 0.691406 0.619141 0.705078 0.619141 0.705078 0.605469
0 0.753906 0.683594 0.753906 0.720703 0.767578 0.720703 0.767578 0.683594
0 0.957031 0.363281 0.957031 0.392578 0.970703 0.392578 0.970703 0.363281
0 0.230469 0.308594 0.230469 0.333984 0.244141 0.333984 0.244141 0.308594
0 0.722656 0.472656 0.722656 0.486328 0.736328 0.486328 0.736328 0.472656
0 0.839844 0.652344 0.839844 0.673828 0.853516 0.673828 0.853516 0.652344
0 0.925781 0.167969 0.925781 0.205078 0.931641 0.205078 0.931641 0.199219 0.933594 0.197266 0.933594 0.191406 0.935547 0.189453 0.933594 0.1875 0.933594 0.179688 0.935547 0.177734 0.935547 0.167969
0 0.691406 0.332031 0.691406 0.361328 0.705078 0.361328 0.705078 0.332031
0 0.753906 0.191406 0.753906 0.210938 0.767578 0.210938 0.767578 0.191406
0 0.941406 0.410156 0.941406 0.447266 0.955078 0.447266 0.955078 0.410156
0 0.394531 0.652344 0.394531 0.681641 0.408203 0.681641 0.408203 0.652344
0 0.386719 0.347656 0.386719 0.384766 0.400391 0.384766 0.400391 0.347656
0 0.550781 0.191406 0.550781 0.205078 0.564453 0.205078 0.564453 0.191406
0
0 0.667969 0.472656 0.667969 0.490234 0.681641 0.490234 0.681641 0.472656
0 0.285156 0.394531 0.285156 0.404297 0.298828 0.404297 0.298828 0.394531
0 0.253906 0.699219 0.253906 0.716797 0.267578 0.716797 0.267578 0.699219
0 0.660156 0.167969 0.660156 0.205078 0.673828 0.205078 0.673828 0.167969
0 0.261719 0.285156 0.261719 0.298828 0.275391 0.298828 0.275391 0.285156
0 0.0976562 0.0429688 0.0976562 0.0722656 0.111328 0.0722656 0.111328 0.0429688
0 0.347656 0.308594 0.347656 0.320312 0.361328 0.320312 0.361328 0.308594
0 0.800781 0.253906 0.800781 0.261719 0.814453 0.261719 0.814453 0.253906
0 0.824219 0.941406 0.824219 0.966797 0.837891 0.966797 0.837891 0.941406
0 0.910156 0.0742188 0.910156 0.0898438 0.923828 0.0898438 0.923828 0.0742188
0
0 0.574219 0.597656 0.574219 0.619141 0.587891 0.619141 0.587891 0.597656
0 0.980469 0.792969 0.980469 0.814453 0.994141 0.814453 0.994141 0.792969
0 0.636719 0.910156 0.636719 0.917969 0.650391 0.917969 0.650391 0.910156
0 0.480469 0.621094 0.480469 0.658203 0.494141 0.658203 0.494141 0.621094
0 0.519531 0.691406 0.519531 0.71875 0.533203 0.71875 0.533203 0.691406
0 0.0429688 0.621094 0.0429688 0.636719 0.0566406 0.636719 0.0566406 0.621094
0 0.160156 0.902344 0.160156 0.931641 0.173828 0.931641 0.173828 0.902344
0 0.0976562 0.863281 0.0976562 0.878906 0.111328 0.878906 0.111328 0.863281
0 0.0976562 0.417969 0.0976562 0.439453 0.111328 0.439453 0.111328 0.417969
0 0.324219 0.0429688 0.324219 0.0625 0.337891 0.0625 0.337891 0.0429688
0 0.378906 0.519531 0.378906 0.548828 0.392578 0.548828 0.392578 0.519531
0 0.167969 0.496094 0.167969 0.517578 0.181641 0.517578 0.181641 0.496094
0 0.167969 0.871094 0.167969 0.900391 0.181641 0.900391 0.181641 0.871094
0 0.699219 0.511719 0.699219 0.535156 0.712891 0.535156 0.712891 0.511719
0 0.480469 0.589844 0.480469 0.619141 0.494141 0.619141 0.494141 0.589844
0 0.292969 0.558594 0.292969 0.585938 0.306641 0.585938 0.306641 0.558594
0 0.582031 0.0429688 0.582031 0.0722656 0.595703 0.0722656 0.595703 0.0429688
0 0.449219 0.0273438 0.449219 0.046875 0.462891 0.046875 0.462891 0.0273438
0 0.761719 0.292969 0.761719 0.310547 0.775391 0.310547 0.775391 0.292969
0 0.660156 0.949219 0.660156 0.978516 0.673828 0.978516 0.673828 0.949219
0 0.886719 0.230469 0.886719 0.244141 0.900391 0.244141 0.900391 0.230469
0 0.667969 0.503906 0.667969 0.541016 0.681641 0.541016 0.681641 0.503906
0 0.503906 0.691406 0.503906 0.720703 0.517578 0.720703 0.517578 0.691406
0 0.613281 0.449219 0.613281 0.478516 0.626953 0.478516 0.626953 0.449219
0 0.925781 0.0351562 0.925781 0.0527344 0.939453 0.0527344 0.939453 0.0351562
0 0.613281 0.113281 0.613281 0.128906 0.626953 0.128906 0.626953 0.113281
0 0.191406 0.285156 0.191406 0.310547 0.205078 0.310547 0.205078 0.285156
0 0.738281 0.542969 0.738281 0.558594 0.751953 0.558594 0.751953 0.542969
0 0.332031 0.847656 0.332031 0.873047 0.345703 0.873047 0.345703 0.847656
0 0.925781 0.136719 0.925781 0.158203 0.939453 0.158203 0.939453 0.136719
0 0.753906 0.589844 0.753906 0.615234 0.767578 0.615234 0.767578 0.589844
0 0.511719 0.574219 0.511719 0.59375 0.525391 0.59375 0.525391 0.574219
0
0 0.0664062 0.136719 0.0664062 0.148438 0.0800781 0.148438 0.0800781 0.136719
0 0.785156 0.0898438 0.785156 0.107422 0.798828 0.107422 0.798828 0.0898438
0 0.511719 0.878906 0.511719 0.902344 0.525391 0.902344 0.525391 0.878906
0 0.222656 0.0664062 0.222656 0.0957031 0.236328 0.0957031 0.236328 0.0664062
0 0.699219 0.699219 0.699219 0.712891 0.712891 0.712891 0.712891 0.699219
0 0.378906 0.191406 0.378906 0.220703 0.392578 0.220703 0.392578 0.191406
0 0.292969 0.628906 0.292969 0.658203 0.306641 0.658203 0.306641 0.628906
0 0.503906 0.0507812 0.503906 0.0664062 0.517578 0.0664062 0.517578 0.0507812
0 0.472656 0.769531 0.472656 0.792969 0.486328 0.792969 0.486328 0.769531
0 0.964844 0.605469 0.964844 0.642578 0.972656 0.642578 0.972656 0.634766 0.974609 0.632812 0.974609 0.625 0.976562 0.623047 0.976562 0.617188 0.978516 0.615234 0.978516 0.605469
0
0 0.449219 0.410156 0.449219 0.439453 0.462891 0.439453 0.462891 0.410156
0 0.316406 0.457031 0.316406 0.486328 0.330078 0.486328 0.330078 0.457031
0 0.925781 0.824219 0.925781 0.861328 0.939453 0.861328 0.939453 0.824219
0 0.582031 0.566406 0.582031 0.580078 0.595703 0.580078 0.595703 0.566406
0 0.261719 0.0429688 0.261719 0.0664062 0.275391 0.0664062 0.275391 0.0429688
0 0.660156 0.0585938 0.660156 0.0800781 0.673828 0.0800781 0.673828 0.0585938
0 0.378906 0.410156 0.378906 0.439453 0.386719 0.439453 0.386719 0.433594 0.388672 0.431641 0.388672 0.410156
0 0.535156 0.308594 0.535156 0.337891 0.548828 0.337891 0.548828 0.308594
0 0.472656 0.152344 0.472656 0.177734 0.486328 0.177734 0.486328 0.152344
0 0.347656 0.169922 0.347656 0.179688 0.361328 0.179688 0.361328 0.169922
0 0.660156 0.105469 0.660156 0.142578 0.673828 0.142578 0.673828 0.105469
0 0.785156 0.324219 0.785156 0.353516 0.798828 0.353516 0.798828 0.324219
0 0.128906 0.519531 0.128906 0.544922 0.142578 0.544922 0.142578 0.519531
0 0.910156 0.269531 0.910156 0.292969 0.923828 0.292969 0.923828 0.269531
0 0.472656 0.271484 0.472656 0.291016 0.486328 0.291016 0.486328 0.271484
0
0 0.0742188 0.433594 0.0742188 0.462891 0.0878906 0.462891 0.0878906 0.433594
0 0.222656 0.0351562 0.222656 0.0644531 0.236328 0.0644531 0.236328 0.0351562
0 0.285156 0.324219 0.285156 0.345703 0.298828 0.345703 0.298828 0.324219
0
0 0.832031 0.0742188 0.832031 0.111328 0.845703 0.111328 0.845703 0.0742188
0 0.566406 0.464844 0.566406 0.484375 0.580078 0.484375 0.580078 0.464844
0 0.0195312 0.207031 0.0195312 0.228516 0.0332031 0.228516 0.0332031 0.207031
0 0.519531 0.519531 0.519531 0.548828 0.533203 0.548828 0.533203 0.519531
0 0.222656 0.246094 0.222656 0.267578 0.236328 0.267578 0.236328 0.246094
0 0.761719 0.363281 0.761719 0.400391 0.775391 0.400391 0.775391 0.363281
0 0.503906 0.308594 0.503906 0.330078 0.517578 0.330078 0.517578 0.308594
0
0 0.0195312 0.144531 0.0195312 0.173828 0.0332031 0.173828 0.0332031 0.144531
0 0.730469 0.949219 0.730469 0.958984 0.744141 0.958984 0.744141 0.949219
0
0 0.636719 0.0429688 0.636719 0.0625 0.650391 0.0625 0.650391 0.0429688
0
0 0.582031 0.480469 0.582031 0.517578 0.595703 0.517578 0.595703 0.480469
0 0.285156 0.660156 0.285156 0.6875 0.298828 0.6875 0.298828 0.660156
0 0.769531 0.457031 0.769531 0.472656 0.777344 0.472656 0.779297 0.470703 0.779297 0.46875 0.78125 0.466797 0.78125 0.457031
0
0
0 0.972656 0.105469 0.972656 0.123047 0.986328 0.123047 0.986328 0.105469
0 0.785156 0.652344 0.785156 0.681641 0.798828 0.681641 0.798828 0.652344
0
0 0.488281 0.871094 0.488281 0.896484 0.501953 0.896484 0.501953 0.871094
0 0.957031 0.0820312 0.957031 0.111328 0.966797 0.111328 0.966797 0.0996094 0.96875 0.0976562 0.96875 0.0820312
0 0.199219 0.941406 0.199219 0.949219 0.212891 0.949219 0.212891 0.941406
0 0.136719 0.269531 0.136719 0.292969 0.150391 0.292969 0.150391 0.269531
0 0.378906 0.582031 0.378906 0.607422 0.392578 0.607422 0.392578 0.582031
0
0 0.199219 0.871094 0.199219 0.900391 0.212891 0.900391 0.212891 0.871094
0 0.925781 0.925781 0.925781 0.955078 0.931641 0.955078 0.931641 0.947266 0.933594 0.945312 0.933594 0.941406 0.935547 0.939453 0.935547 0.925781
0 0.582031 0.417969 0.582031 0.447266 0.595703 0.447266 0.595703 0.417969
0
0 0.457031 0.464844 0.457031 0.484375 0.470703 0.484375 0.470703 0.464844
0
0 0.957031 0.699219 0.957031 0.728516 0.970703 0.728516 0.970703 0.699219
0 0.535156 0.0820312 0.535156 0.119141 0.542969 0.119141 0.542969 0.107422 0.544922 0.105469 0.544922 0.0917969 0.542969 0.0898438 0.542969 0.0820312
0 0.816406 0.222656 0.816406 0.242188 0.830078 0.242188 0.830078 0.222656
0
0 0.488281 0.472656 0.488281 0.501953 0.501953 0.501953 0.501953 0.472656
0 0.0664062 0.855469 0.0664062 0.875 0.0800781 0.875 0.0800781 0.855469
0 0.167969 0.332031 0.167969 0.351562 0.181641 0.351562 0.181641 0.332031
0 0.347656 0.582031 0.347656 0.601562 0.361328 0.601562 0.361328 0.582031
0 0.550781 0.621094 0.550781 0.628906 0.564453 0.628906 0.564453 0.621094
0 0.441406 0.746094 0.441406 0.769531 0.455078 0.769531 0.455078 0.746094
0 0.0976562 0.832031 0.0976562 0.845703 0.111328 0.845703 0.111328 0.832031
0 0.0664062 0.214844 0.0664062 0.220703 0.0800781 0.220703 0.0800781 0.214844
0 0.847656 0.285156 0.847656 0.314453 0.861328 0.314453 0.861328 0.285156
0 0.542969 0.599609 0.542969 0.605469 0.556641 0.605469 0.556641 0.599609
0 0.910156 0.746094 0.910156 0.783203 0.916016 0.783203 0.916016 0.773438 0.917969 0.771484 0.917969 0.767578 0.919922 0.765625 0.919922 0.761719 0.921875 0.759766 0.921875 0.746094
0 0.730469 0.238281 0.730469 0.275391 0.744141 0.275391 0.744141 0.238281
0 0.910156 0.527344 0.910156 0.535156 0.923828 0.535156 0.923828 0.527344
0 0.488281 0.292969 0.488281 0.330078 0.501953 0.330078 0.501953 0.292969
0 0.441406 0.535156 0.441406 0.552734 0.455078 0.552734 0.455078 0.535156
0 0.0664062 0.550781 0.0664062 0.5625 0.0800781 0.5625 0.0800781 0.550781
0 0.878906 0.933594 0.878906 0.970703 0.892578 0.970703 0.892578 0.933594
0 0.660156 0.765625 0.660156 0.773438 0.673828 0.773438 0.673828 0.765625
0 0.761719 0.636719 0.761719 0.666016 0.775391 0.666016 0.775391 0.636719
0
0 0.0195312 0.753906 0.0195312 0.771484 0.0332031 0.771484 0.0332031 0.753906
0 0.613281 0.269531 0.613281 0.292969 0.626953 0.292969 0.626953 0.269531
0
